"P1" "P2" "P3" "P4" "P5" "P6" "P7"
1 0.67741935483871 0.652482269503546 0.826923076923077 0.938931297709924 0.851428571428571 1
1 0.32258064516129 0.701351351351351 0.936073059360731 0.847795163584637 0.996870109546166 1
1 0.32258064516129 0.701351351351351 0.936073059360731 0.147937411095306 1 1
1 0.32258064516129 0.701351351351351 0.936073059360731 0.0042674253200569 0.579759862778731 1
1 0.67741935483871 0.652482269503546 0.826923076923077 0.0610687022900763 0.551724137931034 1
1 0.67741935483871 0.652482269503546 0.826923076923077 0.0610687022900763 0.448275862068966 1
1 0.32258064516129 0.701351351351351 0.936073059360731 0.0042674253200569 0.420240137221269 1
1 0.32258064516129 0.701351351351351 0.936073059360731 0.847795163584637 0.00312989045383412 1
1 0.67741935483871 0.652482269503546 0.826923076923077 0.938931297709924 0.148571428571429 1
