"P1" "P2" "P3" "P4" "P5" "P6" "P7"
1 0.717987804878049 0.60748959778086 0.862654320987654 0.940729483282675 0.916030534351145 1
1 0.282012195121951 0.760772659732541 0.940729483282675 0.916030534351145 1 1
1 0.282012195121951 0.760772659732541 0.940729483282675 0.083969465648855 0.9984375 1
1 0.717987804878049 0.60748959778086 0.862654320987654 0.0577507598784195 0.556509298998569 1
1 0.717987804878049 0.60748959778086 0.862654320987654 0.00151975683890578 0.764359351988218 1
1 0.717987804878049 0.60748959778086 0.862654320987654 0.00151975683890578 0.235640648011782 1
1 0.717987804878049 0.60748959778086 0.862654320987654 0.0577507598784195 0.443490701001431 1
1 0.282012195121951 0.760772659732541 0.940729483282675 0.083969465648855 0.0015625 1
1 0.717987804878049 0.60748959778086 0.862654320987654 0.940729483282675 0.083969465648855 1
