"P1" "P2" "P3" "P4" "P5" "P6" "P7"
1 0.729041916167665 0.612446958981612 0.824742268041237 0.945454545454545 0.900900900900901 1
1 0.270958083832335 0.733231707317073 0.945454545454545 0.900900900900901 1 1
1 0.270958083832335 0.733231707317073 0.945454545454545 0.0990990990990991 0.996875 1
1 0.729041916167665 0.612446958981612 0.824742268041237 0.053030303030303 0.560455192034139 1
1 0.729041916167665 0.612446958981612 0.824742268041237 0.00151515151515152 0.810264385692068 1
1 0.729041916167665 0.612446958981612 0.824742268041237 0.00151515151515152 0.189735614307932 1
1 0.729041916167665 0.612446958981612 0.824742268041237 0.053030303030303 0.439544807965861 1
1 0.270958083832335 0.733231707317073 0.945454545454545 0.0990990990990991 0.003125 1
1 0.729041916167665 0.612446958981612 0.824742268041237 0.945454545454545 0.0990990990990991 1
