"P1" "P2" "P3" "P4" "P5" "P6" "P7"
1 0.666666666666667 0.665648854961832 0.824483775811209 0.966666666666667 0.855714285714286 1
1 0.333333333333333 0.7484375 0.965204236006051 0.854493580599144 0.9984375 1
1 0.333333333333333 0.7484375 0.965204236006051 0.144079885877318 1 1
1 0.333333333333333 0.7484375 0.965204236006051 0.0014265335235378 0.510466988727858 1
1 0.666666666666667 0.665648854961832 0.824483775811209 0.0333333333333333 0.560627674750357 1
1 0.666666666666667 0.665648854961832 0.824483775811209 0.0333333333333333 0.439372325249643 1
1 0.333333333333333 0.7484375 0.965204236006051 0.0014265335235378 0.489533011272142 1
1 0.333333333333333 0.7484375 0.965204236006051 0.854493580599144 0.0015625 1
1 0.666666666666667 0.665648854961832 0.824483775811209 0.966666666666667 0.144285714285714 1
