"P1" "P2" "P3" "P4" "P5" "P6" "P7"
1 0.706153846153846 0.635542168674699 0.875389408099688 0.955089820359281 0.904833836858006 1
1 0.293846153846154 0.760479041916168 0.955089820359281 0.903469079939668 1 1
1 0.293846153846154 0.760479041916168 0.955089820359281 0.0950226244343891 0.9984375 1
1 0.293846153846154 0.760479041916168 0.955089820359281 0.00150829562594268 0.573070607553366 1
1 0.706153846153846 0.635542168674699 0.875389408099688 0.0449101796407186 0.560171919770774 1
1 0.706153846153846 0.635542168674699 0.875389408099688 0.0449101796407186 0.439828080229226 1
1 0.293846153846154 0.760479041916168 0.955089820359281 0.00150829562594268 0.426929392446634 1
1 0.293846153846154 0.760479041916168 0.955089820359281 0.0950226244343891 0.0015625 1
1 0.706153846153846 0.635542168674699 0.875389408099688 0.955089820359281 0.095166163141994 1
