"P1" "P2" "P3" "P4" "P5" "P6" "P7"
1 0.675226586102719 0.607352941176471 0.823529411764706 0.9375 0.850640113798009 1
1 0.324773413897281 0.688741721854305 0.9375 0.849431818181818 1 1
1 0.324773413897281 0.688741721854305 0.9375 0.149147727272727 0.998435054773083 1
1 0.324773413897281 0.688741721854305 0.9375 0.00142045454545455 0.565445026178011 1
1 0.675226586102719 0.607352941176471 0.823529411764706 0.0625 0.553191489361702 1
1 0.675226586102719 0.607352941176471 0.823529411764706 0.0625 0.446808510638298 1
1 0.324773413897281 0.688741721854305 0.9375 0.00142045454545455 0.43455497382199 1
1 0.324773413897281 0.688741721854305 0.9375 0.149147727272727 0.00156494522691706 1
1 0.675226586102719 0.607352941176471 0.823529411764706 0.9375 0.149359886201991 1
