"P1" "P2" "P3" "P4" "P5" "P6" "P7"
1 0.732330827067669 0.630591630591631 0.824742268041237 0.968085106382979 0.904689863842663 1
1 0.267669172932331 0.747286821705426 0.966616084977238 0.903323262839879 0.9984375 1
1 0.267669172932331 0.747286821705426 0.966616084977238 0.095166163141994 1 1
1 0.267669172932331 0.747286821705426 0.966616084977238 0.00151057401812689 0.592592592592593 1
1 0.732330827067669 0.630591630591631 0.824742268041237 0.0319148936170213 0.557142857142857 1
1 0.732330827067669 0.630591630591631 0.824742268041237 0.0319148936170213 0.442857142857143 1
1 0.267669172932331 0.747286821705426 0.966616084977238 0.00151057401812689 0.407407407407407 1
1 0.267669172932331 0.747286821705426 0.966616084977238 0.903323262839879 0.0015625 1
1 0.732330827067669 0.630591630591631 0.824742268041237 0.968085106382979 0.0953101361573374 1
