"P1" "P2" "P3" "P4" "P5" "P6" "P7"
1 0.690751445086705 0.684782608695652 0.841867469879518 0.934782608695652 0.900602409638554 1
1 0.309248554913295 0.7484375 0.930448222565688 0.899248120300752 1 1
1 0.309248554913295 0.7484375 0.930448222565688 0.0992481203007519 0.9984375 1
1 0.309248554913295 0.7484375 0.930448222565688 0.00150375939849624 0.543269230769231 1
1 0.690751445086705 0.684782608695652 0.841867469879518 0.0652173913043478 0.560975609756098 1
1 0.690751445086705 0.684782608695652 0.841867469879518 0.0652173913043478 0.439024390243902 1
1 0.309248554913295 0.7484375 0.930448222565688 0.00150375939849624 0.456730769230769 1
1 0.309248554913295 0.7484375 0.930448222565688 0.0992481203007519 0.0015625 1
1 0.690751445086705 0.684782608695652 0.841867469879518 0.934782608695652 0.0993975903614458 1
