"P1" "P2" "P3" "P4" "P5" "P6" "P7"
1 0.454081632653061 0.75070821529745 0.894308943089431 0.994782608695652 0.681381957773513 1
1 0.339285714285714 0.996879875195008 0.762962962962963 0.928213689482471 0.921273031825796 1
1 0.339285714285714 0.996879875195008 0.762962962962963 0.0651085141903172 0.747107438016529 1
1 0.339285714285714 0.996879875195008 0.762962962962963 0.00667779632721202 0.961061946902655 1
1 0.454081632653061 0.75070821529745 0.894308943089431 0.00521739130434783 1 1
1 0.339285714285714 0.996879875195008 0.762962962962963 0.00667779632721202 0.0389380530973451 1
1 0.339285714285714 0.996879875195008 0.762962962962963 0.0651085141903172 0.252892561983471 1
1 0.339285714285714 0.996879875195008 0.762962962962963 0.928213689482471 0.0787269681742044 1
1 0.454081632653061 0.75070821529745 0.894308943089431 0.994782608695652 0.318618042226488 1
