"P1" "P2" "P3" "P4" "P5" "P6" "P7"
1 0.472727272727273 0.790087463556851 0.891547049441786 0.991554054054054 0.708185053380783 1
1 0.338461538461538 0.998435054773083 0.722532588454376 0.914239482200647 0.907617504051864 1
1 0.338461538461538 0.998435054773083 0.722532588454376 0.06957928802589 0.762458471760797 1
1 0.338461538461538 0.998435054773083 0.722532588454376 0.0161812297734628 0.936772046589018 1
1 0.472727272727273 0.790087463556851 0.891547049441786 0.00844594594594595 1 1
1 0.338461538461538 0.998435054773083 0.722532588454376 0.0161812297734628 0.0632279534109817 1
1 0.338461538461538 0.998435054773083 0.722532588454376 0.06957928802589 0.237541528239203 1
1 0.338461538461538 0.998435054773083 0.722532588454376 0.914239482200647 0.0923824959481361 1
1 0.472727272727273 0.790087463556851 0.891547049441786 0.991554054054054 0.291814946619217 1
