"P1" "P2" "P3" "P4" "P5" "P6" "P7"
1 0.461852861035422 0.809968847352025 0.867741935483871 0.99647266313933 0.670682730923695 1
1 0.399182561307902 0.995327102803738 0.748560460652591 0.921501706484642 0.921232876712329 1
1 0.399182561307902 0.995327102803738 0.748560460652591 0.0699658703071672 0.739202657807309 1
1 0.399182561307902 0.995327102803738 0.748560460652591 0.00853242320819113 0.973782771535581 1
1 0.461852861035422 0.809968847352025 0.867741935483871 0.00352733686067019 1 1
1 0.399182561307902 0.995327102803738 0.748560460652591 0.00853242320819113 0.0262172284644195 1
1 0.399182561307902 0.995327102803738 0.748560460652591 0.0699658703071672 0.260797342192691 1
1 0.399182561307902 0.995327102803738 0.748560460652591 0.921501706484642 0.0787671232876712 1
1 0.461852861035422 0.809968847352025 0.867741935483871 0.99647266313933 0.329317269076305 1
