"P1" "P2" "P3" "P4" "P5" "P6" "P7"
1 0.456325301204819 0.987577639751553 0.640535372848948 0.814189189189189 0.794520547945205 1
1 0.367469879518072 0.695454545454545 0.743589743589744 0.996747967479675 0.80952380952381 1
1 0.367469879518072 0.695454545454545 0.743589743589744 0.0032520325203252 1 1
1 0.456325301204819 0.987577639751553 0.640535372848948 0.184121621621622 0.503703703703704 1
1 0.456325301204819 0.987577639751553 0.640535372848948 0.00168918918918919 0.928702010968921 1
1 0.456325301204819 0.987577639751553 0.640535372848948 0.00168918918918919 0.0712979890310786 1
1 0.456325301204819 0.987577639751553 0.640535372848948 0.184121621621622 0.496296296296296 1
1 0.367469879518072 0.695454545454545 0.743589743589744 0.996747967479675 0.19047619047619 1
1 0.456325301204819 0.987577639751553 0.640535372848948 0.814189189189189 0.205479452054795 1
