"P1" "P2" "P3" "P4" "P5" "P6" "P7"
1 0.413461538461538 0.781954887218045 0.880131362889984 0.99825479930192 0.797546012269939 1
1 0.398351648351648 1 0.761290322580645 0.911519198664441 0.929065743944637 1
1 0.398351648351648 1 0.761290322580645 0.0634390651085142 0.731012658227848 1
1 0.398351648351648 1 0.761290322580645 0.0250417362270451 0.990740740740741 1
1 0.413461538461538 0.781954887218045 0.880131362889984 0.00174520069808028 1 1
1 0.398351648351648 1 0.761290322580645 0.0250417362270451 0.00925925925925926 1
1 0.398351648351648 1 0.761290322580645 0.0634390651085142 0.268987341772152 1
1 0.398351648351648 1 0.761290322580645 0.911519198664441 0.0709342560553633 1
1 0.413461538461538 0.781954887218045 0.880131362889984 0.99825479930192 0.202453987730061 1
