"P1" "P2" "P3" "P4" "P5" "P6" "P7"
1 0.442225392296719 0.77727952167414 0.882450331125828 0.996545768566494 0.736196319018405 1
1 0.406562054208274 1 0.775347912524851 0.93138936535163 0.920552677029361 1
1 0.406562054208274 1 0.775347912524851 0.0668953687821612 0.734323432343234 1
1 0.406562054208274 1 0.775347912524851 0.00171526586620926 0.953703703703704 1
1 0.442225392296719 0.77727952167414 0.882450331125828 0.00345423143350604 1 1
1 0.406562054208274 1 0.775347912524851 0.00171526586620926 0.0462962962962963 1
1 0.406562054208274 1 0.775347912524851 0.0668953687821612 0.265676567656766 1
1 0.406562054208274 1 0.775347912524851 0.93138936535163 0.079447322970639 1
1 0.442225392296719 0.77727952167414 0.882450331125828 0.996545768566494 0.263803680981595 1
