"P1" "P2" "P3" "P4" "P5" "P6" "P7"
1 0.500693481276006 0.996879875195008 0.762931034482759 0.831632653061224 0.896907216494845 1
1 0.327323162274619 0.772046589018303 0.864238410596026 0.991364421416235 0.917910447761194 1
1 0.327323162274619 0.772046589018303 0.864238410596026 0.00863557858376511 1 1
1 0.500693481276006 0.996879875195008 0.762931034482759 0.136054421768707 0.722408026755853 1
1 0.500693481276006 0.996879875195008 0.762931034482759 0.032312925170068 0.871647509578544 1
1 0.500693481276006 0.996879875195008 0.762931034482759 0.032312925170068 0.128352490421456 1
1 0.500693481276006 0.996879875195008 0.762931034482759 0.136054421768707 0.277591973244147 1
1 0.327323162274619 0.772046589018303 0.864238410596026 0.991364421416235 0.082089552238806 1
1 0.500693481276006 0.996879875195008 0.762931034482759 0.831632653061224 0.103092783505155 1
