"P1" "P2" "P3" "P4" "P5" "P6" "P7"
1 0.48068669527897 0.765895953757225 0.882258064516129 0.996621621621622 0.709302325581395 1
1 0.38483547925608 0.998435054773083 0.74406779661017 0.934010152284264 0.917785234899329 1
1 0.38483547925608 0.998435054773083 0.74406779661017 0.0609137055837563 0.76537216828479 1
1 0.38483547925608 0.998435054773083 0.74406779661017 0.0050761421319797 0.951724137931034 1
1 0.48068669527897 0.765895953757225 0.882258064516129 0.00337837837837838 1 1
1 0.38483547925608 0.998435054773083 0.74406779661017 0.0050761421319797 0.0482758620689655 1
1 0.38483547925608 0.998435054773083 0.74406779661017 0.0609137055837563 0.23462783171521 1
1 0.38483547925608 0.998435054773083 0.74406779661017 0.934010152284264 0.0822147651006711 1
1 0.48068669527897 0.765895953757225 0.882258064516129 0.996621621621622 0.290697674418605 1
