"P1" "P2" "P3" "P4" "P5" "P6" "P7"
1 0.428927680798005 0.75 0.89776357827476 0.991482112436116 0.735395189003436 1
1 0.371571072319202 0.998439937597504 0.779850746268657 0.921951219512195 0.927392739273927 1
1 0.371571072319202 0.998439937597504 0.779850746268657 0.0715447154471545 0.750407830342578 1
1 0.371571072319202 0.998439937597504 0.779850746268657 0.00650406504065041 0.969230769230769 1
1 0.428927680798005 0.75 0.89776357827476 0.00851788756388416 1 1
1 0.371571072319202 0.998439937597504 0.779850746268657 0.00650406504065041 0.0307692307692308 1
1 0.371571072319202 0.998439937597504 0.779850746268657 0.0715447154471545 0.249592169657423 1
1 0.371571072319202 0.998439937597504 0.779850746268657 0.921951219512195 0.0726072607260726 1
1 0.428927680798005 0.75 0.89776357827476 0.991482112436116 0.264604810996564 1
