"P1" "P2" "P3" "P4" "P5" "P6" "P7"
1 0.421052631578947 0.775351014040562 0.875 0.99825479930192 0.661111111111111 1
1 0.358151476251605 0.972644376899696 0.779141104294479 0.929530201342282 0.918228279386712 1
1 0.358151476251605 0.972644376899696 0.779141104294479 0.0654362416107383 0.753333333333333 1
1 0.358151476251605 0.972644376899696 0.779141104294479 0.00503355704697987 0.949565217391304 1
1 0.421052631578947 0.775351014040562 0.875 0.00174520069808028 1 1
1 0.358151476251605 0.972644376899696 0.779141104294479 0.00503355704697987 0.0504347826086957 1
1 0.358151476251605 0.972644376899696 0.779141104294479 0.0654362416107383 0.246666666666667 1
1 0.358151476251605 0.972644376899696 0.779141104294479 0.929530201342282 0.0817717206132879 1
1 0.421052631578947 0.775351014040562 0.875 0.99825479930192 0.338888888888889 1
