"P1" "P2" "P3" "P4" "P5" "P6" "P7"
1 0.500685871056241 1 0.778993435448578 0.855902777777778 0.831103678929766 1
1 0.37997256515775 0.719874804381847 0.781446540880503 0.99830220713073 0.723711340206186 1
1 0.37997256515775 0.719874804381847 0.781446540880503 0.00169779286926995 1 1
1 0.500685871056241 1 0.778993435448578 0.109375 0.722039473684211 1
1 0.500685871056241 1 0.778993435448578 0.0347222222222222 0.894280762564991 1
1 0.500685871056241 1 0.778993435448578 0.0347222222222222 0.105719237435009 1
1 0.500685871056241 1 0.778993435448578 0.109375 0.277960526315789 1
1 0.37997256515775 0.719874804381847 0.781446540880503 0.99830220713073 0.276288659793814 1
1 0.500685871056241 1 0.778993435448578 0.855902777777778 0.168896321070234 1
