"P1" "P2" "P3" "P4" "P5" "P6" "P7"
1 0.466666666666667 0.773861967694567 0.881578947368421 0.998230088495575 0.696564885496183 1
1 0.384397163120567 0.996884735202492 0.765407554671968 0.921311475409836 0.919382504288165 1
1 0.384397163120567 0.996884735202492 0.765407554671968 0.0721311475409836 0.74457429048414 1
1 0.384397163120567 0.996884735202492 0.765407554671968 0.00655737704918033 0.965391621129326 1
1 0.466666666666667 0.773861967694567 0.881578947368421 0.00176991150442478 1 1
1 0.384397163120567 0.996884735202492 0.765407554671968 0.00655737704918033 0.034608378870674 1
1 0.384397163120567 0.996884735202492 0.765407554671968 0.0721311475409836 0.25542570951586 1
1 0.384397163120567 0.996884735202492 0.765407554671968 0.921311475409836 0.0806174957118353 1
1 0.466666666666667 0.773861967694567 0.881578947368421 0.998230088495575 0.303435114503817 1
