"P1" "P2" "P3" "P4" "P5" "P6" "P7"
1 0.452445652173913 0.754916792738275 0.881773399014778 0.994880546075085 0.791583166332665 1
1 0.35054347826087 0.965204236006051 0.762745098039216 0.922824302134647 0.910169491525424 1
1 0.35054347826087 0.965204236006051 0.762745098039216 0.0673234811165846 0.745222929936306 1
1 0.35054347826087 0.965204236006051 0.762745098039216 0.00985221674876847 0.964664310954064 1
1 0.452445652173913 0.754916792738275 0.881773399014778 0.00511945392491468 1 1
1 0.35054347826087 0.965204236006051 0.762745098039216 0.00985221674876847 0.0353356890459364 1
1 0.35054347826087 0.965204236006051 0.762745098039216 0.0673234811165846 0.254777070063694 1
1 0.35054347826087 0.965204236006051 0.762745098039216 0.922824302134647 0.0898305084745763 1
1 0.452445652173913 0.754916792738275 0.881773399014778 0.994880546075085 0.208416833667335 1
