"P1" "P2" "P3" "P4" "P5" "P6" "P7"
1 0.433510638297872 0.774343122102009 0.868167202572347 0.994623655913978 0.661625708884688 1
1 0.359042553191489 0.99375 0.728174603174603 0.910277324632953 0.919931856899489 1
1 0.359042553191489 0.99375 0.728174603174603 0.0766721044045677 0.735440931780366 1
1 0.359042553191489 0.99375 0.728174603174603 0.0130505709624796 0.987202925045704 1
1 0.433510638297872 0.774343122102009 0.868167202572347 0.00537634408602151 1 1
1 0.359042553191489 0.99375 0.728174603174603 0.0130505709624796 0.0127970749542962 1
1 0.359042553191489 0.99375 0.728174603174603 0.0766721044045677 0.264559068219634 1
1 0.359042553191489 0.99375 0.728174603174603 0.910277324632953 0.0800681431005111 1
1 0.433510638297872 0.774343122102009 0.868167202572347 0.994623655913978 0.338374291115312 1
