"P1" "P2" "P3" "P4" "P5" "P6" "P7"
1 0.459885386819484 0.795522388059702 0.894214876033058 0.991408934707904 0.778741865509761 1
1 0.333810888252149 0.995297805642633 0.780434782608696 0.936560934891486 0.916949152542373 1
1 0.333810888252149 0.995297805642633 0.780434782608696 0.0634390651085142 0.763285024154589 1
1 0.459885386819484 0.795522388059702 0.894214876033058 0.00687285223367698 1 1
1 0.459885386819484 0.795522388059702 0.894214876033058 0.00171821305841924 0.94413407821229 1
1 0.459885386819484 0.795522388059702 0.894214876033058 0.00171821305841924 0.0558659217877095 1
1 0.333810888252149 0.995297805642633 0.780434782608696 0.0634390651085142 0.236714975845411 1
1 0.333810888252149 0.995297805642633 0.780434782608696 0.936560934891486 0.0830508474576271 1
1 0.459885386819484 0.795522388059702 0.894214876033058 0.991408934707904 0.221258134490239 1
