"P1" "P2" "P3" "P4" "P5" "P6" "P7"
1 0.444736842105263 0.7821482602118 0.894991922455573 0.994827586206897 0.651408450704225 1
1 0.359210526315789 0.992236024844721 0.721669980119284 0.926174496644295 0.92179700499168 1
1 0.359210526315789 0.992236024844721 0.721669980119284 0.0654362416107383 0.736585365853659 1
1 0.359210526315789 0.992236024844721 0.721669980119284 0.00838926174496644 0.946826758147513 1
1 0.444736842105263 0.7821482602118 0.894991922455573 0.00517241379310345 1 1
1 0.359210526315789 0.992236024844721 0.721669980119284 0.00838926174496644 0.0531732418524871 1
1 0.359210526315789 0.992236024844721 0.721669980119284 0.0654362416107383 0.263414634146341 1
1 0.359210526315789 0.992236024844721 0.721669980119284 0.926174496644295 0.0782029950083195 1
1 0.444736842105263 0.7821482602118 0.894991922455573 0.994827586206897 0.348591549295775 1
