"P1" "P2" "P3" "P4" "P5" "P6" "P7"
1 0.452319587628866 0.746121297602257 0.880913539967374 0.996383363471971 0.636182902584493 1
1 0.349226804123711 0.987654320987654 0.76427255985267 0.933560477001704 0.915254237288136 1
1 0.349226804123711 0.987654320987654 0.76427255985267 0.0647359454855196 0.737478411053541 1
1 0.349226804123711 0.987654320987654 0.76427255985267 0.00170357751277683 0.992202729044834 1
1 0.452319587628866 0.746121297602257 0.880913539967374 0.00361663652802893 1 1
1 0.349226804123711 0.987654320987654 0.76427255985267 0.00170357751277683 0.00779727095516569 1
1 0.349226804123711 0.987654320987654 0.76427255985267 0.0647359454855196 0.262521588946459 1
1 0.349226804123711 0.987654320987654 0.76427255985267 0.933560477001704 0.0847457627118644 1
1 0.452319587628866 0.746121297602257 0.880913539967374 0.996383363471971 0.363817097415507 1
