"P1" "P2" "P3" "P4" "P5" "P6" "P7"
1 0.463963963963964 0.8101644245142 0.901960784313726 0.99660441426146 0.746808510638298 1
1 0.363363363363363 0.998427672955975 0.710920770877944 0.918032786885246 0.915422885572139 1
1 0.363363363363363 0.998427672955975 0.710920770877944 0.0688524590163934 0.744372990353698 1
1 0.363363363363363 0.998427672955975 0.710920770877944 0.0131147540983607 0.987249544626594 1
1 0.463963963963964 0.8101644245142 0.901960784313726 0.0033955857385399 1 1
1 0.363363363363363 0.998427672955975 0.710920770877944 0.0131147540983607 0.0127504553734062 1
1 0.363363363363363 0.998427672955975 0.710920770877944 0.0688524590163934 0.255627009646302 1
1 0.363363363363363 0.998427672955975 0.710920770877944 0.918032786885246 0.0845771144278607 1
1 0.463963963963964 0.8101644245142 0.901960784313726 0.99660441426146 0.253191489361702 1
