"P1" "P2" "P3" "P4" "P5" "P6" "P7"
1 0.396153846153846 0.9984375 0.810055865921788 0.931438127090301 0.925087108013937 1
1 0.394871794871795 0.774853801169591 0.882059800664452 0.991150442477876 0.738372093023256 1
1 0.394871794871795 0.774853801169591 0.882059800664452 0.00884955752212389 1 1
1 0.396153846153846 0.9984375 0.810055865921788 0.0602006688963211 0.757215619694397 1
1 0.396153846153846 0.9984375 0.810055865921788 0.00836120401337793 0.983455882352941 1
1 0.396153846153846 0.9984375 0.810055865921788 0.00836120401337793 0.0165441176470588 1
1 0.396153846153846 0.9984375 0.810055865921788 0.0602006688963211 0.242784380305603 1
1 0.394871794871795 0.774853801169591 0.882059800664452 0.991150442477876 0.261627906976744 1
1 0.396153846153846 0.9984375 0.810055865921788 0.931438127090301 0.0749128919860627 1
