"P1" "P2" "P3" "P4" "P5" "P6" "P7"
1 0.445234708392603 0.772727272727273 0.884927066450567 0.99496644295302 0.736162361623616 1
1 0.406827880512091 0.998427672955975 0.752166377816291 0.926910299003322 0.922297297297297 1
1 0.406827880512091 0.998427672955975 0.752166377816291 0.0647840531561462 0.768233387358185 1
1 0.406827880512091 0.998427672955975 0.752166377816291 0.00830564784053156 0.967297762478485 1
1 0.445234708392603 0.772727272727273 0.884927066450567 0.00503355704697987 1 1
1 0.406827880512091 0.998427672955975 0.752166377816291 0.00830564784053156 0.0327022375215146 1
1 0.406827880512091 0.998427672955975 0.752166377816291 0.0647840531561462 0.231766612641815 1
1 0.406827880512091 0.998427672955975 0.752166377816291 0.926910299003322 0.0777027027027027 1
1 0.445234708392603 0.772727272727273 0.884927066450567 0.99496644295302 0.263837638376384 1
