"P1" "P2" "P3" "P4" "P5" "P6" "P7"
1 0.457293035479632 0.989180834621329 0.729211087420043 0.863793103448276 0.803333333333333 1
1 0.388961892247043 0.723146747352496 0.773675762439807 0.99496644295302 0.774390243902439 1
1 0.388961892247043 0.723146747352496 0.773675762439807 0.00503355704697987 1 1
1 0.457293035479632 0.989180834621329 0.729211087420043 0.103448275862069 0.742301458670989 1
1 0.457293035479632 0.989180834621329 0.729211087420043 0.0327586206896552 0.841441441441441 1
1 0.457293035479632 0.989180834621329 0.729211087420043 0.0327586206896552 0.158558558558559 1
1 0.457293035479632 0.989180834621329 0.729211087420043 0.103448275862069 0.257698541329011 1
1 0.388961892247043 0.723146747352496 0.773675762439807 0.99496644295302 0.225609756097561 1
1 0.457293035479632 0.989180834621329 0.729211087420043 0.863793103448276 0.196666666666667 1
