"P1" "P2" "P3" "P4" "P5" "P6" "P7"
1 0.443037974683544 0.807174887892377 0.907742998352554 0.99822695035461 0.688259109311741 1
1 0.323488045007032 0.995334370139969 0.701244813278008 0.914332784184514 0.929173693086003 1
1 0.323488045007032 0.995334370139969 0.701244813278008 0.0774299835255354 0.744299674267101 1
1 0.323488045007032 0.995334370139969 0.701244813278008 0.00823723228995058 0.968978102189781 1
1 0.443037974683544 0.807174887892377 0.907742998352554 0.00177304964539007 1 1
1 0.323488045007032 0.995334370139969 0.701244813278008 0.00823723228995058 0.031021897810219 1
1 0.323488045007032 0.995334370139969 0.701244813278008 0.0774299835255354 0.255700325732899 1
1 0.323488045007032 0.995334370139969 0.701244813278008 0.914332784184514 0.0708263069139966 1
1 0.443037974683544 0.807174887892377 0.907742998352554 0.99822695035461 0.311740890688259 1
