"P1" "P2" "P3" "P4" "P5" "P6" "P7"
1 0.451570680628272 0.768545994065282 0.886885245901639 0.992805755395683 0.74749498997996 1
1 0.365183246073298 0.998439937597504 0.74484052532833 0.923986486486487 0.924786324786325 1
1 0.365183246073298 0.998439937597504 0.74484052532833 0.0726351351351351 0.744932432432432 1
1 0.365183246073298 0.998439937597504 0.74484052532833 0.00337837837837838 0.972170686456401 1
1 0.451570680628272 0.768545994065282 0.886885245901639 0.00719424460431655 1 1
1 0.365183246073298 0.998439937597504 0.74484052532833 0.00337837837837838 0.0278293135435993 1
1 0.365183246073298 0.998439937597504 0.74484052532833 0.0726351351351351 0.255067567567568 1
1 0.365183246073298 0.998439937597504 0.74484052532833 0.923986486486487 0.0752136752136752 1
1 0.451570680628272 0.768545994065282 0.886885245901639 0.992805755395683 0.25250501002004 1
