"P1" "P2" "P3" "P4" "P5" "P6" "P7"
1 0.399026763990268 0.779516358463727 0.883757961783439 0.994897959183674 0.737037037037037 1
1 0.364963503649635 1 0.759358288770054 0.934533551554828 0.920398009950249 1
1 0.364963503649635 1 0.759358288770054 0.0621931260229133 0.761513157894737 1
1 0.364963503649635 1 0.759358288770054 0.00327332242225859 0.954545454545455 1
1 0.399026763990268 0.779516358463727 0.883757961783439 0.00510204081632653 1 1
1 0.364963503649635 1 0.759358288770054 0.00327332242225859 0.0454545454545455 1
1 0.364963503649635 1 0.759358288770054 0.0621931260229133 0.238486842105263 1
1 0.364963503649635 1 0.759358288770054 0.934533551554828 0.0796019900497512 1
1 0.399026763990268 0.779516358463727 0.883757961783439 0.994897959183674 0.262962962962963 1
