"P1" "P2" "P3" "P4" "P5" "P6" "P7"
1 0.471774193548387 0.748231966053748 0.875 0.996503496503496 0.736448598130841 1
1 0.358870967741935 0.989164086687306 0.697080291970803 0.939965694682676 0.912013536379019 1
1 0.358870967741935 0.989164086687306 0.697080291970803 0.0566037735849057 0.740740740740741 1
1 0.358870967741935 0.989164086687306 0.697080291970803 0.00343053173241852 0.985454545454545 1
1 0.471774193548387 0.748231966053748 0.875 0.0034965034965035 1 1
1 0.358870967741935 0.989164086687306 0.697080291970803 0.00343053173241852 0.0145454545454545 1
1 0.358870967741935 0.989164086687306 0.697080291970803 0.0566037735849057 0.259259259259259 1
1 0.358870967741935 0.989164086687306 0.697080291970803 0.939965694682676 0.0879864636209814 1
1 0.471774193548387 0.748231966053748 0.875 0.996503496503496 0.263551401869159 1
