"P1" "P2" "P3" "P4" "P5" "P6" "P7"
1 0.494750656167979 0.969558599695586 0.789029535864979 0.796638655462185 0.824193548387097 1
1 0.337270341207349 0.755371900826446 0.797191887675507 0.998248686514886 0.842857142857143 1
1 0.337270341207349 0.755371900826446 0.797191887675507 0.00175131348511384 1 1
1 0.494750656167979 0.969558599695586 0.789029535864979 0.168067226890756 0.720136518771331 1
1 0.494750656167979 0.969558599695586 0.789029535864979 0.0352941176470588 0.854014598540146 1
1 0.494750656167979 0.969558599695586 0.789029535864979 0.0352941176470588 0.145985401459854 1
1 0.494750656167979 0.969558599695586 0.789029535864979 0.168067226890756 0.279863481228669 1
1 0.337270341207349 0.755371900826446 0.797191887675507 0.998248686514886 0.157142857142857 1
1 0.494750656167979 0.969558599695586 0.789029535864979 0.796638655462185 0.175806451612903 1
