"P1" "P2" "P3" "P4" "P5" "P6" "P7"
1 0.439506172839506 0.776998597475456 0.877388535031847 0.996644295302013 0.767441860465116 1
1 0.344444444444444 0.984591679506934 0.792184724689165 0.92259083728278 0.915282392026578 1
1 0.344444444444444 0.984591679506934 0.792184724689165 0.0695102685624013 0.779935275080906 1
1 0.344444444444444 0.984591679506934 0.792184724689165 0.00789889415481832 0.94949494949495 1
1 0.439506172839506 0.776998597475456 0.877388535031847 0.00335570469798658 1 1
1 0.344444444444444 0.984591679506934 0.792184724689165 0.00789889415481832 0.0505050505050505 1
1 0.344444444444444 0.984591679506934 0.792184724689165 0.0695102685624013 0.220064724919094 1
1 0.344444444444444 0.984591679506934 0.792184724689165 0.92259083728278 0.0847176079734219 1
1 0.439506172839506 0.776998597475456 0.877388535031847 0.996644295302013 0.232558139534884 1
