"P1" "P2" "P3" "P4" "P5" "P6" "P7"
1 0.436260623229462 0.767277856135402 0.898222940226171 0.998260869565217 0.738878143133462 1
1 0.434844192634561 0.972477064220184 0.71939736346516 0.928455284552846 0.928213689482471 1
1 0.434844192634561 0.972477064220184 0.71939736346516 0.0650406504065041 0.755336617405583 1
1 0.434844192634561 0.972477064220184 0.71939736346516 0.00650406504065041 0.96078431372549 1
1 0.436260623229462 0.767277856135402 0.898222940226171 0.00173913043478261 1 1
1 0.434844192634561 0.972477064220184 0.71939736346516 0.00650406504065041 0.0392156862745098 1
1 0.434844192634561 0.972477064220184 0.71939736346516 0.0650406504065041 0.244663382594417 1
1 0.434844192634561 0.972477064220184 0.71939736346516 0.928455284552846 0.0717863105175292 1
1 0.436260623229462 0.767277856135402 0.898222940226171 0.998260869565217 0.261121856866538 1
