"P1" "P2" "P3" "P4" "P5" "P6" "P7"
1 0.47289972899729 0.784773060029283 0.8784 0.99496644295302 0.74392523364486 1
1 0.403794037940379 0.993720565149137 0.751381215469613 0.928452579034942 0.915 1
1 0.403794037940379 0.993720565149137 0.751381215469613 0.0665557404326123 0.737942122186495 1
1 0.403794037940379 0.993720565149137 0.751381215469613 0.00499168053244592 0.963028169014085 1
1 0.47289972899729 0.784773060029283 0.8784 0.00503355704697987 1 1
1 0.403794037940379 0.993720565149137 0.751381215469613 0.00499168053244592 0.0369718309859155 1
1 0.403794037940379 0.993720565149137 0.751381215469613 0.0665557404326123 0.262057877813505 1
1 0.403794037940379 0.993720565149137 0.751381215469613 0.928452579034942 0.085 1
1 0.47289972899729 0.784773060029283 0.8784 0.99496644295302 0.25607476635514 1
