"P1" "P2" "P3" "P4" "P5" "P6" "P7"
1 0.460296096904441 0.993779160186625 0.748888888888889 0.790492957746479 0.826923076923077 1
1 0.344549125168237 0.713375796178344 0.791411042944785 0.994836488812392 0.768398268398268 1
1 0.344549125168237 0.713375796178344 0.791411042944785 0.00516351118760757 1 1
1 0.460296096904441 0.993779160186625 0.748888888888889 0.169014084507042 0.71043771043771 1
1 0.460296096904441 0.993779160186625 0.748888888888889 0.0404929577464789 0.861367837338262 1
1 0.460296096904441 0.993779160186625 0.748888888888889 0.0404929577464789 0.138632162661738 1
1 0.460296096904441 0.993779160186625 0.748888888888889 0.169014084507042 0.28956228956229 1
1 0.344549125168237 0.713375796178344 0.791411042944785 0.994836488812392 0.231601731601732 1
1 0.460296096904441 0.993779160186625 0.748888888888889 0.790492957746479 0.173076923076923 1
