"P1" "P2" "P3" "P4" "P5" "P6" "P7"
1 0.413105413105413 0.776049766718507 0.879936808846761 0.996644295302013 0.692771084337349 1
1 0.394586894586895 0.956127080181543 0.775641025641026 0.926788685524126 0.919141914191419 1
1 0.394586894586895 0.956127080181543 0.775641025641026 0.0632279534109817 0.771293375394322 1
1 0.394586894586895 0.956127080181543 0.775641025641026 0.00998336106489185 0.944642857142857 1
1 0.413105413105413 0.776049766718507 0.879936808846761 0.00335570469798658 1 1
1 0.394586894586895 0.956127080181543 0.775641025641026 0.00998336106489185 0.0553571428571429 1
1 0.394586894586895 0.956127080181543 0.775641025641026 0.0632279534109817 0.228706624605678 1
1 0.394586894586895 0.956127080181543 0.775641025641026 0.926788685524126 0.0808580858085809 1
1 0.413105413105413 0.776049766718507 0.879936808846761 0.996644295302013 0.307228915662651 1
