"P1" "P2" "P3" "P4" "P5" "P6" "P7"
1 0.503337783711616 0.993779160186625 0.761670761670762 0.872531418312388 0.819727891156463 1
1 0.341789052069426 0.70906200317965 0.786296900489396 0.994897959183674 0.844907407407407 1
1 0.341789052069426 0.70906200317965 0.786296900489396 0.00510204081632653 1 1
1 0.503337783711616 0.993779160186625 0.761670761670762 0.10951526032316 0.733552631578947 1
1 0.503337783711616 0.993779160186625 0.761670761670762 0.0179533213644524 0.867674858223062 1
1 0.503337783711616 0.993779160186625 0.761670761670762 0.0179533213644524 0.132325141776938 1
1 0.503337783711616 0.993779160186625 0.761670761670762 0.10951526032316 0.266447368421053 1
1 0.341789052069426 0.70906200317965 0.786296900489396 0.994897959183674 0.155092592592593 1
1 0.503337783711616 0.993779160186625 0.761670761670762 0.872531418312388 0.180272108843537 1
