"P1" "P2" "P3" "P4" "P5" "P6" "P7"
1 0.414664981036662 0.741889985895628 0.885057471264368 0.998230088495575 0.664705882352941 1
1 0.379266750948167 0.987635239567233 0.729128014842301 0.927364864864865 0.915110356536503 1
1 0.379266750948167 0.987635239567233 0.729128014842301 0.0692567567567568 0.75 1
1 0.379266750948167 0.987635239567233 0.729128014842301 0.00337837837837838 0.96875 1
1 0.414664981036662 0.741889985895628 0.885057471264368 0.00176991150442478 1 1
1 0.379266750948167 0.987635239567233 0.729128014842301 0.00337837837837838 0.03125 1
1 0.379266750948167 0.987635239567233 0.729128014842301 0.0692567567567568 0.25 1
1 0.379266750948167 0.987635239567233 0.729128014842301 0.927364864864865 0.0848896434634974 1
1 0.414664981036662 0.741889985895628 0.885057471264368 0.998230088495575 0.335294117647059 1
