"P1" "P2" "P3" "P4" "P5" "P6" "P7"
1 0.441636582430806 0.980061349693252 0.757828810020877 0.803448275862069 0.815436241610738 1
1 0.340553549939832 0.714285714285714 0.780096308186196 0.996615905245347 0.799145299145299 1
1 0.340553549939832 0.714285714285714 0.780096308186196 0.00338409475465313 1 1
1 0.441636582430806 0.980061349693252 0.757828810020877 0.193103448275862 0.709150326797386 1
1 0.441636582430806 0.980061349693252 0.757828810020877 0.00344827586206897 0.85204991087344 1
1 0.441636582430806 0.980061349693252 0.757828810020877 0.00344827586206897 0.14795008912656 1
1 0.441636582430806 0.980061349693252 0.757828810020877 0.193103448275862 0.290849673202614 1
1 0.340553549939832 0.714285714285714 0.780096308186196 0.996615905245347 0.200854700854701 1
1 0.441636582430806 0.980061349693252 0.757828810020877 0.803448275862069 0.184563758389262 1
