"P1" "P2" "P3" "P4" "P5" "P6" "P7"
1 0.451655629139073 0.755649717514124 0.898713826366559 0.991228070175439 0.730841121495327 1
1 0.335099337748344 1 0.690427698574338 0.91900826446281 0.925619834710744 1
1 0.335099337748344 1 0.690427698574338 0.0760330578512397 0.738333333333333 1
1 0.335099337748344 1 0.690427698574338 0.00495867768595041 0.955277280858676 1
1 0.451655629139073 0.755649717514124 0.898713826366559 0.0087719298245614 1 1
1 0.335099337748344 1 0.690427698574338 0.00495867768595041 0.0447227191413238 1
1 0.335099337748344 1 0.690427698574338 0.0760330578512397 0.261666666666667 1
1 0.335099337748344 1 0.690427698574338 0.91900826446281 0.0743801652892562 1
1 0.451655629139073 0.755649717514124 0.898713826366559 0.991228070175439 0.269158878504673 1
