"P1" "P2" "P3" "P4" "P5" "P6" "P7"
1 0.492264416315049 0.775038520801233 0.898858075040783 0.998236331569665 0.755725190839695 1
1 0.350210970464135 0.998435054773083 0.742690058479532 0.916666666666667 0.927609427609428 1
1 0.350210970464135 0.998435054773083 0.742690058479532 0.0702614379084967 0.737018425460637 1
1 0.350210970464135 0.998435054773083 0.742690058479532 0.0130718954248366 0.95446584938704 1
1 0.492264416315049 0.775038520801233 0.898858075040783 0.0017636684303351 1 1
1 0.350210970464135 0.998435054773083 0.742690058479532 0.0130718954248366 0.0455341506129597 1
1 0.350210970464135 0.998435054773083 0.742690058479532 0.0702614379084967 0.262981574539363 1
1 0.350210970464135 0.998435054773083 0.742690058479532 0.916666666666667 0.0723905723905724 1
1 0.492264416315049 0.775038520801233 0.898858075040783 0.998236331569665 0.244274809160305 1
