"P1" "P2" "P3" "P4" "P5" "P6" "P7"
1 0.462686567164179 0.793413173652695 0.895867768595041 0.99625468164794 0.716157205240175 1
1 0.355223880597015 0.989113530326594 0.67420814479638 0.918918918918919 0.920203735144312 1
1 0.355223880597015 0.989113530326594 0.67420814479638 0.0675675675675676 0.689774696707106 1
1 0.355223880597015 0.989113530326594 0.67420814479638 0.0135135135135135 0.973333333333333 1
1 0.462686567164179 0.793413173652695 0.895867768595041 0.00374531835205993 1 1
1 0.355223880597015 0.989113530326594 0.67420814479638 0.0135135135135135 0.0266666666666667 1
1 0.355223880597015 0.989113530326594 0.67420814479638 0.0675675675675676 0.310225303292894 1
1 0.355223880597015 0.989113530326594 0.67420814479638 0.918918918918919 0.0797962648556876 1
1 0.462686567164179 0.793413173652695 0.895867768595041 0.99625468164794 0.283842794759825 1
