"P1" "P2" "P3" "P4" "P5" "P6" "P7"
1 0.448571428571429 0.785394932935917 0.901294498381877 0.993127147766323 0.672064777327935 1
1 0.368571428571429 0.976993865030675 0.73265306122449 0.909688013136289 0.925249169435216 1
1 0.368571428571429 0.976993865030675 0.73265306122449 0.0738916256157636 0.756933115823817 1
1 0.368571428571429 0.976993865030675 0.73265306122449 0.0164203612479475 0.963768115942029 1
1 0.448571428571429 0.785394932935917 0.901294498381877 0.00687285223367698 1 1
1 0.368571428571429 0.976993865030675 0.73265306122449 0.0164203612479475 0.036231884057971 1
1 0.368571428571429 0.976993865030675 0.73265306122449 0.0738916256157636 0.243066884176183 1
1 0.368571428571429 0.976993865030675 0.73265306122449 0.909688013136289 0.0747508305647841 1
1 0.448571428571429 0.785394932935917 0.901294498381877 0.993127147766323 0.327935222672065 1
