"P1" "P2" "P3" "P4" "P5" "P6" "P7"
1 0.416779431664411 0.780966767371601 0.886731391585761 0.994736842105263 0.731075697211155 1
1 0.395128552097429 1 0.771037181996086 0.923986486486487 0.917922948073702 1
1 0.395128552097429 1 0.771037181996086 0.0709459459459459 0.767918088737201 1
1 0.395128552097429 1 0.771037181996086 0.00506756756756757 0.962894248608534 1
1 0.416779431664411 0.780966767371601 0.886731391585761 0.00526315789473684 1 1
1 0.395128552097429 1 0.771037181996086 0.00506756756756757 0.0371057513914657 1
1 0.395128552097429 1 0.771037181996086 0.0709459459459459 0.232081911262799 1
1 0.395128552097429 1 0.771037181996086 0.923986486486487 0.0820770519262982 1
1 0.416779431664411 0.780966767371601 0.886731391585761 0.994736842105263 0.268924302788845 1
