"P1" "P2" "P3" "P4" "P5" "P6" "P7"
1 0.451910408432148 0.800891530460624 0.881578947368421 0.993006993006993 0.642857142857143 1
1 0.374176548089592 0.989180834621329 0.716117216117216 0.92809364548495 0.924137931034483 1
1 0.374176548089592 0.989180834621329 0.716117216117216 0.068561872909699 0.753424657534247 1
1 0.374176548089592 0.989180834621329 0.716117216117216 0.00334448160535117 0.964814814814815 1
1 0.451910408432148 0.800891530460624 0.881578947368421 0.00699300699300699 1 1
1 0.374176548089592 0.989180834621329 0.716117216117216 0.00334448160535117 0.0351851851851852 1
1 0.374176548089592 0.989180834621329 0.716117216117216 0.068561872909699 0.246575342465753 1
1 0.374176548089592 0.989180834621329 0.716117216117216 0.92809364548495 0.0758620689655172 1
1 0.451910408432148 0.800891530460624 0.881578947368421 0.993006993006993 0.357142857142857 1
