"P1" "P2" "P3" "P4" "P5" "P6" "P7"
1 0.471086036671368 0.786363636363636 0.890522875816993 0.998272884283247 0.674044265593561 1
1 0.385049365303244 0.995327102803738 0.777351247600768 0.927958833619211 0.914429530201342 1
1 0.385049365303244 0.995327102803738 0.777351247600768 0.0668953687821612 0.775167785234899 1
1 0.385049365303244 0.995327102803738 0.777351247600768 0.00514579759862779 0.954379562043796 1
1 0.471086036671368 0.786363636363636 0.890522875816993 0.00172711571675302 1 1
1 0.385049365303244 0.995327102803738 0.777351247600768 0.00514579759862779 0.0456204379562044 1
1 0.385049365303244 0.995327102803738 0.777351247600768 0.0668953687821612 0.224832214765101 1
1 0.385049365303244 0.995327102803738 0.777351247600768 0.927958833619211 0.0855704697986577 1
1 0.471086036671368 0.786363636363636 0.890522875816993 0.998272884283247 0.325955734406439 1
