"P1" "P2" "P3" "P4" "P5" "P6" "P7"
1 0.465444287729196 0.768545994065282 0.87953795379538 0.998290598290598 0.776315789473684 1
1 0.396332863187588 1 0.691312384473198 0.910569105691057 0.92695652173913 1
1 0.396332863187588 1 0.691312384473198 0.0731707317073171 0.752052545155993 1
1 0.396332863187588 1 0.691312384473198 0.016260162601626 0.965703971119134 1
1 0.465444287729196 0.768545994065282 0.87953795379538 0.00170940170940171 1 1
1 0.396332863187588 1 0.691312384473198 0.016260162601626 0.0342960288808664 1
1 0.396332863187588 1 0.691312384473198 0.0731707317073171 0.247947454844007 1
1 0.396332863187588 1 0.691312384473198 0.910569105691057 0.0730434782608696 1
1 0.465444287729196 0.768545994065282 0.87953795379538 0.998290598290598 0.223684210526316 1
