"P1" "P2" "P3" "P4" "P5" "P6" "P7"
1 0.454281567489115 0.751753155680224 0.894824707846411 0.996521739130435 0.693478260869565 1
1 0.368650217706821 0.995305164319249 0.697855750487329 0.932565789473684 0.919382504288165 1
1 0.368650217706821 0.995305164319249 0.697855750487329 0.0641447368421053 0.73354735152488 1
1 0.368650217706821 0.995305164319249 0.697855750487329 0.00328947368421053 0.959780621572212 1
1 0.454281567489115 0.751753155680224 0.894824707846411 0.00347826086956522 1 1
1 0.368650217706821 0.995305164319249 0.697855750487329 0.00328947368421053 0.0402193784277879 1
1 0.368650217706821 0.995305164319249 0.697855750487329 0.0641447368421053 0.26645264847512 1
1 0.368650217706821 0.995305164319249 0.697855750487329 0.932565789473684 0.0806174957118353 1
1 0.454281567489115 0.751753155680224 0.894824707846411 0.996521739130435 0.306521739130435 1
