"expNo" "Rank" "isCorrect" "prob" "verifyRank" "verifyIsCorrect" "verifyProb" "match" "jointProb" "computedSeq" "verifySeq"
1 1 FALSE 0.191021789600525 1 FALSE 0.192699773685356 TRUE 0.0368098556249928 "153,10,147,88,145,92,141,96,16,138" "138,16,96,141,92,145,88,147,10,153"
1 1 FALSE 0.191021789600525 2 FALSE 0.112497912570501 FALSE 0.0214895525855405 "153,10,147,88,145,92,141,96,16,138" "138,16,96,141,92,145,88,147,153,10"
1 2 TRUE 0.141836538386019 1 TRUE 0.231818665886934 TRUE 0.0328803571026677 "153,10,147,88,145,92,141,96,138,16" "16,138,96,141,92,145,88,147,10,153"
1 2 TRUE 0.141836538386019 2 FALSE 0.135335478129523 FALSE 0.0191955157387083 "153,10,147,88,145,92,141,96,138,16" "16,138,96,141,92,145,88,147,153,10"
7 1 FALSE 0.101699478015274 1 FALSE 0.123743073313484 TRUE 0.0125846059639871 "153,10,147,88,145,92,141,96,16,138" "138,16,96,141,92,145,88,147,10,153"
7 1 FALSE 0.101699478015274 2 FALSE 0.0685565072840223 FALSE 0.00697216100533541 "153,10,147,88,145,92,141,96,16,138" "138,16,96,141,92,145,88,147,153,10"
7 2 TRUE 0.0920138134423909 1 TRUE 0.142274564784904 TRUE 0.0130912252617155 "153,10,147,88,145,92,141,96,138,16" "16,138,96,141,92,145,88,147,10,153"
7 2 TRUE 0.0920138134423909 2 FALSE 0.0788233795704869 FALSE 0.00725283974269754 "153,10,147,88,145,92,141,96,138,16" "16,138,96,141,92,145,88,147,153,10"
8 1 FALSE 0.0934504937572623 1 FALSE 0.144708320636368 TRUE 0.0135230640142528 "153,10,147,88,145,92,141,96,16,138" "138,16,96,141,92,145,88,147,10,153"
8 1 FALSE 0.0934504937572623 2 FALSE 0.078452346950924 FALSE 0.0073314105589799 "153,10,147,88,145,92,141,96,16,138" "138,16,96,141,92,145,88,147,153,10"
8 2 TRUE 0.0818015402418141 1 TRUE 0.148423369024035 TRUE 0.0121412601940452 "153,10,147,88,145,92,141,96,138,16" "16,138,96,141,92,145,88,147,10,153"
8 2 TRUE 0.0818015402418141 2 FALSE 0.0804664278535769 FALSE 0.0065822777361794 "153,10,147,88,145,92,141,96,138,16" "16,138,96,141,92,145,88,147,153,10"
9 1 FALSE 0.0970197065951044 1 FALSE 0.12017466388788 TRUE 0.0116593106305675 "153,10,147,88,145,92,141,96,16,138" "138,16,96,141,92,145,88,147,10,153"
9 1 FALSE 0.0970197065951044 2 FALSE 0.067353706969719 FALSE 0.00653463688829478 "153,10,147,88,145,92,141,96,16,138" "138,16,96,141,92,145,88,147,153,10"
9 2 TRUE 0.0857320953014912 1 TRUE 0.127510742500195 TRUE 0.0109317631279906 "153,10,147,88,145,92,141,96,138,16" "16,138,96,141,92,145,88,147,10,153"
9 2 TRUE 0.0857320953014912 2 FALSE 0.0714653231222025 FALSE 0.00612687189266453 "153,10,147,88,145,92,141,96,138,16" "16,138,96,141,92,145,88,147,153,10"
10 1 FALSE 0.0873782791970991 1 FALSE 0.111654472039732 TRUE 0.00975617563149239 "153,10,147,88,145,92,141,96,16,138" "138,16,96,141,92,145,88,147,10,153"
10 1 FALSE 0.0873782791970991 2 FALSE 0.0717393467694896 FALSE 0.00626846067144197 "153,10,147,88,145,92,141,96,16,138" "138,16,96,141,92,145,88,147,153,10"
10 2 TRUE 0.077859416379538 1 TRUE 0.117454268564753 TRUE 0.0091449208017372 "153,10,147,88,145,92,141,96,138,16" "16,138,96,141,92,145,88,147,10,153"
10 2 TRUE 0.077859416379538 2 FALSE 0.0754657860826676 FALSE 0.00587572206101956 "153,10,147,88,145,92,141,96,138,16" "16,138,96,141,92,145,88,147,153,10"
11 1 FALSE 0.0889327385324168 1 FALSE 0.126005915717603 TRUE 0.0112060511560513 "153,10,147,88,145,92,141,96,16,138" "138,16,96,141,92,145,88,147,10,153"
11 1 FALSE 0.0889327385324168 2 FALSE 0.0713241032363789 FALSE 0.00634304782417999 "153,10,147,88,145,92,141,96,16,138" "138,16,96,141,92,145,88,147,153,10"
11 2 TRUE 0.0692982378174677 1 TRUE 0.127905936423352 TRUE 0.00886365600053136 "153,10,147,88,145,92,141,96,138,16" "16,138,96,141,92,145,88,147,10,153"
11 2 TRUE 0.0692982378174677 2 FALSE 0.0723995866547277 FALSE 0.00501716377388568 "153,10,147,88,145,92,141,96,138,16" "16,138,96,141,92,145,88,147,153,10"
12 1 FALSE 0.0869390816388887 1 FALSE 0.13813004552149 TRUE 0.0120088993043763 "153,10,147,88,145,92,141,96,16,138" "138,16,96,141,92,145,88,147,10,153"
12 1 FALSE 0.0869390816388887 2 FALSE 0.0755152868454617 FALSE 0.00656522968804169 "153,10,147,88,145,92,141,96,16,138" "138,16,96,141,92,145,88,147,153,10"
12 2 TRUE 0.0779285885838778 1 TRUE 0.142807110478163 TRUE 0.0111287565593052 "153,10,147,88,145,92,141,96,138,16" "16,138,96,141,92,145,88,147,10,153"
12 2 TRUE 0.0779285885838778 2 FALSE 0.0780722244071962 FALSE 0.00608405825565658 "153,10,147,88,145,92,141,96,138,16" "16,138,96,141,92,145,88,147,153,10"
13 1 FALSE 0.0986607705833018 1 FALSE 0.133807505696009 TRUE 0.0132015516217978 "153,10,147,88,145,92,141,96,16,138" "138,16,96,141,92,145,88,147,10,153"
13 1 FALSE 0.0986607705833018 2 FALSE 0.0739301743799867 FALSE 0.00729400797368736 "153,10,147,88,145,92,141,96,16,138" "138,16,96,141,92,145,88,147,153,10"
13 2 TRUE 0.0879427481522467 1 TRUE 0.140333549581167 TRUE 0.0123413180081274 "153,10,147,88,145,92,141,96,138,16" "16,138,96,141,92,145,88,147,10,153"
13 2 TRUE 0.0879427481522467 2 FALSE 0.0775358881247545 FALSE 0.00681871908211606 "153,10,147,88,145,92,141,96,138,16" "16,138,96,141,92,145,88,147,153,10"
14 1 FALSE 0.0926698603964274 1 FALSE 0.125733237727115 TRUE 0.0116516815873625 "153,10,147,88,145,92,141,96,16,138" "138,16,96,141,92,145,88,147,10,153"
14 1 FALSE 0.0926698603964274 2 FALSE 0.0684262518242801 FALSE 0.00634105120400682 "153,10,147,88,145,92,141,96,16,138" "138,16,96,141,92,145,88,147,153,10"
14 2 TRUE 0.0816924389169608 1 TRUE 0.122987866180945 TRUE 0.0100471787455142 "153,10,147,88,145,92,141,96,138,16" "16,138,96,141,92,145,88,147,10,153"
14 2 TRUE 0.0816924389169608 2 FALSE 0.0669321720712627 FALSE 0.00546785237851114 "153,10,147,88,145,92,141,96,138,16" "16,138,96,141,92,145,88,147,153,10"
15 1 FALSE 0.0816156190157375 1 FALSE 0.139167283713131 TRUE 0.011358224006986 "153,10,147,88,145,92,141,96,16,138" "138,16,96,141,92,145,88,147,10,153"
15 1 FALSE 0.0816156190157375 2 FALSE 0.0797078206948187 FALSE 0.00650540312640304 "153,10,147,88,145,92,141,96,16,138" "138,16,96,141,92,145,88,147,153,10"
15 2 TRUE 0.0721464035498233 1 TRUE 0.151004336449393 TRUE 0.0108944197952512 "153,10,147,88,145,92,141,96,138,16" "16,138,96,141,92,145,88,147,10,153"
15 2 TRUE 0.0721464035498233 2 FALSE 0.0864874721465348 FALSE 0.006239760067488 "153,10,147,88,145,92,141,96,138,16" "16,138,96,141,92,145,88,147,153,10"
16 1 FALSE 0.0899836620746575 1 FALSE 0.127748823339785 TRUE 0.0114953069498424 "153,10,147,88,145,92,141,96,16,138" "138,16,96,141,92,145,88,147,10,153"
16 1 FALSE 0.0899836620746575 2 FALSE 0.0741966011978216 FALSE 0.00667648188927291 "153,10,147,88,145,92,141,96,16,138" "138,16,96,141,92,88,147,10,153,145"
16 2 TRUE 0.0797639109803058 1 TRUE 0.127161010231699 TRUE 0.010142859500287 "153,10,147,88,145,92,141,96,138,16" "16,138,96,141,92,145,88,147,10,153"
16 2 TRUE 0.0797639109803058 2 FALSE 0.0738551989553638 FALSE 0.00589097951490841 "153,10,147,88,145,92,141,96,138,16" "16,138,96,141,92,88,147,10,153,145"
17 1 FALSE 0.0947603166408944 1 FALSE 0.110849917792428 TRUE 0.0105041733096276 "153,10,147,88,145,92,141,96,16,138" "138,16,96,141,92,145,88,147,10,153"
17 1 FALSE 0.0947603166408944 2 FALSE 0.0678454918536791 FALSE 0.00642906029071185 "153,10,147,88,145,92,141,96,16,138" "138,16,96,141,92,145,88,147,153,10"
17 2 TRUE 0.0844660204041399 1 TRUE 0.118031848886323 TRUE 0.00996968055637054 "153,10,147,88,145,92,141,96,138,16" "16,138,96,141,92,145,88,147,10,153"
17 2 TRUE 0.0844660204041399 2 FALSE 0.0722411798003039 FALSE 0.00610192496703161 "153,10,147,88,145,92,141,96,138,16" "16,138,96,141,92,145,88,147,153,10"
18 1 FALSE 0.0959012147167032 1 FALSE 0.126339925974675 TRUE 0.0121161523681897 "153,10,147,88,145,92,141,96,16,138" "138,16,96,141,92,145,88,147,10,153"
18 1 FALSE 0.0959012147167032 2 FALSE 0.0736469324584083 FALSE 0.00706283028292035 "153,10,147,88,145,92,141,96,16,138" "138,16,96,141,92,145,88,147,153,10"
18 2 TRUE 0.0840777772858767 1 TRUE 0.129880965369126 TRUE 0.01092010287998 "153,10,147,88,145,92,141,96,138,16" "16,138,96,141,92,145,88,147,10,153"
18 2 TRUE 0.0840777772858767 2 FALSE 0.0757110993249296 FALSE 0.00636562094711032 "153,10,147,88,145,92,141,96,138,16" "16,138,96,141,92,145,88,147,153,10"
19 1 FALSE 0.0956576304681574 1 FALSE 0.136622175883194 TRUE 0.0130689536143902 "153,10,147,88,145,92,141,96,16,138" "138,16,96,141,92,145,88,147,10,153"
19 1 FALSE 0.0956576304681574 2 FALSE 0.0809612894122631 FALSE 0.00774456510482381 "153,10,147,88,145,92,141,96,16,138" "138,16,96,141,92,145,88,147,153,10"
19 2 TRUE 0.0845592313530673 1 TRUE 0.140775924949361 TRUE 0.0119039040067351 "153,10,147,88,145,92,141,96,138,16" "16,138,96,141,92,145,88,147,10,153"
19 2 TRUE 0.0845592313530673 2 FALSE 0.0834227703403622 FALSE 0.00705416533732449 "153,10,147,88,145,92,141,96,138,16" "16,138,96,141,92,145,88,147,153,10"
20 1 FALSE 0.101368906367194 1 FALSE 0.139204098017534 TRUE 0.0141109671778692 "153,10,147,88,145,92,141,96,16,138" "138,16,96,141,92,145,88,147,10,153"
20 1 FALSE 0.101368906367194 2 FALSE 0.0833846329708991 FALSE 0.00845260905208994 "153,10,147,88,145,92,141,96,16,138" "138,16,96,141,92,145,88,147,153,10"
20 2 TRUE 0.0886977930712951 1 TRUE 0.1365837637799 TRUE 0.0121146784166482 "153,10,147,88,145,92,141,96,138,16" "16,138,96,141,92,145,88,147,10,153"
20 2 TRUE 0.0886977930712951 2 FALSE 0.0818150268186528 FALSE 0.00725681231888333 "153,10,147,88,145,92,141,96,138,16" "16,138,96,141,92,145,88,147,153,10"
21 1 FALSE 0.105703606121202 1 FALSE 0.141598822240731 TRUE 0.0149675061333602 "153,10,147,88,145,92,141,96,16,138" "138,16,96,141,92,145,88,147,10,153"
21 1 FALSE 0.105703606121202 2 FALSE 0.0799616878535891 FALSE 0.00845223875766225 "153,10,147,88,145,92,141,96,16,138" "138,16,96,141,92,145,88,147,153,10"
21 2 TRUE 0.0841142754280119 1 TRUE 0.133824290102427 TRUE 0.0112565331966337 "153,10,147,88,145,92,141,96,138,16" "16,138,96,141,92,145,88,147,10,153"
21 2 TRUE 0.0841142754280119 2 FALSE 0.0755713638225471 FALSE 0.00635663051104023 "153,10,147,88,145,92,141,96,138,16" "16,138,96,141,92,145,88,147,153,10"
22 1 FALSE 0.11148999422202 1 FALSE 0.135243996634417 TRUE 0.0150783524033341 "153,10,147,88,145,92,141,96,16,138" "138,16,96,141,92,145,88,147,10,153"
22 1 FALSE 0.11148999422202 2 FALSE 0.0760153611059957 FALSE 0.00847495217049225 "153,10,147,88,145,92,141,96,16,138" "138,16,96,141,92,145,88,147,153,10"
22 2 TRUE 0.0755683970383144 1 TRUE 0.129690125404296 TRUE 0.00980047488850061 "153,10,147,88,145,92,141,96,138,16" "16,138,96,141,92,145,88,147,10,153"
22 2 TRUE 0.0755683970383144 2 FALSE 0.0728937472998383 FALSE 0.00550846363756474 "153,10,147,88,145,92,141,96,138,16" "16,138,96,141,92,145,88,147,153,10"
25 1 FALSE 0.0921717016072009 1 FALSE 0.121728623231361 TRUE 0.0112199343375364 "153,10,147,88,145,92,141,96,16,138" "138,16,96,141,92,145,88,147,10,153"
25 1 FALSE 0.0921717016072009 2 FALSE 0.0699722727363168 FALSE 0.00644946344342947 "153,10,147,88,145,92,141,96,16,138" "138,16,96,141,92,145,88,147,153,10"
25 2 TRUE 0.0918827621037301 1 TRUE 0.124877879367289 TRUE 0.011474124481923 "153,10,147,88,145,92,141,96,138,16" "16,138,96,141,92,145,88,147,10,153"
25 2 TRUE 0.0918827621037301 2 FALSE 0.0717825339830975 FALSE 0.00659557749317187 "153,10,147,88,145,92,141,96,138,16" "16,138,96,141,92,145,88,147,153,10"
30 1 FALSE 0.0927527868213492 1 FALSE 0.123734473755208 TRUE 0.0114767172666687 "153,10,147,88,145,92,141,96,16,138" "138,16,96,141,92,145,88,147,10,153"
30 1 FALSE 0.0927527868213492 2 FALSE 0.0719038104146488 FALSE 0.00666927879903263 "153,10,147,88,145,92,141,96,16,138" "138,16,96,141,92,145,88,147,153,10"
30 2 TRUE 0.0892961612255225 1 TRUE 0.129630431537192 TRUE 0.0115754999142791 "153,10,147,88,145,92,141,96,138,16" "16,138,96,141,92,145,88,147,10,153"
30 2 TRUE 0.0892961612255225 2 FALSE 0.0753300328545423 FALSE 0.00672668275890311 "153,10,147,88,145,92,141,96,138,16" "16,138,96,141,92,145,88,147,153,10"
32 1 FALSE 0.0915313813255239 1 FALSE 0.126604867336536 TRUE 0.0115883183898478 "153,10,147,88,145,92,141,96,16,138" "138,16,96,141,92,145,88,147,10,153"
32 1 FALSE 0.0915313813255239 2 FALSE 0.0700119082045359 FALSE 0.00640828666719695 "153,10,147,88,145,92,141,96,16,138" "138,16,96,141,92,145,88,147,153,10"
32 2 TRUE 0.0912453457588816 1 TRUE 0.128255232240466 TRUE 0.011702693011167 "153,10,147,88,145,92,141,96,138,16" "16,138,96,141,92,145,88,147,10,153"
32 2 TRUE 0.0912453457588816 2 FALSE 0.070924552391041 FALSE 0.00647153530571445 "153,10,147,88,145,92,141,96,138,16" "16,138,96,141,92,145,88,147,153,10"
34 1 FALSE 0.0947784955995867 1 FALSE 0.128873592826983 TRUE 0.0122144452506551 "153,10,147,88,145,92,141,96,16,138" "138,16,96,141,92,145,88,147,10,153"
34 1 FALSE 0.0947784955995867 2 FALSE 0.0765585699962274 FALSE 0.00725610608949809 "153,10,147,88,145,92,141,96,16,138" "138,16,96,141,92,145,88,147,153,10"
34 2 TRUE 0.0918622341965225 1 TRUE 0.129244156708955 TRUE 0.0118726569921301 "153,10,147,88,145,92,141,96,138,16" "16,138,96,141,92,145,88,147,10,153"
34 2 TRUE 0.0918622341965225 2 FALSE 0.0767787069558148 FALSE 0.00705306355968123 "153,10,147,88,145,92,141,96,138,16" "16,138,96,141,92,145,88,147,153,10"
35 1 FALSE 0.0940166682410606 1 FALSE 0.122887814872335 TRUE 0.0115535029217212 "153,10,147,88,145,92,141,96,16,138" "138,16,96,141,92,145,88,147,10,153"
35 1 FALSE 0.0940166682410606 2 FALSE 0.0699737675273059 FALSE 0.00657870048719182 "153,10,147,88,145,92,141,96,16,138" "138,16,96,141,92,145,88,147,153,10"
35 2 TRUE 0.0937219451431263 1 TRUE 0.127078012704638 TRUE 0.0119099985356016 "153,10,147,88,145,92,141,96,138,16" "16,138,96,141,92,145,88,147,10,153"
35 2 TRUE 0.0937219451431263 2 FALSE 0.0723597154694646 FALSE 0.00678169328380138 "153,10,147,88,145,92,141,96,138,16" "16,138,96,141,92,145,88,147,153,10"
40 1 FALSE 0.0908201461198304 1 FALSE 0.127162089132142 TRUE 0.011548879515884 "153,10,147,88,145,92,141,96,16,138" "138,16,96,141,92,145,88,147,10,153"
40 1 FALSE 0.0908201461198304 2 FALSE 0.0764240984559755 FALSE 0.006940847788848 "153,10,147,88,145,92,141,96,16,138" "138,16,96,141,92,145,88,147,153,10"
40 2 TRUE 0.0905363331632059 1 TRUE 0.136365341549942 TRUE 0.0123460179944799 "153,10,147,88,145,92,141,96,138,16" "16,138,96,141,92,145,88,147,10,153"
40 2 TRUE 0.0905363331632059 2 FALSE 0.081955230208319 FALSE 0.00741992602660761 "153,10,147,88,145,92,141,96,138,16" "16,138,96,141,92,145,88,147,153,10"
45 1 FALSE 0.0950969853109968 1 FALSE 0.130556586512926 TRUE 0.0124155377898736 "153,10,147,88,145,92,141,96,16,138" "138,16,96,141,92,145,88,147,10,153"
45 1 FALSE 0.0950969853109968 2 FALSE 0.0767979920664268 FALSE 0.00730325752345504 "153,10,147,88,145,92,141,96,16,138" "138,16,96,141,92,145,88,147,153,10"
45 2 TRUE 0.0945026291528031 1 TRUE 0.133569080811664 TRUE 0.0126226293102255 "153,10,147,88,145,92,141,96,138,16" "16,138,96,141,92,145,88,147,10,153"
45 2 TRUE 0.0945026291528031 2 FALSE 0.078570047536273 FALSE 0.00742507606483852 "153,10,147,88,145,92,141,96,138,16" "16,138,96,141,92,145,88,147,153,10"
46 1 FALSE 0.091525582251079 1 FALSE 0.12659119206764 TRUE 0.0115863325618489 "153,10,147,88,145,92,141,96,16,138" "138,16,96,141,92,145,88,147,10,153"
46 1 FALSE 0.091525582251079 2 FALSE 0.0738448620394565 FALSE 0.00675869399441186 "153,10,147,88,145,92,141,96,16,138" "138,16,96,141,92,145,88,147,153,10"
46 2 TRUE 0.0912395648065444 1 TRUE 0.131633404704856 TRUE 0.0120101745592748 "153,10,147,88,145,92,141,96,138,16" "16,138,96,141,92,145,88,147,10,153"
46 2 TRUE 0.0912395648065444 2 FALSE 0.0767861527444995 FALSE 0.00700593515957698 "153,10,147,88,145,92,141,96,138,16" "16,138,96,141,92,145,88,147,153,10"
50 1 FALSE 0.0898428622574896 1 FALSE 0.123748455999754 TRUE 0.0111179154869629 "153,10,147,88,145,92,141,96,16,138" "138,16,96,141,92,145,88,147,10,153"
50 1 FALSE 0.0898428622574896 2 FALSE 0.0729720625059977 FALSE 0.00655601896037127 "153,10,147,88,145,92,141,96,16,138" "138,16,96,141,92,145,88,147,153,10"
50 2 TRUE 0.0892813443683803 1 TRUE 0.125628951018592 TRUE 0.0112163216385293 "153,10,147,88,145,92,141,96,138,16" "16,138,96,141,92,145,88,147,10,153"
50 2 TRUE 0.0892813443683803 2 FALSE 0.0740809539175975 FALSE 0.00661404715785513 "153,10,147,88,145,92,141,96,138,16" "16,138,96,141,92,145,88,147,153,10"
53 1 FALSE 0.0927072263800926 1 FALSE 0.136123493126773 TRUE 0.0126196314929527 "153,10,147,88,145,92,141,96,16,138" "138,16,96,141,92,145,88,147,10,153"
53 1 FALSE 0.0927072263800926 2 FALSE 0.081674095876064 FALSE 0.00757177889577165 "153,10,147,88,145,92,141,96,16,138" "138,16,96,141,92,145,88,147,153,10"
53 2 TRUE 0.0924175162976548 1 TRUE 0.129844069155748 TRUE 0.0119998663773552 "153,10,147,88,145,92,141,96,138,16" "16,138,96,141,92,145,88,147,10,153"
53 2 TRUE 0.0924175162976548 2 FALSE 0.0779064414934489 FALSE 0.0071999198264131 "153,10,147,88,145,92,141,96,138,16" "16,138,96,141,92,145,88,147,153,10"
54 1 FALSE 0.0965207831819772 1 FALSE 0.127991892106283 TRUE 0.0123538776670416 "153,10,147,88,145,92,141,96,16,138" "138,16,96,141,92,145,88,147,10,153"
54 1 FALSE 0.0965207831819772 2 FALSE 0.0747923281501264 FALSE 0.00721901408905363 "153,10,147,88,145,92,141,96,16,138" "138,16,96,141,92,145,88,147,153,10"
54 2 TRUE 0.0962200953839025 1 TRUE 0.130883136414752 TRUE 0.0125935878699717 "153,10,147,88,145,92,141,96,138,16" "16,138,96,141,92,145,88,147,10,153"
54 2 TRUE 0.0962200953839025 2 FALSE 0.0764818327704784 FALSE 0.00735908924431111 "153,10,147,88,145,92,141,96,138,16" "16,138,96,141,92,145,88,147,153,10"
63 1 FALSE 0.0912386206665006 1 FALSE 0.12708538184481 TRUE 0.011595094946396 "153,10,147,88,145,92,141,96,16,138" "138,16,96,141,92,145,88,147,10,153"
63 1 FALSE 0.0912386206665006 2 FALSE 0.0765689425614977 FALSE 0.00698604470520357 "153,10,147,88,145,92,141,96,16,138" "138,16,96,141,92,145,88,147,153,10"
63 2 TRUE 0.090668379287335 1 TRUE 0.120604346398272 TRUE 0.0109350006229396 "153,10,147,88,145,92,141,96,138,16" "16,138,96,141,92,145,88,147,10,153"
63 2 TRUE 0.090668379287335 2 FALSE 0.0726641187049587 FALSE 0.00658833787532113 "153,10,147,88,145,92,141,96,138,16" "16,138,96,141,92,145,88,147,153,10"
64 1 FALSE 0.0937419837485841 1 FALSE 0.121575100956168 TRUE 0.0113966911380656 "153,10,147,88,145,92,141,96,16,138" "138,16,96,141,92,145,88,147,10,153"
64 1 FALSE 0.0937419837485841 2 FALSE 0.0731278802743867 FALSE 0.00685515256424996 "153,10,147,88,145,92,141,96,16,138" "138,16,96,141,92,145,88,147,153,10"
64 2 TRUE 0.0934481217305635 1 TRUE 0.135328612295383 TRUE 0.0126462046354072 "153,10,147,88,145,92,141,96,138,16" "16,138,96,141,92,145,88,147,10,153"
64 2 TRUE 0.0934481217305635 2 FALSE 0.0814006690498543 FALSE 0.0076067396303201 "153,10,147,88,145,92,141,96,138,16" "16,138,96,141,92,145,88,147,153,10"
65 1 FALSE 0.0901550869260034 1 FALSE 0.117955804637402 TRUE 0.0106343158205117 "153,10,147,88,145,92,141,96,16,138" "138,16,96,141,92,145,88,147,10,153"
65 1 FALSE 0.0901550869260034 2 FALSE 0.0749019359447505 FALSE 0.00675279054602492 "153,10,147,88,145,92,141,96,16,138" "138,16,96,141,92,145,88,147,153,10"
65 2 TRUE 0.089595117441991 1 TRUE 0.125445121302801 TRUE 0.0112392703756492 "153,10,147,88,145,92,141,96,138,16" "16,138,96,141,92,145,88,147,10,153"
65 2 TRUE 0.089595117441991 2 FALSE 0.0796576520272784 FALSE 0.00713693668853726 "153,10,147,88,145,92,141,96,138,16" "16,138,96,141,92,145,88,147,153,10"
69 1 FALSE 0.0931169635928004 1 FALSE 0.120796422801395 TRUE 0.011248196104138 "153,10,147,88,145,92,141,96,16,138" "138,16,96,141,92,145,88,147,10,153"
69 1 FALSE 0.0931169635928004 2 FALSE 0.0724778536808367 FALSE 0.00674891766248279 "153,10,147,88,145,92,141,96,16,138" "138,16,96,141,92,145,88,147,153,10"
69 2 TRUE 0.0925349825703454 1 TRUE 0.116070887534488 TRUE 0.0107406175549284 "153,10,147,88,145,92,141,96,138,16" "16,138,96,141,92,145,88,147,10,153"
69 2 TRUE 0.0925349825703454 2 FALSE 0.0696425325206927 FALSE 0.00644437053295701 "153,10,147,88,145,92,141,96,138,16" "16,138,96,141,92,145,88,147,153,10"
71 1 FALSE 0.09190398479127 1 FALSE 0.122927153288214 TRUE 0.0112974952262341 "153,10,147,88,145,92,141,96,16,138" "138,16,96,141,92,145,88,147,10,153"
71 1 FALSE 0.09190398479127 2 FALSE 0.0736951341852226 FALSE 0.0067728764913493 "153,10,147,88,145,92,141,96,16,138" "138,16,96,141,92,145,88,147,153,10"
71 2 TRUE 0.0916167848387973 1 TRUE 0.125084552045792 TRUE 0.0114598444914367 "153,10,147,88,145,92,141,96,138,16" "16,138,96,141,92,145,88,147,10,153"
71 2 TRUE 0.0916167848387973 2 FALSE 0.0749885001070545 FALSE 0.00687020527969213 "153,10,147,88,145,92,141,96,138,16" "16,138,96,141,92,145,88,147,153,10"
76 1 FALSE 0.0918133655970541 1 FALSE 0.121925591521546 TRUE 0.0111943989100048 "153,10,147,88,145,92,141,96,16,138" "138,16,96,141,92,145,88,147,10,153"
76 1 FALSE 0.0918133655970541 2 FALSE 0.0734601688917316 FALSE 0.0067446253432779 "153,10,147,88,145,92,141,96,16,138" "138,16,96,141,92,145,88,147,153,10"
76 2 TRUE 0.0909552967596984 1 TRUE 0.128015810215192 TRUE 0.0116437160080561 "153,10,147,88,145,92,141,96,138,16" "16,138,96,141,92,145,88,147,10,153"
76 2 TRUE 0.0909552967596984 2 FALSE 0.0771295256546534 FALSE 0.00701533889485378 "153,10,147,88,145,92,141,96,138,16" "16,138,96,141,92,145,88,147,153,10"
82 1 FALSE 0.0902414268968153 1 FALSE 0.115824109587303 TRUE 0.0104521329182113 "153,10,147,88,145,92,141,96,16,138" "138,16,96,141,92,145,88,147,10,153"
82 1 FALSE 0.0902414268968153 2 FALSE 0.0694944657523816 FALSE 0.00627127975092678 "153,10,147,88,145,92,141,96,16,138" "138,16,96,141,92,145,88,147,153,10"
82 2 TRUE 0.0899603009563268 1 TRUE 0.11931600918416 TRUE 0.0107337040951149 "153,10,147,88,145,92,141,96,138,16" "16,138,96,141,92,145,88,147,10,153"
82 2 TRUE 0.0899603009563268 2 FALSE 0.0715896055104959 FALSE 0.00644022245706892 "153,10,147,88,145,92,141,96,138,16" "16,138,96,141,92,145,88,147,153,10"
83 1 FALSE 0.0944631492864371 1 FALSE 0.121854134307631 TRUE 0.0115107252802714 "153,10,147,88,145,92,141,96,16,138" "138,16,96,141,92,145,88,147,10,153"
83 1 FALSE 0.0944631492864371 2 FALSE 0.073417115920348 FALSE 0.00693521198136349 "153,10,147,88,145,92,141,96,16,138" "138,16,96,141,92,145,88,147,153,10"
83 2 TRUE 0.094167951944917 1 TRUE 0.121802701886378 TRUE 0.0114699109779975 "153,10,147,88,145,92,141,96,138,16" "16,138,96,141,92,145,88,147,10,153"
83 2 TRUE 0.094167951944917 2 FALSE 0.0733861278865425 FALSE 0.00691062136424347 "153,10,147,88,145,92,141,96,138,16" "16,138,96,141,92,145,88,147,153,10"
87 1 FALSE 0.0922924086742698 1 FALSE 0.119958698117081 TRUE 0.011071277190655 "153,10,147,88,145,92,141,96,16,138" "138,16,96,141,92,145,88,147,10,153"
87 1 FALSE 0.0922924086742698 2 FALSE 0.0721556078899735 FALSE 0.00665941485152181 "153,10,147,88,145,92,141,96,16,138" "138,16,96,141,92,145,88,147,153,10"
87 2 TRUE 0.0920039948971628 1 TRUE 0.118125712029979 TRUE 0.0108680374068299 "153,10,147,88,145,92,141,96,138,16" "16,138,96,141,92,145,88,147,10,153"
87 2 TRUE 0.0920039948971628 2 FALSE 0.0710530598676564 FALSE 0.00653716535749166 "153,10,147,88,145,92,141,96,138,16" "16,138,96,141,92,145,88,147,153,10"
88 1 FALSE 0.0925687451978798 1 FALSE 0.123087596068108 TRUE 0.0113940643174482 "153,10,147,88,145,92,141,96,16,138" "138,16,96,141,92,145,88,147,10,153"
88 1 FALSE 0.0925687451978798 2 FALSE 0.0730643119517585 FALSE 0.00676347167612074 "153,10,147,88,145,92,141,96,16,138" "138,16,96,141,92,145,88,147,153,10"
88 2 TRUE 0.0922794678691364 1 TRUE 0.122324861694988 TRUE 0.0112880731443792 "153,10,147,88,145,92,141,96,138,16" "16,138,96,141,92,145,88,147,10,153"
88 2 TRUE 0.0922794678691364 2 FALSE 0.0726115558337243 FALSE 0.00670055573348617 "153,10,147,88,145,92,141,96,138,16" "16,138,96,141,92,145,88,147,153,10"
93 1 FALSE 0.0904893737585168 1 FALSE 0.116502832189745 TRUE 0.0105422683259436 "153,10,147,88,145,92,141,96,16,138" "138,16,96,141,92,145,88,147,10,153"
93 1 FALSE 0.0904893737585168 2 FALSE 0.0733967842795392 FALSE 0.00664162904534445 "153,10,147,88,145,92,141,96,16,138" "138,16,96,141,92,145,88,147,153,10"
93 2 TRUE 0.0896463050589033 1 TRUE 0.119114826737487 TRUE 0.0106782040947472 "153,10,147,88,145,92,141,96,138,16" "16,138,96,141,92,145,88,147,10,153"
93 2 TRUE 0.0896463050589033 2 FALSE 0.0750423408446167 FALSE 0.00672726857969071 "153,10,147,88,145,92,141,96,138,16" "16,138,96,141,92,145,88,147,153,10"
96 1 FALSE 0.0896443936595215 1 FALSE 0.119599477156831 TRUE 0.0107214226117199 "153,10,147,88,145,92,141,96,16,138" "138,16,96,141,92,145,88,147,10,153"
96 1 FALSE 0.0896443936595215 2 FALSE 0.0735536784514508 FALSE 0.00659367490620772 "153,10,147,88,145,92,141,96,16,138" "138,16,96,141,92,145,88,147,153,10"
96 2 TRUE 0.0893642549293355 1 TRUE 0.123776998772698 TRUE 0.0110612392727114 "153,10,147,88,145,92,141,96,138,16" "16,138,96,141,92,145,88,147,10,153"
96 2 TRUE 0.0893642549293355 2 FALSE 0.076122854245209 FALSE 0.00680266215271751 "153,10,147,88,145,92,141,96,138,16" "16,138,96,141,92,145,88,147,153,10"
97 1 FALSE 0.0896258036138646 1 FALSE 0.120248566506185 TRUE 0.0107773744065321 "153,10,147,88,145,92,141,96,16,138" "138,16,96,141,92,145,88,147,10,153"
97 1 FALSE 0.0896258036138646 2 FALSE 0.0736522469850383 FALSE 0.00660114182400089 "153,10,147,88,145,92,141,96,16,138" "138,16,96,141,92,145,88,147,153,10"
97 2 TRUE 0.0893457229775712 1 TRUE 0.122759463414777 TRUE 0.0109680330111319 "153,10,147,88,145,92,141,96,138,16" "16,138,96,141,92,145,88,147,10,153"
97 2 TRUE 0.0893457229775712 2 FALSE 0.0751901713415508 FALSE 0.00671792021931831 "153,10,147,88,145,92,141,96,138,16" "16,138,96,141,92,145,88,147,153,10"
102 1 FALSE 0.0904422586519817 1 FALSE 0.121909630678469 TRUE 0.0110257823499896 "153,10,147,88,145,92,141,96,16,138" "138,16,96,141,92,145,88,147,10,153"
102 1 FALSE 0.0904422586519817 2 FALSE 0.0734505524837773 FALSE 0.00664303386586874 "153,10,147,88,145,92,141,96,16,138" "138,16,96,141,92,145,88,147,153,10"
102 2 TRUE 0.0898805054926526 1 TRUE 0.123595461460055 TRUE 0.0111088225526274 "153,10,147,88,145,92,141,96,138,16" "16,138,96,141,92,145,88,147,10,153"
102 2 TRUE 0.0898805054926526 2 FALSE 0.0744662655296833 FALSE 0.00669306558795803 "153,10,147,88,145,92,141,96,138,16" "16,138,96,141,92,145,88,147,153,10"
103 1 FALSE 0.0963101658111689 1 FALSE 0.123681328680208 TRUE 0.0119117692729365 "153,10,147,88,145,92,141,96,16,138" "138,16,96,141,92,145,88,147,10,153"
103 1 FALSE 0.0963101658111689 2 FALSE 0.0754456104949271 FALSE 0.00726617925649129 "153,10,147,88,145,92,141,96,16,138" "138,16,96,141,92,145,88,147,153,10"
103 2 TRUE 0.096009196543009 1 TRUE 0.123227197574893 TRUE 0.0118309442314121 "153,10,147,88,145,92,141,96,138,16" "16,138,96,141,92,145,88,147,10,153"
103 2 TRUE 0.096009196543009 2 FALSE 0.0751685905206847 FALSE 0.00721687598116138 "153,10,147,88,145,92,141,96,138,16" "16,138,96,141,92,145,88,147,153,10"
105 1 FALSE 0.0915333367581174 1 FALSE 0.125367798521768 TRUE 0.0114753329207168 "153,10,147,88,145,92,141,96,16,138" "138,16,96,141,92,145,88,147,10,153"
105 1 FALSE 0.0915333367581174 2 FALSE 0.0784721132891864 FALSE 0.00718281437182024 "153,10,147,88,145,92,141,96,16,138" "138,16,96,141,92,145,88,147,153,10"
105 2 TRUE 0.0912472950807483 1 TRUE 0.131537994145663 TRUE 0.012002486166139 "153,10,147,88,145,92,141,96,138,16" "16,138,96,141,92,145,88,147,10,153"
105 2 TRUE 0.0912472950807483 2 FALSE 0.0823342556871852 FALSE 0.00751277812394237 "153,10,147,88,145,92,141,96,138,16" "16,138,96,141,92,145,88,147,153,10"
106 1 FALSE 0.0906079180473739 1 FALSE 0.120546509998876 TRUE 0.0109224682988751 "153,10,147,88,145,92,141,96,16,138" "138,16,96,141,92,145,88,147,10,153"
106 1 FALSE 0.0906079180473739 2 FALSE 0.0762456675742893 FALSE 0.00690846119903851 "153,10,147,88,145,92,141,96,16,138" "138,16,96,141,92,145,88,147,153,10"
106 2 TRUE 0.0900451359477007 1 TRUE 0.121669614129301 TRUE 0.0109557569449772 "153,10,147,88,145,92,141,96,138,16" "16,138,96,141,92,145,88,147,10,153"
106 2 TRUE 0.0900451359477007 2 FALSE 0.0769560309367826 FALSE 0.00692951626769806 "153,10,147,88,145,92,141,96,138,16" "16,138,96,141,92,145,88,147,153,10"
107 1 FALSE 0.0924776565647571 1 FALSE 0.12483019041998 TRUE 0.0115440034785721 "153,10,147,88,145,92,141,96,16,138" "138,16,96,141,92,145,88,147,10,153"
107 1 FALSE 0.0924776565647571 2 FALSE 0.0767705671082876 FALSE 0.00709956213932186 "153,10,147,88,145,92,141,96,16,138" "138,16,96,141,92,145,88,147,153,10"
107 2 TRUE 0.0921886638879923 1 TRUE 0.130352805762601 TRUE 0.0120170509973052 "153,10,147,88,145,92,141,96,138,16" "16,138,96,141,92,145,88,147,10,153"
107 2 TRUE 0.0921886638879923 2 FALSE 0.0801669755439999 FALSE 0.0073904863633427 "153,10,147,88,145,92,141,96,138,16" "16,138,96,141,92,145,88,147,153,10"
108 1 FALSE 0.0942767433557384 1 FALSE 0.121361303922976 TRUE 0.0114415485032642 "153,10,147,88,145,92,141,96,16,138" "138,16,96,141,92,145,88,147,10,153"
108 1 FALSE 0.0942767433557384 2 FALSE 0.0740303953930152 FALSE 0.00697934458699113 "153,10,147,88,145,92,141,96,16,138" "138,16,96,141,92,145,88,147,153,10"
108 2 TRUE 0.0939830463359386 1 TRUE 0.124305455171026 TRUE 0.0116826053531485 "153,10,147,88,145,92,141,96,138,16" "16,138,96,141,92,145,88,147,10,153"
108 2 TRUE 0.0939830463359386 2 FALSE 0.075826327654326 FALSE 0.00712638926542058 "153,10,147,88,145,92,141,96,138,16" "16,138,96,141,92,145,88,147,153,10"
110 1 FALSE 0.0940795459648335 1 FALSE 0.120030850836664 TRUE 0.011292447948486 "153,10,147,88,145,92,141,96,16,138" "138,16,96,141,92,145,88,147,10,153"
110 1 FALSE 0.0940795459648335 2 FALSE 0.0729187418832731 FALSE 0.00686016212870522 "153,10,147,88,145,92,141,96,16,138" "138,16,96,141,92,145,88,147,153,10"
110 2 TRUE 0.0937855473836934 1 TRUE 0.120680303556795 TRUE 0.0113180683275043 "153,10,147,88,145,92,141,96,138,16" "16,138,96,141,92,145,88,147,10,153"
110 2 TRUE 0.0937855473836934 2 FALSE 0.0733132844107527 FALSE 0.00687572650895884 "153,10,147,88,145,92,141,96,138,16" "16,138,96,141,92,145,88,147,153,10"
116 1 FALSE 0.0918442965477343 1 FALSE 0.130907138959201 TRUE 0.0120230740907843 "153,10,147,88,145,92,141,96,16,138" "138,16,96,141,92,145,88,147,10,153"
116 1 FALSE 0.0918442965477343 2 FALSE 0.0788715512229187 FALSE 0.00724390213969756 "153,10,147,88,145,92,141,96,16,138" "138,16,96,141,92,145,88,147,153,10"
116 2 TRUE 0.0912702696943109 1 TRUE 0.131621114353807 TRUE 0.0120130946045377 "153,10,147,88,145,92,141,96,138,16" "16,138,96,141,92,145,88,147,10,153"
116 2 TRUE 0.0912702696943109 2 FALSE 0.0793017213981686 FALSE 0.00723788949923395 "153,10,147,88,145,92,141,96,138,16" "16,138,96,141,92,145,88,147,153,10"
120 1 FALSE 0.0887317435866236 1 FALSE 0.122786578575978 TRUE 0.0108950672060825 "153,10,147,88,145,92,141,96,16,138" "138,16,96,141,92,145,88,147,10,153"
120 1 FALSE 0.0887317435866236 2 FALSE 0.0763184749043675 FALSE 0.0067718713461365 "153,10,147,88,145,92,141,96,16,138" "138,16,96,141,92,145,88,147,153,10"
120 2 TRUE 0.0884544568879154 1 TRUE 0.121145282800246 TRUE 0.0107158401946287 "153,10,147,88,145,92,141,96,138,16" "16,138,96,141,92,145,88,147,10,153"
120 2 TRUE 0.0884544568879154 2 FALSE 0.075298321139 FALSE 0.00666047210092208 "153,10,147,88,145,92,141,96,138,16" "16,138,96,141,92,145,88,147,153,10"
121 1 FALSE 0.094083696464921 1 FALSE 0.122880940607171 TRUE 0.0115610931174091 "153,10,147,88,145,92,141,96,16,138" "138,16,96,141,92,145,88,147,10,153"
121 1 FALSE 0.094083696464921 2 FALSE 0.0746501714188565 FALSE 0.00702336406882602 "153,10,147,88,145,92,141,96,16,138" "138,16,96,141,92,145,88,147,153,10"
121 2 TRUE 0.0937896849134681 1 TRUE 0.131503074585073 TRUE 0.0123336319304863 "153,10,147,88,145,92,141,96,138,16" "16,138,96,141,92,145,88,147,10,153"
121 2 TRUE 0.0937896849134681 2 FALSE 0.0798881178104318 FALSE 0.00749268139777042 "153,10,147,88,145,92,141,96,138,16" "16,138,96,141,92,145,88,147,153,10"
126 1 FALSE 0.092074192506318 1 FALSE 0.115084362215083 TRUE 0.0105962997210584 "153,10,147,88,145,92,141,96,16,138" "138,16,96,141,92,145,88,147,10,153"
126 1 FALSE 0.092074192506318 2 FALSE 0.071064593667814 FALSE 0.00654321507775358 "153,10,147,88,145,92,141,96,16,138" "138,16,96,141,92,145,88,147,153,10"
126 2 TRUE 0.0915023031118689 1 TRUE 0.115654101497941 TRUE 0.0105826166513954 "153,10,147,88,145,92,141,96,138,16" "16,138,96,141,92,145,88,147,10,153"
126 2 TRUE 0.0915023031118689 2 FALSE 0.0714164076749784 FALSE 0.00653476578223667 "153,10,147,88,145,92,141,96,138,16" "16,138,96,141,92,145,88,147,153,10"
129 1 FALSE 0.0862515268628369 1 FALSE 0.12012352948731 TRUE 0.0103608378304335 "153,10,147,88,145,92,141,96,16,138" "138,16,96,141,92,145,88,147,10,153"
129 1 FALSE 0.0862515268628369 2 FALSE 0.076278441224442 FALSE 0.00657913202232528 "153,10,147,88,145,92,141,96,16,138" "138,16,96,141,92,145,88,147,153,10"
129 2 TRUE 0.0859819908413906 1 TRUE 0.126363529398125 TRUE 0.0108649878273954 "153,10,147,88,145,92,141,96,138,16" "16,138,96,141,92,145,88,147,10,153"
129 2 TRUE 0.0859819908413906 2 FALSE 0.0802408411678095 FALSE 0.00689926727039607 "153,10,147,88,145,92,141,96,138,16" "16,138,96,141,92,145,88,147,153,10"
131 1 FALSE 0.0935449333754891 1 FALSE 0.116642199595107 TRUE 0.0109112867898948 "153,10,147,88,145,92,141,96,16,138" "138,16,96,141,92,145,88,147,10,153"
131 1 FALSE 0.0935449333754891 2 FALSE 0.0723181637489666 FALSE 0.00676499780973479 "153,10,147,88,145,92,141,96,16,138" "138,16,96,141,92,145,88,147,153,10"
131 2 TRUE 0.0932535161375592 1 TRUE 0.118803026554044 TRUE 0.0110787999539484 "153,10,147,88,145,92,141,96,138,16" "16,138,96,141,92,145,88,147,10,153"
131 2 TRUE 0.0932535161375592 2 FALSE 0.0736578764635072 FALSE 0.00686885597144801 "153,10,147,88,145,92,141,96,138,16" "16,138,96,141,92,145,88,147,153,10"
133 1 FALSE 0.0922721726192604 1 FALSE 0.126778332275164 TRUE 0.0116981121600759 "153,10,147,88,145,92,141,96,16,138" "138,16,96,141,92,145,88,147,10,153"
133 1 FALSE 0.0922721726192604 2 FALSE 0.0801872951640413 FALSE 0.007399055941248 "153,10,147,88,145,92,141,96,16,138" "138,16,96,141,92,145,88,147,153,10"
133 2 TRUE 0.0919838220798252 1 TRUE 0.121254496079057 TRUE 0.0111534519937149 "153,10,147,88,145,92,141,96,138,16" "16,138,96,141,92,145,88,147,10,153"
133 2 TRUE 0.0919838220798252 2 FALSE 0.0766934687700036 FALSE 0.00705455838602465 "153,10,147,88,145,92,141,96,138,16" "16,138,96,141,92,145,88,147,153,10"
136 1 FALSE 0.0952517928942628 1 FALSE 0.124481963878582 TRUE 0.0118571302424338 "153,10,147,88,145,92,141,96,16,138" "138,16,96,141,92,145,88,147,10,153"
136 1 FALSE 0.0952517928942628 2 FALSE 0.0765564077853279 FALSE 0.00729213509909678 "153,10,147,88,145,92,141,96,16,138" "138,16,96,141,92,145,88,147,153,10"
136 2 TRUE 0.0949541310414682 1 TRUE 0.126388651831285 TRUE 0.0120011246081423 "153,10,147,88,145,92,141,96,138,16" "16,138,96,141,92,145,88,147,10,153"
136 2 TRUE 0.0949541310414682 2 FALSE 0.07772902087624 FALSE 0.00738069163400752 "153,10,147,88,145,92,141,96,138,16" "16,138,96,141,92,145,88,147,153,10"
137 1 FALSE 0.0906101884981319 1 FALSE 0.122555335662129 TRUE 0.0111047620657973 "153,10,147,88,145,92,141,96,16,138" "138,16,96,141,92,145,88,147,10,153"
137 1 FALSE 0.0906101884981319 2 FALSE 0.0790481915020729 FALSE 0.00716257153243926 "153,10,147,88,145,92,141,96,16,138" "138,16,96,141,92,145,88,147,153,10"
137 2 TRUE 0.0903270316590753 1 TRUE 0.126584964934666 TRUE 0.0114340441352165 "153,10,147,88,145,92,141,96,138,16" "16,138,96,141,92,145,88,147,10,153"
137 2 TRUE 0.0903270316590753 2 FALSE 0.0816473023828595 FALSE 0.00737495846721464 "153,10,147,88,145,92,141,96,138,16" "16,138,96,141,92,145,88,147,153,10"
141 1 FALSE 0.095561961667585 1 FALSE 0.132214209162283 TRUE 0.0126346491878761 "153,10,147,88,145,92,141,96,16,138" "138,16,96,141,92,145,88,147,10,153"
141 1 FALSE 0.095561961667585 2 FALSE 0.0796590610202754 FALSE 0.00761237613569538 "153,10,147,88,145,92,141,96,16,138" "138,16,96,141,92,145,88,147,153,10"
141 2 TRUE 0.0943674371467402 1 TRUE 0.127301481148441 TRUE 0.0120131145209624 "153,10,147,88,145,92,141,96,138,16" "16,138,96,141,92,145,88,147,10,153"
141 2 TRUE 0.0943674371467402 2 FALSE 0.0766991423919354 FALSE 0.00723790149887984 "153,10,147,88,145,92,141,96,138,16" "16,138,96,141,92,145,88,147,153,10"
146 1 FALSE 0.0951239584845028 1 FALSE 0.111872439503274 TRUE 0.0106417492908695 "153,10,147,88,145,92,141,96,16,138" "138,16,96,141,92,145,88,147,10,153"
146 1 FALSE 0.0951239584845028 2 FALSE 0.072157723479612 FALSE 0.00686392829261084 "153,10,147,88,145,92,141,96,16,138" "138,16,96,141,92,145,88,147,153,10"
146 2 TRUE 0.0948266961142387 1 TRUE 0.114669117878846 TRUE 0.0108736935947851 "153,10,147,88,145,92,141,96,138,16" "16,138,96,141,92,145,88,147,10,153"
146 2 TRUE 0.0948266961142387 2 FALSE 0.0739615810318554 FALSE 0.00701353236863639 "153,10,147,88,145,92,141,96,138,16" "16,138,96,141,92,145,88,147,153,10"
151 1 FALSE 0.0967631630175661 1 FALSE 0.114380081664459 TRUE 0.0110677784880606 "153,10,147,88,145,92,141,96,16,138" "138,16,96,141,92,145,88,147,10,153"
151 1 FALSE 0.0967631630175661 2 FALSE 0.0716667178348743 FALSE 0.00693469830078985 "153,10,147,88,145,92,141,96,16,138" "138,16,96,141,92,145,88,147,153,10"
151 2 TRUE 0.0961583932487063 1 TRUE 0.111849615243379 TRUE 0.0107552792872893 "153,10,147,88,145,92,141,96,138,16" "16,138,96,141,92,145,88,147,10,153"
151 2 TRUE 0.0961583932487063 2 FALSE 0.0700812125585079 FALSE 0.00673889679654718 "153,10,147,88,145,92,141,96,138,16" "16,138,96,141,92,145,88,147,153,10"
158 1 FALSE 0.0956840785843222 1 FALSE 0.120721556483012 TRUE 0.0115511308973422 "153,10,147,88,145,92,141,96,16,138" "138,16,96,141,92,145,88,147,10,153"
158 1 FALSE 0.0956840785843222 2 FALSE 0.0742437572370522 FALSE 0.00710394550186545 "153,10,147,88,145,92,141,96,16,138" "138,16,96,141,92,145,88,147,153,10"
158 2 TRUE 0.0953850658387462 1 TRUE 0.122989515693787 TRUE 0.0117313630519274 "153,10,147,88,145,92,141,96,138,16" "16,138,96,141,92,145,88,147,10,153"
158 2 TRUE 0.0953850658387462 2 FALSE 0.0756385521516793 FALSE 0.00721478827693537 "153,10,147,88,145,92,141,96,138,16" "16,138,96,141,92,145,88,147,153,10"
159 1 FALSE 0.0875958442380559 1 FALSE 0.125029108491231 TRUE 0.0109520303126208 "153,10,147,88,145,92,141,96,16,138" "138,16,96,141,92,145,88,147,10,153"
159 1 FALSE 0.0875958442380559 2 FALSE 0.0785719085780302 FALSE 0.00688257266528791 "153,10,147,88,145,92,141,96,16,138" "138,16,96,141,92,145,88,147,153,10"
159 2 TRUE 0.087322107224812 1 TRUE 0.121180650940815 TRUE 0.0105817497950264 "153,10,147,88,145,92,141,96,138,16" "16,138,96,141,92,145,88,147,10,153"
159 2 TRUE 0.087322107224812 2 FALSE 0.0761534265263975 FALSE 0.00664987767667492 "153,10,147,88,145,92,141,96,138,16" "16,138,96,141,92,145,88,147,153,10"
165 1 FALSE 0.0924865290749348 1 FALSE 0.118760164955198 TRUE 0.0109837154490729 "153,10,147,88,145,92,141,96,16,138" "138,16,96,141,92,145,88,147,10,153"
165 1 FALSE 0.0924865290749348 2 FALSE 0.0742251030969985 FALSE 0.00686482215567058 "153,10,147,88,145,92,141,96,16,138" "138,16,96,141,92,145,88,147,153,10"
165 2 TRUE 0.0913340489618515 1 TRUE 0.120299642418413 TRUE 0.0109874534307365 "153,10,147,88,145,92,141,96,138,16" "16,138,96,141,92,145,88,147,10,153"
165 2 TRUE 0.0913340489618515 2 FALSE 0.075187276511508 FALSE 0.00686715839421034 "153,10,147,88,145,92,141,96,138,16" "16,138,96,141,92,145,88,147,153,10"
169 1 FALSE 0.0945230958881366 1 FALSE 0.119642471532599 TRUE 0.0113089768089695 "153,10,147,88,145,92,141,96,16,138" "138,16,96,141,92,145,88,147,10,153"
169 1 FALSE 0.0945230958881366 2 FALSE 0.0757535246889822 FALSE 0.00716045767804099 "153,10,147,88,145,92,141,96,16,138" "138,16,96,141,92,145,88,147,153,10"
169 2 TRUE 0.0942277112134862 1 TRUE 0.121390892207654 TRUE 0.0114383859348903 "153,10,147,88,145,92,141,96,138,16" "16,138,96,141,92,145,88,147,10,153"
169 2 TRUE 0.0942277112134862 2 FALSE 0.0768605649153993 FALSE 0.00724239511455366 "153,10,147,88,145,92,141,96,138,16" "16,138,96,141,92,145,88,147,153,10"
173 1 FALSE 0.0881924512134397 1 FALSE 0.111722513371862 TRUE 0.00985308230999078 "153,10,147,88,145,92,141,96,16,138" "138,16,96,141,92,145,88,147,10,153"
173 1 FALSE 0.0881924512134397 2 FALSE 0.0736416566837084 FALSE 0.00649463821435483 "153,10,147,88,145,92,141,96,16,138" "138,16,96,141,92,145,88,147,153,10"
173 2 TRUE 0.0841469259284195 1 TRUE 0.112325097162422 TRUE 0.00945181163082886 "153,10,147,88,145,92,141,96,138,16" "16,138,96,141,92,145,88,147,10,153"
173 2 TRUE 0.0841469259284195 2 FALSE 0.0740388485055564 FALSE 0.00623014150102253 "153,10,147,88,145,92,141,96,138,16" "16,138,96,141,92,145,88,147,153,10"
174 1 FALSE 0.0917686082129109 1 FALSE 0.120121277983389 TRUE 0.0110233624972918 "153,10,147,88,145,92,141,96,16,138" "138,16,96,141,92,145,88,147,10,153"
174 1 FALSE 0.0917686082129109 2 FALSE 0.0813821658337461 FALSE 0.00746832809191519 "153,10,147,88,145,92,141,96,16,138" "138,16,96,141,92,145,88,147,153,10"
174 2 TRUE 0.0914818313122456 1 TRUE 0.119295907919131 TRUE 0.0109134081244991 "153,10,147,88,145,92,141,96,138,16" "16,138,96,141,92,145,88,147,10,153"
174 2 TRUE 0.0914818313122456 2 FALSE 0.0808229776152113 FALSE 0.00739383400434816 "153,10,147,88,145,92,141,96,138,16" "16,138,96,141,92,145,88,147,153,10"
176 1 FALSE 0.0928271762012496 1 FALSE 0.118659585195334 TRUE 0.0110148342228944 "153,10,147,88,145,92,141,96,16,138" "138,16,96,141,92,145,88,147,10,153"
176 1 FALSE 0.0928271762012496 2 FALSE 0.0741622407470837 FALSE 0.00688427138930903 "153,10,147,88,145,92,141,96,16,138" "138,16,96,141,92,145,88,147,153,10"
176 2 TRUE 0.0925370912756207 1 TRUE 0.120501589762654 TRUE 0.0111508666107241 "153,10,147,88,145,92,141,96,138,16" "16,138,96,141,92,145,88,147,10,153"
176 2 TRUE 0.0925370912756207 2 FALSE 0.0753134936016587 FALSE 0.00696929163170256 "153,10,147,88,145,92,141,96,138,16" "16,138,96,141,92,145,88,147,153,10"
183 1 FALSE 0.0901610614202462 1 FALSE 0.114033212674282 TRUE 0.0102813554918739 "153,10,147,88,145,92,141,96,16,138" "138,16,96,141,92,145,88,147,10,153"
183 1 FALSE 0.0901610614202462 2 FALSE 0.0792530828086257 FALSE 0.00714554206685236 "153,10,147,88,145,92,141,96,16,138" "138,16,96,141,92,145,88,147,153,10"
183 2 TRUE 0.0898793081033079 1 TRUE 0.12091729687043 TRUE 0.0108679629804365 "153,10,147,88,145,92,141,96,138,16" "16,138,96,141,92,145,88,147,10,153"
183 2 TRUE 0.0898793081033079 2 FALSE 0.0840375213249489 FALSE 0.0075532342714034 "153,10,147,88,145,92,141,96,138,16" "16,138,96,141,92,145,88,147,153,10"
188 1 FALSE 0.0920473759005841 1 FALSE 0.120514776999644 TRUE 0.0110930689800613 "153,10,147,88,145,92,141,96,16,138" "138,16,96,141,92,145,88,147,10,153"
188 1 FALSE 0.0920473759005841 2 FALSE 0.0759243095097759 FALSE 0.00698863345743864 "153,10,147,88,145,92,141,96,16,138" "138,16,96,141,92,145,88,147,153,10"
188 2 TRUE 0.0917588261328707 1 TRUE 0.119722838136263 TRUE 0.0109856270886792 "153,10,147,88,145,92,141,96,138,16" "16,138,96,141,92,145,88,147,10,153"
188 2 TRUE 0.0917588261328707 2 FALSE 0.0754253880258458 FALSE 0.0069209450658679 "153,10,147,88,145,92,141,96,138,16" "16,138,96,141,92,145,88,147,153,10"
189 1 FALSE 0.0843934674651064 1 FALSE 0.12159301514996 TRUE 0.0102616561680424 "153,10,147,88,145,92,141,96,16,138" "138,16,96,141,92,145,88,147,10,153"
189 1 FALSE 0.0843934674651064 2 FALSE 0.0784274947717244 FALSE 0.00661876822838733 "153,10,147,88,145,92,141,96,16,138" "138,16,96,141,92,145,88,147,153,10"
189 2 TRUE 0.0838676514684391 1 TRUE 0.123951469731103 TRUE 0.0103955186624089 "153,10,147,88,145,92,141,96,138,16" "16,138,96,141,92,145,88,147,10,153"
189 2 TRUE 0.0838676514684391 2 FALSE 0.0799486979765615 FALSE 0.00670510953725376 "153,10,147,88,145,92,141,96,138,16" "16,138,96,141,92,145,88,147,153,10"
193 1 FALSE 0.0884197617752323 1 FALSE 0.125625079690696 TRUE 0.0111077396192459 "153,10,147,88,145,92,141,96,16,138" "138,16,96,141,92,145,88,147,10,153"
193 1 FALSE 0.0884197617752323 2 FALSE 0.0863672422873532 FALSE 0.00763657098823153 "153,10,147,88,145,92,141,96,16,138" "138,16,96,141,92,145,88,147,153,10"
193 2 TRUE 0.0881434500196847 1 TRUE 0.123196722334177 TRUE 0.0108589841376515 "153,10,147,88,145,92,141,96,138,16" "16,138,96,141,92,145,88,147,10,153"
193 2 TRUE 0.0881434500196847 2 FALSE 0.0846977466047464 FALSE 0.00746555159463538 "153,10,147,88,145,92,141,96,138,16" "16,138,96,141,92,145,88,147,153,10"
194 1 FALSE 0.0898481653262191 1 FALSE 0.119097241929585 TRUE 0.0107006686827861 "153,10,147,88,145,92,141,96,16,138" "138,16,96,141,92,145,88,147,10,153"
194 1 FALSE 0.0898481653262191 2 FALSE 0.0723515744722228 FALSE 0.00650065622479253 "153,10,147,88,145,92,141,96,16,138" "138,16,96,141,92,145,88,147,153,10"
194 2 TRUE 0.0892866142929302 1 TRUE 0.124403092645964 TRUE 0.0111075309499279 "153,10,147,88,145,92,141,96,138,16" "16,138,96,141,92,145,88,147,10,153"
194 2 TRUE 0.0892866142929302 2 FALSE 0.0755748787824233 FALSE 0.00674782505208118 "153,10,147,88,145,92,141,96,138,16" "16,138,96,141,92,145,88,147,153,10"
195 1 FALSE 0.0883118787593475 1 FALSE 0.121578762235205 TRUE 0.0107368489102269 "153,10,147,88,145,92,141,96,16,138" "138,16,96,141,92,145,88,147,10,153"
195 1 FALSE 0.0883118787593475 2 FALSE 0.0805459299808232 FALSE 0.00711316240302535 "153,10,147,88,145,92,141,96,16,138" "138,16,96,141,92,145,88,147,153,10"
195 2 TRUE 0.0880359041382246 1 TRUE 0.123433344958523 TRUE 0.010866566124229 "153,10,147,88,145,92,141,96,138,16" "16,138,96,141,92,145,88,147,10,153"
195 2 TRUE 0.0880359041382246 2 FALSE 0.0817745910350217 FALSE 0.00719910005730169 "153,10,147,88,145,92,141,96,138,16" "16,138,96,141,92,145,88,147,153,10"
203 1 FALSE 0.107108192801962 1 FALSE 0.121435383929448 TRUE 0.0130067245148956 "153,10,147,88,145,92,141,96,16,138" "138,16,96,141,92,145,88,147,10,153"
203 1 FALSE 0.107108192801962 2 FALSE 0.0846091146175103 FALSE 0.00906232936125556 "153,10,147,88,145,92,141,96,16,138" "138,16,96,141,92,145,88,147,153,10"
203 2 TRUE 0.10611337986572 1 TRUE 0.151810634885954 TRUE 0.0161091395673094 "153,10,147,88,145,92,141,96,138,16" "16,138,96,141,92,145,88,147,10,153"
203 2 TRUE 0.10611337986572 2 FALSE 0.105772823303998 FALSE 0.0112239117787269 "153,10,147,88,145,92,141,96,138,16" "16,138,96,141,92,145,88,147,153,10"
204 1 FALSE 0.105321761635328 1 FALSE 0.1128614845305 TRUE 0.0118867703715306 "153,10,147,88,145,92,141,96,16,138" "138,16,96,141,92,145,88,147,10,153"
204 1 FALSE 0.105321761635328 2 FALSE 0.0758993483467614 FALSE 0.00799385307485434 "153,10,147,88,145,92,141,96,16,138" "138,16,96,141,92,145,88,147,153,10"
204 2 TRUE 0.100199730674339 1 TRUE 0.14222625213383 TRUE 0.0142510321586305 "153,10,147,88,145,92,141,96,138,16" "16,138,96,141,92,145,88,147,10,153"
204 2 TRUE 0.100199730674339 2 FALSE 0.0956471545600009 FALSE 0.00958381912667901 "153,10,147,88,145,92,141,96,138,16" "16,138,96,141,92,145,88,147,153,10"
206 1 FALSE 0.0996817170995945 1 FALSE 0.11644307735136 TRUE 0.0116072458947445 "153,10,147,88,145,92,141,96,16,138" "138,16,96,141,92,145,88,147,10,153"
206 1 FALSE 0.0996817170995945 2 FALSE 0.0797635079856816 FALSE 0.00795096343789996 "153,10,147,88,145,92,141,96,16,138" "138,16,96,141,92,145,88,147,153,10"
206 2 TRUE 0.0993711821553591 1 TRUE 0.121504849783861 TRUE 0.0120740805606316 "153,10,147,88,145,92,141,96,138,16" "16,138,96,141,92,145,88,147,10,153"
206 2 TRUE 0.0993711821553591 2 FALSE 0.0832308221019449 FALSE 0.00827074518403265 "153,10,147,88,145,92,141,96,138,16" "16,138,96,141,92,145,88,147,153,10"
207 1 FALSE 0.102145256967125 1 FALSE 0.115888434430542 TRUE 0.0118374539144254 "153,10,147,88,145,92,141,96,16,138" "138,16,96,141,92,145,88,147,10,153"
207 1 FALSE 0.102145256967125 2 FALSE 0.0791856135510434 FALSE 0.00808843484427075 "153,10,147,88,145,92,141,96,16,138" "138,16,96,141,92,145,88,147,153,10"
207 2 TRUE 0.0883418438634592 1 TRUE 0.116599505401733 TRUE 0.0103006153007565 "153,10,147,88,145,92,141,96,138,16" "16,138,96,141,92,145,88,147,10,153"
207 2 TRUE 0.0883418438634592 2 FALSE 0.0796714824939525 FALSE 0.00703832566685107 "153,10,147,88,145,92,141,96,138,16" "16,138,96,141,92,145,88,147,153,10"
209 1 FALSE 0.106871698405412 1 FALSE 0.102696462174885 TRUE 0.0109753453328571 "153,10,147,88,145,92,141,96,16,138" "138,16,96,141,92,145,88,147,10,153"
209 1 FALSE 0.106871698405412 2 FALSE 0.0704277483742977 FALSE 0.00752673308363017 "153,10,147,88,145,92,141,96,16,138" "138,16,96,141,92,145,88,147,153,10"
209 2 TRUE 0.104583925045051 1 TRUE 0.128323332060506 TRUE 0.0134205577417472 "153,10,147,88,145,92,141,96,138,16" "16,138,96,141,92,145,88,147,10,153"
209 2 TRUE 0.104583925045051 2 FALSE 0.0880022850789006 FALSE 0.00920362438648496 "153,10,147,88,145,92,141,96,138,16" "16,138,96,141,92,145,88,147,153,10"
211 1 FALSE 0.102290279982652 1 FALSE 0.125722104837325 TRUE 0.0128601493038183 "153,10,147,88,145,92,141,96,16,138" "138,16,96,141,92,145,88,147,10,153"
211 1 FALSE 0.102290279982652 2 FALSE 0.0870625575998473 FALSE 0.00890565339289414 "153,10,147,88,145,92,141,96,16,138" "138,16,96,141,92,145,88,147,153,10"
211 2 TRUE 0.0908930343021336 1 TRUE 0.121983234467705 TRUE 0.0110874263147584 "153,10,147,88,145,92,141,96,138,16" "16,138,96,141,92,145,88,147,10,153"
211 2 TRUE 0.0908930343021336 2 FALSE 0.084473389868886 FALSE 0.00767804272297016 "153,10,147,88,145,92,141,96,138,16" "16,138,96,141,92,145,88,147,153,10"
212 1 FALSE 0.126577297841889 1 FALSE 0.119382687090632 TRUE 0.015111137941036 "153,10,147,88,145,92,141,96,16,138" "138,16,96,141,92,145,88,147,10,153"
212 1 FALSE 0.126577297841889 2 FALSE 0.0811802272216298 FALSE 0.0102755737999045 "153,10,147,88,145,92,141,96,16,138" "138,16,96,141,92,145,88,147,153,10"
212 2 TRUE 0.0932520970243943 1 TRUE 0.121627495835803 TRUE 0.0113420190425144 "153,10,147,88,145,92,141,96,138,16" "16,138,96,141,92,145,88,147,10,153"
212 2 TRUE 0.0932520970243943 2 FALSE 0.0827066971683462 FALSE 0.00771257294890982 "153,10,147,88,145,92,141,96,138,16" "16,138,96,141,92,145,88,147,153,10"
213 1 FALSE 0.110527644185205 1 FALSE 0.142027683087176 TRUE 0.0156979852207084 "153,10,147,88,145,92,141,96,16,138" "138,16,96,141,92,145,88,147,10,153"
213 1 FALSE 0.110527644185205 2 FALSE 0.098435027882201 FALSE 0.0108797917371246 "153,10,147,88,145,92,141,96,16,138" "138,16,96,141,92,145,88,147,153,10"
213 2 TRUE 0.0906326682318678 1 TRUE 0.136425922723008 TRUE 0.0123646453923808 "153,10,147,88,145,92,141,96,138,16" "16,138,96,141,92,145,88,147,10,153"
213 2 TRUE 0.0906326682318678 2 FALSE 0.0945526197090156 FALSE 0.00856955621254118 "153,10,147,88,145,92,141,96,138,16" "16,138,96,141,92,145,88,147,153,10"
214 1 FALSE 0.0943764578530037 1 FALSE 0.121240408445797 TRUE 0.0114422402977657 "153,10,147,88,145,92,141,96,16,138" "138,16,96,141,92,145,88,147,10,153"
214 1 FALSE 0.0943764578530037 2 FALSE 0.0827465787642567 FALSE 0.00780932900322512 "153,10,147,88,145,92,141,96,16,138" "138,16,96,141,92,145,88,147,153,10"
214 2 TRUE 0.0848327711038235 1 TRUE 0.137501031477894 TRUE 0.0116645935299038 "153,10,147,88,145,92,141,96,138,16" "16,138,96,141,92,145,88,147,10,153"
214 2 TRUE 0.0848327711038235 2 FALSE 0.0938444539836623 FALSE 0.00796108508415933 "153,10,147,88,145,92,141,96,138,16" "16,138,96,141,92,145,88,147,153,10"
215 1 FALSE 0.131048612378717 1 FALSE 0.131837982745925 TRUE 0.0172771846976628 "153,10,147,88,145,92,141,96,16,138" "138,16,96,141,92,145,88,147,10,153"
215 1 FALSE 0.131048612378717 2 FALSE 0.0889906383534994 FALSE 0.0116620996709224 "153,10,147,88,145,92,141,96,16,138" "138,16,96,141,92,145,88,147,153,10"
215 2 TRUE 0.102654746363329 1 TRUE 0.151470942421244 TRUE 0.0155492111756671 "153,10,147,88,145,92,141,96,138,16" "16,138,96,141,92,145,88,147,10,153"
215 2 TRUE 0.102654746363329 2 FALSE 0.10224288613434 FALSE 0.0104957175435753 "153,10,147,88,145,92,141,96,138,16" "16,138,96,141,92,145,88,147,153,10"
216 1 FALSE 0.0952315404462174 1 FALSE 0.11692373519564 TRUE 0.0111348274174064 "153,10,147,88,145,92,141,96,16,138" "138,16,96,141,92,145,88,147,10,153"
216 1 FALSE 0.0952315404462174 2 FALSE 0.0800927586090134 FALSE 0.00762735678092338 "153,10,147,88,145,92,141,96,16,138" "138,16,96,141,92,145,88,147,153,10"
216 2 TRUE 0.08616186992753 1 TRUE 0.118518590823192 TRUE 0.010211783406502 "153,10,147,88,145,92,141,96,138,16" "16,138,96,141,92,145,88,147,10,153"
216 2 TRUE 0.08616186992753 2 FALSE 0.0811852347138865 FALSE 0.00699507163345388 "153,10,147,88,145,92,141,96,138,16" "16,138,96,141,92,145,88,147,153,10"
218 1 FALSE 0.119795043267325 1 FALSE 0.136955221601725 TRUE 0.0164065566974647 "153,10,147,88,145,92,141,96,16,138" "138,16,96,141,92,145,88,147,10,153"
218 1 FALSE 0.119795043267325 2 FALSE 0.0903904462571384 FALSE 0.0108283274203267 "153,10,147,88,145,92,141,96,16,138" "138,16,96,141,92,145,88,147,153,10"
218 2 TRUE 0.0874014856491199 1 TRUE 0.126372069613997 TRUE 0.0110451066288173 "153,10,147,88,145,92,141,96,138,16" "16,138,96,141,92,145,88,147,10,153"
218 2 TRUE 0.0874014856491199 2 FALSE 0.0834055659452381 FALSE 0.00728977037501945 "153,10,147,88,145,92,141,96,138,16" "16,138,96,141,92,145,88,147,153,10"
219 1 FALSE 0.111158006369367 1 FALSE 0.113808976182173 TRUE 0.0126507788993491 "153,10,147,88,145,92,141,96,16,138" "138,16,96,141,92,145,88,147,10,153"
219 1 FALSE 0.111158006369367 2 FALSE 0.0742603569588677 FALSE 0.00825463323182528 "153,10,147,88,145,92,141,96,16,138" "138,16,96,141,92,145,88,147,153,10"
219 2 TRUE 0.105274992104693 1 TRUE 0.138056846653863 TRUE 0.0145339334414842 "153,10,147,88,145,92,141,96,138,16" "16,138,96,141,92,145,88,147,10,153"
219 2 TRUE 0.105274992104693 2 FALSE 0.0900820924416458 FALSE 0.00948339157056847 "153,10,147,88,145,92,141,96,138,16" "16,138,96,141,92,145,88,147,153,10"
220 1 FALSE 0.112017641751521 1 FALSE 0.126144613629626 TRUE 0.0141304221384475 "153,10,147,88,145,92,141,96,16,138" "138,16,96,141,92,145,88,147,10,153"
220 1 FALSE 0.112017641751521 2 FALSE 0.0848322526659233 FALSE 0.00950270888810594 "153,10,147,88,145,92,141,96,16,138" "138,16,96,141,92,145,88,147,153,10"
220 2 TRUE 0.111667586621048 1 TRUE 0.126829772109915 TRUE 0.0141627745632117 "153,10,147,88,145,92,141,96,138,16" "16,138,96,141,92,145,88,147,10,153"
220 2 TRUE 0.111667586621048 2 FALSE 0.0852930217439177 FALSE 0.00952446589375985 "153,10,147,88,145,92,141,96,138,16" "16,138,96,141,92,145,88,147,153,10"
223 1 FALSE 0.118524858277543 1 FALSE 0.120264248773889 TRUE 0.0142543030417803 "153,10,147,88,145,92,141,96,16,138" "138,16,96,141,92,145,88,147,10,153"
223 1 FALSE 0.118524858277543 2 FALSE 0.0841849741417223 FALSE 0.00997801212924624 "153,10,147,88,145,92,141,96,16,138" "138,16,96,141,92,145,88,147,153,10"
223 2 TRUE 0.113004522412561 1 TRUE 0.150136941372586 TRUE 0.0169661533562918 "153,10,147,88,145,92,141,96,138,16" "16,138,96,141,92,145,88,147,10,153"
223 2 TRUE 0.113004522412561 2 FALSE 0.10509585896081 FALSE 0.0118763073494042 "153,10,147,88,145,92,141,96,138,16" "16,138,96,141,92,145,88,147,153,10"
240 1 FALSE 0.104008596688248 1 FALSE 0.121184866394426 TRUE 0.0126042678935371 "153,10,147,88,145,92,141,96,16,138" "138,16,96,141,92,145,88,147,10,153"
240 1 FALSE 0.104008596688248 2 FALSE 0.0798810189160295 FALSE 0.00830831267948362 "153,10,147,88,145,92,141,96,16,138" "138,16,96,141,92,88,147,10,153,145"
240 2 TRUE 0.100913102739193 1 TRUE 0.146887180505663 TRUE 0.0148228411374384 "153,10,147,88,145,92,141,96,138,16" "16,138,96,141,92,145,88,147,10,153"
240 2 TRUE 0.100913102739193 2 FALSE 0.0968231264645339 FALSE 0.00977072210844538 "153,10,147,88,145,92,141,96,138,16" "16,138,96,141,92,88,147,10,153,145"
258 1 FALSE 0.102043649469496 1 FALSE 0.10594350110911 TRUE 0.0108108614907493 "153,10,147,88,145,92,141,96,16,138" "138,16,96,141,92,145,88,147,10,153"
258 1 FALSE 0.102043649469496 2 FALSE 0.0815154256654058 FALSE 0.00831813152295745 "153,10,147,88,145,92,141,96,16,138" "138,16,96,141,92,145,88,147,153,10"
258 2 TRUE 0.0944632640803338 1 TRUE 0.136536882225586 TRUE 0.012897719562381 "153,10,147,88,145,92,141,96,138,16" "16,138,96,141,92,145,88,147,10,153"
258 2 TRUE 0.0944632640803338 2 FALSE 0.105054693842744 FALSE 0.00992380928734576 "153,10,147,88,145,92,141,96,138,16" "16,138,96,141,92,145,88,147,153,10"
273 1 FALSE 0.0890012161449525 1 FALSE 0.21775674177302 TRUE 0.0193806148415612 "153,10,147,88,145,92,141,96,16,138" "138,16,96,141,92,145,88,147,10,153"
273 1 FALSE 0.0890012161449525 2 FALSE 0.0972675989408661 FALSE 0.00865693459723658 "153,10,147,88,145,92,141,96,16,138" "138,16,96,141,92,145,88,147,153,10"
273 2 TRUE 0.0815844481328732 1 TRUE 0.207886092937547 TRUE 0.016960272166809 "153,10,147,88,145,92,141,96,138,16" "16,138,96,141,92,145,88,147,10,153"
273 2 TRUE 0.0815844481328732 2 FALSE 0.0928585767246187 FALSE 0.00757581573648208 "153,10,147,88,145,92,141,96,138,16" "16,138,96,141,92,145,88,147,153,10"
280 1 FALSE 0.101728915581738 1 FALSE 0.140550662787388 TRUE 0.0142980665096555 "153,10,147,88,145,92,141,96,16,138" "138,16,96,141,92,145,88,147,10,153"
280 1 FALSE 0.101728915581738 2 FALSE 0.0843303976724327 FALSE 0.0085788399057933 "153,10,147,88,145,92,141,96,16,138" "138,16,96,141,92,145,88,147,153,10"
280 2 TRUE 0.0960298166695957 1 TRUE 0.177556734575367 TRUE 0.0170507406697246 "153,10,147,88,145,92,141,96,138,16" "16,138,96,141,92,145,88,147,10,153"
280 2 TRUE 0.0960298166695957 2 FALSE 0.106534040745221 FALSE 0.0102304444018348 "153,10,147,88,145,92,141,96,138,16" "16,138,96,141,92,145,88,147,153,10"
282 1 FALSE 0.0884879031946851 1 FALSE 0.146447995367169 TRUE 0.0129588760371058 "153,10,147,88,145,92,141,96,16,138" "138,16,96,141,92,145,88,147,10,153"
282 1 FALSE 0.0884879031946851 2 FALSE 0.112054905546092 FALSE 0.00991550363445213 "153,10,147,88,145,92,141,96,16,138" "138,16,96,141,92,145,88,147,153,10"
282 2 TRUE 0.0837250982068691 1 TRUE 0.158812983336499 TRUE 0.0132966326263743 "153,10,147,88,145,92,141,96,138,16" "16,138,96,141,92,145,88,147,10,153"
282 2 TRUE 0.0837250982068691 2 FALSE 0.121515994825655 FALSE 0.0101739386004834 "153,10,147,88,145,92,141,96,138,16" "16,138,96,141,92,145,88,147,153,10"
283 1 FALSE 0.0888874647684205 1 FALSE 0.118012401970568 TRUE 0.0104898232223956 "153,10,147,88,145,92,141,96,16,138" "138,16,96,141,92,145,88,147,10,153"
283 1 FALSE 0.0888874647684205 2 FALSE 0.0836168275268852 FALSE 0.0074324878108431 "153,10,147,88,145,92,141,96,16,138" "138,16,96,141,92,145,88,147,153,10"
283 2 TRUE 0.076391349031746 1 TRUE 0.121987135764452 TRUE 0.00931876186556523 "153,10,147,88,145,92,141,96,138,16" "16,138,96,141,92,145,88,147,10,153"
283 2 TRUE 0.076391349031746 2 FALSE 0.0864330961949131 FALSE 0.00660274081932009 "153,10,147,88,145,92,141,96,138,16" "16,138,96,141,92,145,88,147,153,10"
285 1 FALSE 0.118427341013717 1 FALSE 0.161414073525113 TRUE 0.0191158395297718 "153,10,147,88,145,92,141,96,16,138" "138,16,96,141,92,145,88,147,10,153"
285 1 FALSE 0.118427341013717 2 FALSE 0.0905125645935215 FALSE 0.010719162353143 "153,10,147,88,145,92,141,96,16,138" "138,16,96,141,92,145,88,147,153,10"
285 2 TRUE 0.0828991387096018 1 TRUE 0.172201582757651 TRUE 0.0142753628950394 "153,10,147,88,145,92,141,96,138,16" "16,138,96,141,92,145,88,147,10,153"
285 2 TRUE 0.0828991387096018 2 FALSE 0.0965616351912059 FALSE 0.00800487638974174 "153,10,147,88,145,92,141,96,138,16" "16,138,96,141,92,145,88,147,153,10"
288 1 FALSE 0.110516103357807 1 FALSE 0.109115232017923 TRUE 0.0120589902596038 "153,10,147,88,145,92,141,96,16,138" "138,16,96,141,92,145,88,147,10,153"
288 1 FALSE 0.110516103357807 2 FALSE 0.072831768944002 FALSE 0.00804908330434721 "153,10,147,88,145,92,141,96,16,138" "138,16,96,141,92,145,88,147,153,10"
288 2 TRUE 0.0869776086166633 1 TRUE 0.122840588164485 TRUE 0.0106843805996113 "153,10,147,88,145,92,141,96,138,16" "16,138,96,141,92,145,88,147,10,153"
288 2 TRUE 0.0869776086166633 2 FALSE 0.0819931110321199 FALSE 0.00713156472061434 "153,10,147,88,145,92,141,96,138,16" "16,138,96,141,92,145,88,147,153,10"
289 1 FALSE 0.112973366436771 1 FALSE 0.130644517656973 TRUE 0.0147593509662164 "153,10,147,88,145,92,141,96,16,138" "138,16,96,141,92,145,88,147,10,153"
289 1 FALSE 0.112973366436771 2 FALSE 0.085107366069807 FALSE 0.00961486565347273 "153,10,147,88,145,92,141,96,16,138" "138,16,96,141,92,145,88,147,153,10"
289 2 TRUE 0.0946113041233566 1 TRUE 0.134253550690226 TRUE 0.0127019035139935 "153,10,147,88,145,92,141,96,138,16" "16,138,96,141,92,145,88,147,10,153"
289 2 TRUE 0.0946113041233566 2 FALSE 0.0874584428775272 FALSE 0.00827455733724093 "153,10,147,88,145,92,141,96,138,16" "16,138,96,141,92,145,88,147,153,10"
291 1 FALSE 0.112310567853444 1 FALSE 0.138966647568283 TRUE 0.0156074231010833 "153,10,147,88,145,92,141,96,16,138" "138,16,96,141,92,145,88,147,10,153"
291 1 FALSE 0.112310567853444 2 FALSE 0.0905124865595221 FALSE 0.0101655087633271 "153,10,147,88,145,92,141,96,16,138" "138,16,96,141,92,88,147,10,153,145"
291 2 TRUE 0.0905930547326123 1 TRUE 0.156191320157151 TRUE 0.0141498488157557 "153,10,147,88,145,92,141,96,138,16" "16,138,96,141,92,145,88,147,10,153"
291 2 TRUE 0.0905930547326123 2 FALSE 0.101731350750846 FALSE 0.00921615382659393 "153,10,147,88,145,92,141,96,138,16" "16,138,96,141,92,88,147,10,153,145"
292 1 FALSE 0.0919449403985741 1 FALSE 0.132663471133387 TRUE 0.0121977349464273 "153,10,147,88,145,92,141,96,16,138" "138,16,96,141,92,145,88,147,10,153"
292 1 FALSE 0.0919449403985741 2 FALSE 0.0843360637919391 FALSE 0.00775427435880018 "153,10,147,88,145,92,141,96,16,138" "138,16,96,141,92,145,88,147,153,10"
292 2 TRUE 0.0897382618290083 1 TRUE 0.157120573437799 TRUE 0.0140997271578851 "153,10,147,88,145,92,141,96,138,16" "16,138,96,141,92,145,88,147,10,153"
292 2 TRUE 0.0897382618290083 2 FALSE 0.0998837931140294 FALSE 0.00896339797894127 "153,10,147,88,145,92,141,96,138,16" "16,138,96,141,92,145,88,147,153,10"
294 1 FALSE 0.118778043871194 1 FALSE 0.162995443167023 TRUE 0.0193602798992974 "153,10,147,88,145,92,141,96,16,138" "138,16,96,141,92,145,88,147,10,153"
294 1 FALSE 0.118778043871194 2 FALSE 0.114658863469216 FALSE 0.0136189555153678 "153,10,147,88,145,92,141,96,16,138" "138,16,96,141,92,145,88,147,153,10"
294 2 TRUE 0.103721672112874 1 TRUE 0.152934691717592 TRUE 0.0158626419490156 "153,10,147,88,145,92,141,96,138,16" "16,138,96,141,92,145,88,147,10,153"
294 2 TRUE 0.103721672112874 2 FALSE 0.107581645208237 FALSE 0.0111585481296523 "153,10,147,88,145,92,141,96,138,16" "16,138,96,141,92,145,88,147,153,10"
295 1 FALSE 0.109738531582694 1 FALSE 0.207275473441276 TRUE 0.0227461060885534 "153,10,147,88,145,92,141,96,16,138" "138,16,96,141,92,145,88,147,10,153"
295 1 FALSE 0.109738531582694 2 FALSE 0.0843995939760884 FALSE 0.00926188750911155 "153,10,147,88,145,92,141,96,16,138" "138,16,96,141,92,145,88,147,153,10"
295 2 TRUE 0.084344491216451 1 TRUE 0.205853291611431 TRUE 0.0173625911461979 "153,10,147,88,145,92,141,96,138,16" "16,138,96,141,92,145,88,147,10,153"
295 2 TRUE 0.084344491216451 2 FALSE 0.0838205019735169 FALSE 0.00706979759246381 "153,10,147,88,145,92,141,96,138,16" "16,138,96,141,92,145,88,147,153,10"
296 1 FALSE 0.101691396452468 1 FALSE 0.215456040621855 TRUE 0.0219100256449562 "153,10,147,88,145,92,141,96,16,138" "138,16,96,141,92,145,88,147,10,153"
296 1 FALSE 0.101691396452468 2 FALSE 0.0880031715216028 FALSE 0.00894916540427789 "153,10,147,88,145,92,141,96,16,138" "138,16,96,141,92,145,88,147,153,10"
296 2 TRUE 0.0992483599010578 1 TRUE 0.228252089574492 TRUE 0.0226536455342577 "153,10,147,88,145,92,141,96,138,16" "16,138,96,141,92,145,88,147,10,153"
296 2 TRUE 0.0992483599010578 2 FALSE 0.0932297267276094 FALSE 0.00925289747173905 "153,10,147,88,145,92,141,96,138,16" "16,138,96,141,92,145,88,147,153,10"
297 1 FALSE 0.0849873889208938 1 FALSE 0.159598650515742 FALSE 0.0135638725826311 "153,10,88,147,145,92,141,96,16,138" "138,16,96,141,92,145,88,147,10,153"
297 1 FALSE 0.0849873889208938 2 FALSE 0.0949336800481567 FALSE 0.00806816558794439 "153,10,88,147,145,92,141,96,16,138" "138,16,96,141,92,145,88,147,153,10"
297 2 FALSE 0.084548880998383 1 FALSE 0.159598650515742 TRUE 0.013493887309958 "153,10,147,88,145,92,141,96,16,138" "138,16,96,141,92,145,88,147,10,153"
297 2 FALSE 0.084548880998383 2 FALSE 0.0949336800481567 FALSE 0.00802653641713016 "153,10,147,88,145,92,141,96,16,138" "138,16,96,141,92,145,88,147,153,10"
298 1 FALSE 0.113528712818265 1 FALSE 0.163030272011 TRUE 0.0185086169318205 "153,10,147,88,145,92,141,96,16,138" "138,16,96,141,92,145,88,147,10,153"
298 1 FALSE 0.113528712818265 2 FALSE 0.141921669298832 FALSE 0.0161121844365159 "153,10,147,88,145,92,141,96,16,138" "138,16,96,141,92,145,88,147,153,10"
298 2 TRUE 0.0959018863543765 1 TRUE 0.198736566093697 TRUE 0.0190592115759767 "153,10,147,88,145,92,141,96,138,16" "16,138,96,141,92,145,88,147,10,153"
298 2 TRUE 0.0959018863543765 2 FALSE 0.173004834395615 FALSE 0.016591489966966 "153,10,147,88,145,92,141,96,138,16" "16,138,96,141,92,145,88,147,153,10"
305 1 FALSE 0.086791770995253 1 FALSE 0.119811413449477 TRUE 0.0103986447587246 "153,10,147,88,145,92,141,96,16,138" "138,16,96,141,92,145,88,147,10,153"
305 1 FALSE 0.086791770995253 2 FALSE 0.0945879579864293 FALSE 0.00820945638846678 "153,10,147,88,145,92,141,96,16,138" "138,16,96,141,92,145,88,147,153,10"
305 2 TRUE 0.0852646430598526 1 TRUE 0.13472268791672 TRUE 0.0114870818972831 "153,10,147,88,145,92,141,96,138,16" "16,138,96,141,92,145,88,147,10,153"
305 2 TRUE 0.0852646430598526 2 FALSE 0.106360016776358 FALSE 0.00906874886627611 "153,10,147,88,145,92,141,96,138,16" "16,138,96,141,92,145,88,147,153,10"
310 1 FALSE 0.153340998204825 1 FALSE 0.237505621905046 TRUE 0.0364193491421775 "153,10,147,88,145,92,141,96,16,138" "138,16,96,141,92,145,88,147,10,153"
310 1 FALSE 0.153340998204825 2 FALSE 0.0824753564441651 FALSE 0.0126468534844471 "153,10,147,88,145,92,141,96,16,138" "138,16,96,141,92,88,147,10,153,145"
310 2 TRUE 0.0955296793413969 1 TRUE 0.248752716463907 TRUE 0.0237632672390985 "153,10,147,88,145,92,141,96,138,16" "16,138,96,141,92,145,88,147,10,153"
310 2 TRUE 0.0955296793413969 2 FALSE 0.0863809824468802 FALSE 0.0082519475543453 "153,10,147,88,145,92,141,96,138,16" "16,138,96,141,92,88,147,10,153,145"
311 1 FALSE 0.125175938788343 1 FALSE 0.143483705363816 TRUE 0.0179607075197456 "153,10,147,88,145,92,141,96,16,138" "138,16,96,141,92,145,88,147,10,153"
311 1 FALSE 0.125175938788343 2 FALSE 0.0688136137969322 FALSE 0.00861380870844944 "153,10,147,88,145,92,141,96,16,138" "138,16,96,141,92,145,88,147,153,10"
311 2 TRUE 0.0868758381142976 1 TRUE 0.154490554570793 TRUE 0.0134214964090803 "153,10,147,88,145,92,141,96,138,16" "16,138,96,141,92,145,88,147,10,153"
311 2 TRUE 0.0868758381142976 2 FALSE 0.074092408824768 FALSE 0.0064368401145589 "153,10,147,88,145,92,141,96,138,16" "16,138,96,141,92,145,88,147,153,10"
329 1 FALSE 0.102469574626022 1 FALSE 0.111515190769242 TRUE 0.011426914162464 "153,10,147,88,145,92,141,96,16,138" "138,16,96,141,92,145,88,147,10,153"
329 1 FALSE 0.102469574626022 2 FALSE 0.061030446457211 FALSE 0.00625376388770663 "153,10,147,88,145,92,141,96,16,138" "138,16,96,141,92,145,88,147,153,10"
329 2 TRUE 0.0989361410182283 1 TRUE 0.183202955224663 TRUE 0.0181253934130634 "153,10,147,88,145,92,141,96,138,16" "16,138,96,141,92,145,88,147,10,153"
329 2 TRUE 0.0989361410182283 2 FALSE 0.100263991591767 FALSE 0.00991973241117356 "153,10,147,88,145,92,141,96,138,16" "16,138,96,141,92,145,88,147,153,10"
330 1 FALSE 0.101493206519627 1 FALSE 0.135881411052031 TRUE 0.0137910401140821 "153,10,147,88,145,92,141,96,16,138" "138,16,96,141,92,145,88,147,10,153"
330 1 FALSE 0.101493206519627 2 FALSE 0.0743978800181577 FALSE 0.0075508794013053 "153,10,147,88,145,92,141,96,16,138" "138,16,96,141,92,145,88,147,153,10"
330 2 TRUE 0.100043303569346 1 TRUE 0.179720280850029 TRUE 0.0179798106146477 "153,10,147,88,145,92,141,96,138,16" "16,138,96,141,92,145,88,147,10,153"
330 2 TRUE 0.100043303569346 2 FALSE 0.0984005669943343 FALSE 0.00984431779521 "153,10,147,88,145,92,141,96,138,16" "16,138,96,141,92,145,88,147,153,10"
1825 1 FALSE 0.063431224073445 1 FALSE 0.091058002569988 FALSE 0.00577592056469724 "153,147,88,145,92,141,96,138,16,10" "10,153,147,88,145,92,141,96,138,16"
1825 1 FALSE 0.063431224073445 2 FALSE 0.0710201691353667 FALSE 0.00450489626215941 "153,147,88,145,92,141,96,138,16,10" "10,153,147,88,145,92,141,96,16,138"
1825 2 TRUE 0.0622771896571799 1 TRUE 0.13065540987708 TRUE 0.00813685174065147 "153,10,147,88,145,92,141,96,138,16" "16,138,96,141,92,145,88,147,10,153"
1825 2 TRUE 0.0622771896571799 2 FALSE 0.0631355000748304 FALSE 0.00393190151226111 "153,10,147,88,145,92,141,96,138,16" "16,138,96,141,92,145,88,147,153,10"
1826 1 FALSE 0.0624473520813422 1 FALSE 0.0931065530832973 FALSE 0.00581425770147284 "153,147,88,145,92,141,96,138,16,10" "10,153,147,88,145,92,141,96,138,16"
1826 1 FALSE 0.0624473520813422 2 FALSE 0.0724162079536757 FALSE 0.00452220043447888 "153,147,88,145,92,141,96,138,16,10" "10,153,147,88,145,92,141,96,16,138"
1826 2 TRUE 0.0616974605500733 1 TRUE 0.126834404751545 TRUE 0.00782536068355051 "153,10,147,88,145,92,141,96,138,16" "16,138,96,141,92,145,88,147,10,153"
1826 2 TRUE 0.0616974605500733 2 FALSE 0.0645650250432075 FALSE 0.00398349808551779 "153,10,147,88,145,92,141,96,138,16" "16,138,96,141,92,145,88,147,153,10"
1831 1 FALSE 0.065572707850673 1 FALSE 0.0909340424741207 FALSE 0.0059627914008362 "153,147,88,145,92,141,96,138,16,10" "10,153,147,88,145,92,141,96,138,16"
1831 1 FALSE 0.065572707850673 2 FALSE 0.0709234871664451 FALSE 0.00465064510371626 "153,147,88,145,92,141,96,138,16,10" "10,153,147,88,145,92,141,96,16,138"
1831 2 TRUE 0.0608803423531615 1 TRUE 0.119255378337111 TRUE 0.00726030826061912 "153,10,147,88,145,92,141,96,138,16" "16,138,96,141,92,145,88,147,10,153"
1831 2 TRUE 0.0608803423531615 2 FALSE 0.066716295573209 FALSE 0.00406171091503167 "153,10,147,88,145,92,141,96,138,16" "16,138,96,141,92,145,88,147,153,10"
1832 1 FALSE 0.0657108992307363 1 FALSE 0.0924084853490606 FALSE 0.00607224466883709 "153,147,88,145,92,141,96,138,16,10" "10,153,147,88,145,92,141,96,138,16"
1832 1 FALSE 0.0657108992307363 2 FALSE 0.0718732663826027 FALSE 0.00472285696465107 "153,147,88,145,92,141,96,138,16,10" "10,153,147,88,145,92,141,96,16,138"
1832 2 TRUE 0.0589066993629949 1 TRUE 0.116174633208152 TRUE 0.00684346419199884 "153,10,147,88,145,92,141,96,138,16" "16,138,96,141,92,145,88,147,10,153"
1832 2 TRUE 0.0589066993629949 2 FALSE 0.0591434496332412 FALSE 0.00348394540683577 "153,10,147,88,145,92,141,96,138,16" "16,138,96,141,92,145,88,147,153,10"
1836 1 FALSE 0.0657741050522881 1 FALSE 0.091645332948976 FALSE 0.00602788975693787 "153,147,88,145,92,141,96,138,16,10" "10,153,147,88,145,92,141,96,138,16"
1836 1 FALSE 0.0657741050522881 2 FALSE 0.0712797034047591 FALSE 0.00468835869984056 "153,147,88,145,92,141,96,138,16,10" "10,153,147,88,145,92,141,96,16,138"
1836 2 TRUE 0.062486980257541 1 TRUE 0.128443032671684 TRUE 0.00802601724677419 "153,10,147,88,145,92,141,96,138,16" "16,138,96,141,92,145,88,147,10,153"
1836 2 TRUE 0.062486980257541 2 FALSE 0.0599983327219203 FALSE 0.00374911463228001 "153,10,147,88,145,92,141,96,138,16" "16,138,96,141,92,145,88,147,153,10"
1839 1 FALSE 0.0646683058905252 1 FALSE 0.0925982563893246 FALSE 0.00598817236911412 "153,147,88,145,92,141,96,138,16,10" "10,153,147,88,145,92,141,96,138,16"
1839 1 FALSE 0.0646683058905252 2 FALSE 0.0720208660805858 FALSE 0.00465746739819987 "153,147,88,145,92,141,96,138,16,10" "10,153,147,88,145,92,141,96,16,138"
1839 2 TRUE 0.0641797137588693 1 TRUE 0.131745218687718 TRUE 0.00845537042447738 "153,10,147,88,145,92,141,96,138,16" "16,138,96,141,92,145,88,147,10,153"
1839 2 TRUE 0.0641797137588693 2 FALSE 0.0646857154818074 FALSE 0.00415151070391006 "153,10,147,88,145,92,141,96,138,16" "16,138,96,141,92,145,88,147,153,10"
1841 1 FALSE 0.0626007361314543 1 FALSE 0.0935990480220751 FALSE 0.00585936930738524 "153,147,88,145,92,141,96,138,16,10" "10,153,147,88,145,92,141,96,138,16"
1841 1 FALSE 0.0626007361314543 2 FALSE 0.0727992595727251 FALSE 0.00455728723907741 "153,147,88,145,92,141,96,138,16,10" "10,153,147,88,145,92,141,96,16,138"
1841 2 TRUE 0.0620698854254415 1 TRUE 0.122891792307919 TRUE 0.00762787946827969 "153,10,147,88,145,92,141,96,138,16" "16,138,96,141,92,145,88,147,10,153"
1841 2 TRUE 0.0620698854254415 2 FALSE 0.0611678604247562 FALSE 0.00379668208828401 "153,10,147,88,145,92,141,96,138,16" "16,138,96,141,92,145,88,147,153,10"
1842 1 FALSE 0.0663793071696643 1 FALSE 0.0937857645009749 FALSE 0.00622543406995201 "153,147,88,145,92,141,96,138,16,10" "10,153,147,88,145,92,141,96,138,16"
1842 1 FALSE 0.0663793071696643 2 FALSE 0.0729444835007583 FALSE 0.00484200427662934 "153,147,88,145,92,141,96,138,16,10" "10,153,147,88,145,92,141,96,16,138"
1842 2 TRUE 0.0653361146127529 1 TRUE 0.131010912017142 TRUE 0.00855974396307327 "153,10,147,88,145,92,141,96,138,16" "16,138,96,141,92,145,88,147,10,153"
1842 2 TRUE 0.0653361146127529 2 FALSE 0.0621044955386 FALSE 0.00405766643847717 "153,10,147,88,145,92,141,96,138,16" "16,138,96,141,92,145,88,147,153,10"
1848 1 FALSE 0.0638276532787607 1 FALSE 0.093440219989607 FALSE 0.00596406996378776 "153,147,88,145,92,141,96,138,16,10" "10,153,147,88,145,92,141,96,138,16"
1848 1 FALSE 0.0638276532787607 2 FALSE 0.0726757266585832 FALSE 0.00463872108294604 "153,147,88,145,92,141,96,138,16,10" "10,153,147,88,145,92,141,96,16,138"
1848 2 TRUE 0.0637314655041178 1 TRUE 0.132271415460758 TRUE 0.00842985115161815 "153,10,147,88,145,92,141,96,138,16" "16,138,96,141,92,145,88,147,10,153"
1848 2 TRUE 0.0637314655041178 2 FALSE 0.060230733825881 FALSE 0.00383859293511183 "153,10,147,88,145,92,141,96,138,16" "16,138,96,141,92,145,88,147,153,10"
1851 1 FALSE 0.0646896513481296 1 FALSE 0.0925362067255686 FALSE 0.00598613495015548 "153,147,88,145,92,141,96,138,16,10" "10,153,147,88,145,92,141,96,138,16"
1851 1 FALSE 0.0646896513481296 2 FALSE 0.0715169021507857 FALSE 0.00462640346563262 "153,147,88,145,92,141,96,138,16,10" "10,153,147,88,145,92,141,96,16,138"
1851 2 TRUE 0.0609071581952685 1 TRUE 0.127524406804822 TRUE 0.00776714921901907 "153,10,147,88,145,92,141,96,138,16" "16,138,96,141,92,145,88,147,10,153"
1851 2 TRUE 0.0609071581952685 2 FALSE 0.0579398195727922 FALSE 0.00352894975652537 "153,10,147,88,145,92,141,96,138,16" "16,138,96,141,92,145,88,147,153,10"
1862 1 FALSE 0.0655549619735943 1 FALSE 0.0955272790965015 FALSE 0.00626228714861208 "153,147,88,145,92,141,96,138,16,10" "10,153,147,88,145,92,141,96,138,16"
1862 1 FALSE 0.0655549619735943 2 FALSE 0.0742989948528345 FALSE 0.00487066778225384 "153,147,88,145,92,141,96,138,16,10" "10,153,147,88,145,92,141,96,16,138"
1862 2 TRUE 0.0644373872256322 1 TRUE 0.127792805284393 TRUE 0.00823463447876023 "153,10,147,88,145,92,141,96,138,16" "16,138,96,141,92,145,88,147,10,153"
1862 2 TRUE 0.0644373872256322 2 FALSE 0.0651886894372071 FALSE 0.00420058882399679 "153,10,147,88,145,92,141,96,138,16" "16,138,96,141,92,145,88,147,153,10"
1864 1 FALSE 0.0640467817845724 1 FALSE 0.0954393700853209 FALSE 0.00611258450951159 "153,147,88,145,92,141,96,138,16,10" "10,153,147,88,145,92,141,96,138,16"
1864 1 FALSE 0.0640467817845724 2 FALSE 0.0748544079100556 FALSE 0.0047941839290287 "153,147,88,145,92,141,96,138,16,10" "10,153,147,88,145,92,141,96,16,138"
1864 2 TRUE 0.0616028748393438 1 TRUE 0.136390883589455 TRUE 0.00840207053098871 "153,10,147,88,145,92,141,96,138,16" "16,138,96,141,92,145,88,147,10,153"
1864 2 TRUE 0.0616028748393438 2 FALSE 0.0621336247463073 FALSE 0.00382760990856152 "153,10,147,88,145,92,141,96,138,16" "16,138,96,141,92,145,88,147,153,10"
1878 1 FALSE 0.0658765576860495 1 FALSE 0.0935199489255528 FALSE 0.00616077231019058 "153,147,88,145,92,141,96,138,16,10" "10,153,147,88,145,92,141,96,138,16"
1878 1 FALSE 0.0658765576860495 2 FALSE 0.0727377380532077 FALSE 0.00479171179681489 "153,147,88,145,92,141,96,138,16,10" "10,153,147,88,145,92,141,96,16,138"
1878 2 TRUE 0.0614503520210662 1 TRUE 0.134752156367316 TRUE 0.00828056744436935 "153,10,147,88,145,92,141,96,138,16" "16,138,96,141,92,145,88,147,10,153"
1878 2 TRUE 0.0614503520210662 2 FALSE 0.0614176495007496 FALSE 0.00377413618212752 "153,10,147,88,145,92,141,96,138,16" "16,138,96,141,92,145,88,147,153,10"
1879 1 FALSE 0.0633916206601961 1 FALSE 0.0942705055068138 FALSE 0.00597596012453287 "153,147,88,145,92,141,96,138,16,10" "10,153,147,88,145,92,141,96,138,16"
1879 1 FALSE 0.0633916206601961 2 FALSE 0.0735257424565679 FALSE 0.00466091597456603 "153,147,88,145,92,141,96,138,16,10" "10,153,147,88,145,92,141,96,16,138"
1879 2 TRUE 0.0633015717998279 1 TRUE 0.134765923487284 TRUE 0.00853089478180039 "153,10,147,88,145,92,141,96,138,16" "16,138,96,141,92,145,88,147,10,153"
1879 2 TRUE 0.0633015717998279 2 FALSE 0.0639002468670041 FALSE 0.00404498606507839 "153,10,147,88,145,92,141,96,138,16" "16,138,96,141,92,145,88,147,153,10"
1891 1 FALSE 0.0672763837474457 1 FALSE 0.0943703901353629 FALSE 0.00634889858114283 "153,147,88,145,92,141,96,138,16,10" "10,153,147,88,145,92,141,96,138,16"
1891 1 FALSE 0.0672763837474457 2 FALSE 0.0733991923275045 FALSE 0.00493803222977776 "153,147,88,145,92,141,96,138,16,10" "10,153,147,88,145,92,141,96,16,138"
1891 2 TRUE 0.0659941798837392 1 TRUE 0.126618547656223 TRUE 0.00835608721064255 "153,10,147,88,145,92,141,96,138,16" "16,138,96,141,92,145,88,147,10,153"
1891 2 TRUE 0.0659941798837392 2 FALSE 0.0600223363607376 FALSE 0.00396112486283281 "153,10,147,88,145,92,141,96,138,16" "16,138,96,141,92,145,88,147,153,10"
1893 1 FALSE 0.0627320006414623 1 FALSE 0.0950790998426742 FALSE 0.00596450215232029 "153,147,88,145,92,141,96,138,16,10" "10,153,147,88,145,92,141,96,138,16"
1893 1 FALSE 0.0627320006414623 2 FALSE 0.0736863023780725 FALSE 0.00462248916804823 "153,147,88,145,92,141,96,138,16,10" "10,153,147,88,145,92,141,96,16,138"
1893 2 TRUE 0.061974051997055 1 TRUE 0.131434203437688 TRUE 0.0081455101580388 "153,10,147,88,145,92,141,96,138,16" "16,138,96,141,92,145,88,147,10,153"
1893 2 TRUE 0.061974051997055 2 FALSE 0.0605250056462492 FALSE 0.0037509798470427 "153,10,147,88,145,92,141,96,138,16" "16,138,96,141,92,145,88,147,153,10"
1895 1 FALSE 0.0698407931880425 1 FALSE 0.0934773022044097 FALSE 0.00652852893103432 "153,147,88,145,92,141,96,138,16,10" "10,153,147,88,145,92,141,96,138,16"
1895 1 FALSE 0.0698407931880425 2 FALSE 0.0727045683812075 FALSE 0.00507774472413781 "153,147,88,145,92,141,96,138,16,10" "10,153,147,88,145,92,141,96,16,138"
1895 2 TRUE 0.0641165687556421 1 TRUE 0.117258158878922 TRUE 0.00751819080592043 "153,10,147,88,145,92,141,96,138,16" "16,138,96,141,92,145,88,147,10,153"
1895 2 TRUE 0.0641165687556421 2 FALSE 0.0675034562280645 FALSE 0.00432808999249017 "153,10,147,88,145,92,141,96,138,16" "16,138,96,141,92,145,88,147,153,10"
1910 1 FALSE 0.0654719804107286 1 FALSE 0.0923367095520932 FALSE 0.00604546723898578 "153,147,88,145,92,141,96,138,16,10" "10,153,147,88,145,92,141,96,138,16"
1910 1 FALSE 0.0654719804107286 2 FALSE 0.0720174893442509 FALSE 0.00471512765157665 "153,147,88,145,92,141,96,138,16,10" "10,153,147,88,145,92,141,96,16,138"
1910 2 TRUE 0.063799787606556 1 TRUE 0.125933569588526 TRUE 0.00803453499228339 "153,10,147,88,145,92,141,96,138,16" "16,138,96,141,92,145,88,147,10,153"
1910 2 TRUE 0.063799787606556 2 FALSE 0.0585605312307818 FALSE 0.00373614945465097 "153,10,147,88,145,92,141,96,138,16" "16,138,96,141,92,145,88,147,153,10"
1949 1 FALSE 0.0653450172595872 1 FALSE 0.0877934098389953 FALSE 0.00573686188120717 "153,147,88,145,92,141,96,138,16,10" "10,153,147,88,145,92,141,96,138,16"
1949 1 FALSE 0.0653450172595872 2 FALSE 0.0693222860885868 FALSE 0.00452986598093275 "153,147,88,145,92,141,96,138,16,10" "10,147,88,145,92,141,96,138,16,153"
1949 2 TRUE 0.0648045142652116 1 TRUE 0.129990453027649 TRUE 0.00842396816757161 "153,10,147,88,145,92,141,96,138,16" "16,138,96,141,92,145,88,147,10,153"
1949 2 TRUE 0.0648045142652116 2 FALSE 0.0590865695580224 FALSE 0.00382907643980528 "153,10,147,88,145,92,141,96,138,16" "16,138,96,141,92,145,88,147,153,10"
1997 1 FALSE 0.065080948332753 1 FALSE 0.0906176087786238 FALSE 0.00589747991495924 "153,147,88,145,92,141,96,138,16,10" "10,153,147,88,145,92,141,96,138,16"
1997 1 FALSE 0.065080948332753 2 FALSE 0.0706766865125757 FALSE 0.00459970578325512 "153,147,88,145,92,141,96,138,16,10" "10,153,147,88,145,92,141,96,16,138"
1997 2 TRUE 0.0632183598620024 1 TRUE 0.12308658258236 TRUE 0.00778133187187569 "153,10,147,88,145,92,141,96,138,16" "16,138,96,141,92,145,88,147,10,153"
1997 2 TRUE 0.0632183598620024 2 FALSE 0.0640495791718161 FALSE 0.00404910934509368 "153,10,147,88,145,92,141,96,138,16" "16,138,96,141,92,145,88,147,153,10"
