"expNo" "Rank" "isCorrect" "prob" "verifyRank" "verifyIsCorrect" "verifyProb" "match" "jointProb" "computedSeq" "verifySeq"
1096 1 FALSE 0.058079024795549 1 FALSE 0.104107493376951 FALSE 0.0060464616892424 "154,11,148,15,146,91,142,95,97,137" "137,97,95,142,91,146,15,11,148,154"
1096 1 FALSE 0.058079024795549 2 FALSE 0.0777590064948213 TRUE 0.00451616726628998 "154,11,148,15,146,91,142,95,97,137" "137,97,95,142,91,146,15,148,11,154"
1096 2 FALSE 0.0580641335060283 1 FALSE 0 FALSE 0 "154,11,15,146,91,142,95,97,137,NA" "0,0,0,0,0,0,0,0,0,0"
1096 2 FALSE 0.0580641335060283 2 FALSE 0 FALSE 0 "154,11,15,146,91,142,95,97,137,NA" "0,0,0,0,0,0,0,0,0,0"
1097 1 FALSE 0.0724618265250414 1 FALSE 0.111708832128813 TRUE 0.00809462601503304 "154,11,148,15,146,91,142,95,97,137" "137,97,95,142,91,146,15,148,11,154"
1097 1 FALSE 0.0724618265250414 2 FALSE 0.100992098939932 FALSE 0.00731807195378518 "154,11,148,15,146,91,142,95,97,137" "137,97,95,142,91,146,15,11,148,154"
1097 2 TRUE 0.0696122041336072 1 TRUE 0.156507897059354 TRUE 0.0108948596786173 "154,11,148,15,146,91,142,95,137,97" "97,137,95,142,91,146,15,148,11,154"
1097 2 TRUE 0.0696122041336072 2 FALSE 0.141493387080376 FALSE 0.00984966654499465 "154,11,148,15,146,91,142,95,137,97" "97,137,95,142,91,146,15,11,148,154"
1098 1 FALSE 0.050119284439042 1 FALSE 0.105146643034525 FALSE 0.00526987451005776 "154,11,15,148,146,91,142,95,97,137" "137,97,95,142,91,146,15,11,148,154"
1098 1 FALSE 0.050119284439042 2 FALSE 0.0980932567858109 FALSE 0.00491636383840005 "154,11,15,148,146,91,142,95,97,137" "137,97,95,142,91,146,15,148,11,154"
1098 2 FALSE 0.0478956405650496 1 FALSE 0.105146643034525 FALSE 0.00503606582140316 "154,11,148,15,146,91,142,95,97,137" "137,97,95,142,91,146,15,11,148,154"
1098 2 FALSE 0.0478956405650496 2 FALSE 0.0980932567858109 TRUE 0.00469823936886831 "154,11,148,15,146,91,142,95,97,137" "137,97,95,142,91,146,15,148,11,154"
1099 1 FALSE 0.0752772329459914 1 FALSE 0.117638992886108 FALSE 0.0088555378710194 "154,11,148,15,146,91,142,95,97,137" "137,97,95,142,91,146,15,11,148,154"
1099 1 FALSE 0.0752772329459914 2 FALSE 0.0758049097295749 TRUE 0.00570638384816306 "154,11,148,15,146,91,142,95,97,137" "137,97,95,142,91,146,15,148,11,154"
1099 2 TRUE 0.0738215958448258 1 FALSE 0.165794921866809 FALSE 0.012239245715176 "154,11,148,15,146,91,142,95,137,97" "97,137,95,142,91,146,15,11,148,154"
1099 2 TRUE 0.0738215958448258 2 TRUE 0.106835911948881 TRUE 0.00788679751360371 "154,11,148,15,146,91,142,95,137,97" "97,137,95,142,91,146,15,148,11,154"
1100 1 FALSE 0.0780080555175639 1 FALSE 0.127141554017644 FALSE 0.00991806540439774 "154,11,148,15,146,91,142,95,97,137" "137,97,95,142,91,146,15,11,148,154"
1100 1 FALSE 0.0780080555175639 2 FALSE 0.0793443447809515 TRUE 0.0061894980526772 "154,11,148,15,146,91,142,95,97,137" "137,97,95,142,91,146,15,148,11,154"
1100 2 TRUE 0.0712514522837592 1 FALSE 0.168740333528791 FALSE 0.0120229938227723 "154,11,148,15,146,91,142,95,137,97" "97,137,95,142,91,146,15,11,148,154"
1100 2 TRUE 0.0712514522837592 2 TRUE 0.105304605605993 TRUE 0.00750310608159552 "154,11,148,15,146,91,142,95,137,97" "97,137,95,142,91,146,15,148,11,154"
1101 1 FALSE 0.081645570882581 1 FALSE 0.122412123288253 FALSE 0.00999440768881834 "154,11,148,15,146,91,142,95,97,137" "137,97,95,142,91,146,15,11,148,154"
1101 1 FALSE 0.081645570882581 2 FALSE 0.0737117457038827 TRUE 0.00601823755874514 "154,11,148,15,146,91,142,95,97,137" "137,97,95,142,91,146,15,148,11,154"
1101 2 TRUE 0.0666326573449779 1 FALSE 0.170281141270041 FALSE 0.0113462849385585 "154,11,148,15,146,91,142,95,137,97" "97,137,95,142,91,146,15,11,148,154"
1101 2 TRUE 0.0666326573449779 2 TRUE 0.102536577638701 TRUE 0.00683228464312628 "154,11,148,15,146,91,142,95,137,97" "97,137,95,142,91,146,15,148,11,154"
1102 1 FALSE 0.0762248340751155 1 FALSE 0.117029231622938 FALSE 0.00892053376239674 "154,11,148,15,146,91,142,95,97,137" "137,97,95,142,91,146,15,11,148,154"
1102 1 FALSE 0.0762248340751155 2 FALSE 0.0735481877299247 TRUE 0.00560619840623895 "154,11,148,15,146,91,142,95,97,137" "137,97,95,142,91,146,15,148,11,154"
1102 2 TRUE 0.0718272474938588 1 FALSE 0.164464344650385 FALSE 0.0118130211871185 "154,11,148,15,146,91,142,95,137,97" "97,137,95,142,91,146,15,11,148,154"
1102 2 TRUE 0.0718272474938588 2 TRUE 0.103359257575905 TRUE 0.00742401097468604 "154,11,148,15,146,91,142,95,137,97" "97,137,95,142,91,146,15,148,11,154"
1103 1 FALSE 0.0807674483448715 1 FALSE 0.121321167545575 FALSE 0.00979880113287672 "154,11,148,15,146,91,142,95,97,137" "137,97,95,142,91,146,15,11,148,154"
1103 1 FALSE 0.0807674483448715 2 FALSE 0.0736450631018786 TRUE 0.00594812382993578 "154,11,148,15,146,91,142,95,97,137" "137,97,95,142,91,146,15,148,11,154"
1103 2 TRUE 0.0705354535410737 1 FALSE 0.15833713406625 FALSE 0.0111683815637567 "154,11,148,15,146,91,142,95,137,97" "97,137,95,142,91,146,15,11,148,154"
1103 2 TRUE 0.0705354535410737 2 TRUE 0.0961147050064381 TRUE 0.00677949430959562 "154,11,148,15,146,91,142,95,137,97" "97,137,95,142,91,146,15,148,11,154"
1104 1 FALSE 0.0892798592169132 1 FALSE 0.115769643093187 FALSE 0.010335897436952 "154,11,148,15,146,91,142,95,97,137" "137,97,95,142,91,146,15,11,148,154"
1104 1 FALSE 0.0892798592169132 2 FALSE 0.069135548297688 TRUE 0.00617241201890168 "154,11,148,15,146,91,142,95,97,137" "137,97,95,142,91,146,15,148,11,154"
1104 2 TRUE 0.0638035357535011 1 FALSE 0.156992284196182 FALSE 0.0100166628177349 "154,11,148,15,146,91,142,95,137,97" "97,137,95,142,91,146,15,11,148,154"
1104 2 TRUE 0.0638035357535011 2 TRUE 0.093752968018334 TRUE 0.00598177084695462 "154,11,148,15,146,91,142,95,137,97" "97,137,95,142,91,146,15,148,11,154"
1105 1 FALSE 0.0802095011366109 1 FALSE 0.11714861071417 FALSE 0.00939643162423058 "154,11,148,15,146,91,142,95,97,137" "137,97,95,142,91,146,15,11,148,154"
1105 1 FALSE 0.0802095011366109 2 FALSE 0.0754047082993954 TRUE 0.00604817403604617 "154,11,148,15,146,91,142,95,97,137" "137,97,95,142,91,146,15,148,11,154"
1105 2 TRUE 0.0716858756752271 1 FALSE 0.171931146295855 FALSE 0.012325034778064 "154,11,148,15,146,91,142,95,137,97" "97,137,95,142,91,146,15,11,148,154"
1105 2 TRUE 0.0716858756752271 2 TRUE 0.11066642493654 TRUE 0.00793321957942269 "154,11,148,15,146,91,142,95,137,97" "97,137,95,142,91,146,15,148,11,154"
1106 1 FALSE 0.0816295226005764 1 FALSE 0.123507508599121 FALSE 0.0100818589645329 "154,11,148,15,146,91,142,95,97,137" "137,97,95,142,91,146,15,11,148,154"
1106 1 FALSE 0.0816295226005764 2 FALSE 0.0874331747091727 TRUE 0.00713712831096256 "154,11,148,15,146,91,142,95,97,137" "137,97,95,142,91,146,15,148,11,154"
1106 2 TRUE 0.0598475515439459 1 FALSE 0.148363274284904 FALSE 0.0088791787049944 "154,11,148,15,146,91,142,95,137,97" "97,137,95,142,91,146,15,11,148,154"
1106 2 TRUE 0.0598475515439459 2 TRUE 0.10502901587207 TRUE 0.00628572944101363 "154,11,148,15,146,91,142,95,137,97" "97,137,95,142,91,146,15,148,11,154"
1107 1 FALSE 0.0843221409791256 1 FALSE 0.129641640729814 FALSE 0.0109316607063845 "154,11,148,15,146,91,142,95,97,137" "137,97,95,142,91,146,15,11,148,154"
1107 1 FALSE 0.0843221409791256 2 FALSE 0.0848793163362408 TRUE 0.00715720567831629 "154,11,148,15,146,91,142,95,97,137" "137,97,95,142,91,146,15,148,11,154"
1107 2 TRUE 0.0583603622043821 1 FALSE 0.146969439684977 FALSE 0.00857718973299035 "154,11,148,15,146,91,142,95,137,97" "97,137,95,142,91,146,15,11,148,154"
1107 2 TRUE 0.0583603622043821 2 TRUE 0.0962242184884072 TRUE 0.00561568024381705 "154,11,148,15,146,91,142,95,137,97" "97,137,95,142,91,146,15,148,11,154"
1108 1 FALSE 0.0845491817173296 1 FALSE 0.129966237895555 FALSE 0.0109885390649489 "154,11,148,15,146,91,142,95,97,137" "137,97,95,142,91,146,15,11,148,154"
1108 1 FALSE 0.0845491817173296 2 FALSE 0.0845042826831945 TRUE 0.00714476795247399 "154,11,148,15,146,91,142,95,97,137" "137,97,95,142,91,146,15,148,11,154"
1108 2 TRUE 0.0561542184338154 1 FALSE 0.153378635173825 FALSE 0.00861285738263147 "154,11,148,15,146,91,142,95,137,97" "97,137,95,142,91,146,15,11,148,154"
1108 2 TRUE 0.0561542184338154 2 TRUE 0.099727065691534 TRUE 0.00560009543060586 "154,11,148,15,146,91,142,95,137,97" "97,137,95,142,91,146,15,148,11,154"
1109 1 FALSE 0.0816017805651559 1 FALSE 0.114495822533612 FALSE 0.00934306298601481 "154,11,148,15,146,91,142,95,97,137" "137,97,95,142,91,146,15,11,148,154"
1109 1 FALSE 0.0816017805651559 2 FALSE 0.0664964157505573 TRUE 0.00542622592644636 "154,11,148,15,146,91,142,95,97,137" "137,97,95,142,91,146,15,148,11,154"
1109 2 TRUE 0.0616176710389953 1 FALSE 0.16352607425199 FALSE 0.0100760958495574 "154,11,148,15,146,91,142,95,137,97" "97,137,95,142,91,146,15,11,148,154"
1109 2 TRUE 0.0616176710389953 2 TRUE 0.0949720049072068 TRUE 0.00585195375628611 "154,11,148,15,146,91,142,95,137,97" "97,137,95,142,91,146,15,148,11,154"
1110 1 FALSE 0.0801804403654335 1 FALSE 0.118197055788163 FALSE 0.00947709198299265 "154,11,148,15,146,91,142,95,97,137" "137,97,95,142,91,146,15,11,148,154"
1110 1 FALSE 0.0801804403654335 2 FALSE 0.0713336368891629 TRUE 0.00571956241864101 "154,11,148,15,146,91,142,95,97,137" "137,97,95,142,91,146,15,148,11,154"
1110 2 TRUE 0.0577056199599711 1 FALSE 0.147317766130669 FALSE 0.00850106302568829 "154,11,148,15,146,91,142,95,137,97" "97,137,95,142,91,146,15,11,148,154"
1110 2 TRUE 0.0577056199599711 2 TRUE 0.0889084077975837 TRUE 0.0051305147916135 "154,11,148,15,146,91,142,95,137,97" "97,137,95,142,91,146,15,148,11,154"
1111 1 FALSE 0.0811235635415163 1 FALSE 0.122740045860473 FALSE 0.00995710990945073 "154,11,148,15,146,91,142,95,97,137" "137,97,95,142,91,146,15,11,148,154"
1111 1 FALSE 0.0811235635415163 2 FALSE 0.0728342351155167 TRUE 0.00590857270039136 "154,11,148,15,146,91,142,95,97,137" "137,97,95,142,91,146,15,148,11,154"
1111 2 TRUE 0.0573851161947622 1 FALSE 0.155473048987832 FALSE 0.00892183898132068 "154,11,148,15,146,91,142,95,137,97" "97,137,95,142,91,146,15,11,148,154"
1111 2 TRUE 0.0573851161947622 2 TRUE 0.0922580770173286 TRUE 0.00529424046954472 "154,11,148,15,146,91,142,95,137,97" "97,137,95,142,91,146,15,148,11,154"
1112 1 FALSE 0.0920270329273277 1 FALSE 0.130143852880441 FALSE 0.0119767526343177 "154,11,148,15,146,91,142,95,97,137" "137,97,95,142,91,146,15,11,148,154"
1112 1 FALSE 0.0920270329273277 2 FALSE 0.0833467292569477 TRUE 0.00767015219771419 "154,11,148,15,146,91,142,95,97,137" "137,97,95,142,91,146,15,148,11,154"
1112 2 TRUE 0.056847078567767 1 FALSE 0.151026217313506 FALSE 0.0085853992414135 "154,11,148,15,146,91,142,95,137,97" "97,137,95,142,91,146,15,11,148,154"
1112 2 TRUE 0.056847078567767 2 TRUE 0.0967202135677776 TRUE 0.00549826157977865 "154,11,148,15,146,91,142,95,137,97" "97,137,95,142,91,146,15,148,11,154"
1113 1 FALSE 0.0825777381176228 1 FALSE 0.122801626836268 FALSE 0.0101406805813033 "154,11,148,15,146,91,142,95,97,137" "137,97,95,142,91,146,15,11,148,154"
1113 1 FALSE 0.0825777381176228 2 FALSE 0.074787893693428 TRUE 0.00617581509978451 "154,11,148,15,146,91,142,95,97,137" "137,97,95,142,91,146,15,148,11,154"
1113 2 TRUE 0.0577627107539937 1 FALSE 0.150079682155361 FALSE 0.00866900927039144 "154,11,148,15,146,91,142,95,137,97" "97,137,95,142,91,146,15,11,148,154"
1113 2 TRUE 0.0577627107539937 2 TRUE 0.091400607660873 TRUE 0.00527954686305427 "154,11,148,15,146,91,142,95,137,97" "97,137,95,142,91,146,15,148,11,154"
1114 1 FALSE 0.084956754350126 1 FALSE 0.127276674547251 FALSE 0.0108130131740117 "154,11,148,15,146,91,142,95,97,137" "137,97,95,142,91,146,15,11,148,154"
1114 1 FALSE 0.084956754350126 2 FALSE 0.0787634736749456 TRUE 0.00669148908476497 "154,11,148,15,146,91,142,95,97,137" "137,97,95,142,91,146,15,148,11,154"
1114 2 TRUE 0.0554993872639014 1 FALSE 0.145490959251443 FALSE 0.00807465909089236 "154,11,148,15,146,91,142,95,137,97" "97,137,95,142,91,146,15,11,148,154"
1114 2 TRUE 0.0554993872639014 2 TRUE 0.0900351410005562 TRUE 0.00499689515774984 "154,11,148,15,146,91,142,95,137,97" "97,137,95,142,91,146,15,148,11,154"
1115 1 FALSE 0.0900156992309795 1 FALSE 0.118877136931976 FALSE 0.0107008086035088 "154,11,148,15,146,91,142,95,97,137" "137,97,95,142,91,146,15,11,148,154"
1115 1 FALSE 0.0900156992309795 2 FALSE 0.0776223420654075 TRUE 0.00698722939696393 "154,11,148,15,146,91,142,95,97,137" "137,97,95,142,91,146,15,148,11,154"
1115 2 TRUE 0.0588739042950093 1 FALSE 0.145545156745479 FALSE 0.00856881162883543 "154,11,148,15,146,91,142,95,137,97" "97,137,95,142,91,146,15,11,148,154"
1115 2 TRUE 0.0588739042950093 2 TRUE 0.095035565579995 TRUE 0.0055951147925787 "154,11,148,15,146,91,142,95,137,97" "97,137,95,142,91,146,15,148,11,154"
1116 1 FALSE 0.0874972194969581 1 FALSE 0.111936191704101 FALSE 0.00979410553518733 "154,11,148,15,146,91,142,95,97,137" "137,97,95,142,91,146,15,11,148,154"
1116 1 FALSE 0.0874972194969581 2 FALSE 0.0710178900476738 TRUE 0.00621386791371215 "154,11,148,15,146,91,142,95,97,137" "137,97,95,142,91,146,15,148,11,154"
1116 2 TRUE 0.0530684890182052 1 FALSE 0.147475793289614 FALSE 0.00782631751664098 "154,11,148,15,146,91,142,95,137,97" "97,137,95,142,91,146,15,11,148,154"
1116 2 TRUE 0.0530684890182052 2 TRUE 0.0935659817713053 TRUE 0.0049654052761081 "154,11,148,15,146,91,142,95,137,97" "97,137,95,142,91,146,15,148,11,154"
1117 1 FALSE 0.0888168573060299 1 FALSE 0.119328798831994 FALSE 0.0105984088983611 "154,11,148,15,146,91,142,95,97,137" "137,97,95,142,91,146,15,11,148,154"
1117 1 FALSE 0.0888168573060299 2 FALSE 0.0749566824334694 TRUE 0.00665741696782685 "154,11,148,15,146,91,142,95,97,137" "137,97,95,142,91,146,15,148,11,154"
1117 2 TRUE 0.0549818640465899 1 FALSE 0.146407009730714 FALSE 0.00804973030448187 "154,11,148,15,146,91,142,95,137,97" "97,137,95,142,91,146,15,11,148,154"
1117 2 TRUE 0.0549818640465899 2 TRUE 0.091965928106507 TRUE 0.00505645815607043 "154,11,148,15,146,91,142,95,137,97" "97,137,95,142,91,146,15,148,11,154"
1118 1 FALSE 0.0843177627350131 1 FALSE 0.127275356968211 FALSE 0.0107315733508598 "154,11,148,15,146,91,142,95,97,137" "137,97,95,142,91,146,15,11,148,154"
1118 1 FALSE 0.0843177627350131 2 FALSE 0.0774793144442044 TRUE 0.0065328824521779 "154,11,148,15,146,91,142,95,97,137" "137,97,95,142,91,146,15,148,11,154"
1118 2 TRUE 0.0592560599573518 1 FALSE 0.15056377535018 FALSE 0.00892181609955548 "154,11,148,15,146,91,142,95,137,97" "97,137,95,142,91,146,15,11,148,154"
1118 2 TRUE 0.0592560599573518 2 TRUE 0.0916562198067669 TRUE 0.00543118645633399 "154,11,148,15,146,91,142,95,137,97" "97,137,95,142,91,146,15,148,11,154"
1119 1 FALSE 0.0867614327581725 1 FALSE 0.129658024678511 FALSE 0.0112493159897021 "154,11,148,15,146,91,142,95,97,137" "137,97,95,142,91,146,15,11,148,154"
1119 1 FALSE 0.0867614327581725 2 FALSE 0.0746681332550508 TRUE 0.00647831422258635 "154,11,148,15,146,91,142,95,97,137" "137,97,95,142,91,146,15,148,11,154"
1119 2 TRUE 0.0563188247728488 1 FALSE 0.152300246955509 FALSE 0.0085773709211489 "154,11,148,15,146,91,142,95,137,97" "97,137,95,142,91,146,15,11,148,154"
1119 2 TRUE 0.0563188247728488 2 TRUE 0.0877074532227993 TRUE 0.00493958068932766 "154,11,148,15,146,91,142,95,137,97" "97,137,95,142,91,146,15,148,11,154"
1120 1 FALSE 0.090064526162867 1 FALSE 0.122486647477579 FALSE 0.0110317018663463 "154,11,148,15,146,91,142,95,97,137" "137,97,95,142,91,146,15,11,148,154"
1120 1 FALSE 0.090064526162867 2 FALSE 0.0730832298240792 TRUE 0.0065822064645576 "154,11,148,15,146,91,142,95,97,137" "137,97,95,142,91,146,15,148,11,154"
1120 2 TRUE 0.0540387156977202 1 FALSE 0.154958246001055 FALSE 0.00837374460066842 "154,11,148,15,146,91,142,95,137,97" "97,137,95,142,91,146,15,11,148,154"
1120 2 TRUE 0.0540387156977202 2 TRUE 0.0924578257209979 TRUE 0.00499630215816637 "154,11,148,15,146,91,142,95,137,97" "97,137,95,142,91,146,15,148,11,154"
1121 1 FALSE 0.0847437082011494 1 FALSE 0.119106515148104 FALSE 0.0100935277645667 "154,11,148,15,146,91,142,95,97,137" "137,97,95,142,91,146,15,11,148,154"
1121 1 FALSE 0.0847437082011494 2 FALSE 0.0751960668169071 TRUE 0.00637239354420611 "154,11,148,15,146,91,142,95,97,137" "137,97,95,142,91,146,15,148,11,154"
1121 2 TRUE 0.0571378032568356 1 FALSE 0.142914850968806 FALSE 0.00816584063713559 "154,11,148,15,146,91,142,95,137,97" "97,137,95,142,91,146,15,11,148,154"
1121 2 TRUE 0.0571378032568356 2 TRUE 0.0902270935323368 TRUE 0.00515537791868676 "154,11,148,15,146,91,142,95,137,97" "97,137,95,142,91,146,15,148,11,154"
1122 1 FALSE 0.0930870809673382 1 FALSE 0.117428696986525 FALSE 0.0109310946242737 "154,11,148,15,146,91,142,95,97,137" "137,97,95,142,91,146,15,11,148,154"
1122 1 FALSE 0.0930870809673382 2 FALSE 0.0694790179393456 TRUE 0.006467598968451 "154,11,148,15,146,91,142,95,97,137" "137,97,95,142,91,146,15,148,11,154"
1122 2 TRUE 0.0564588310628969 1 FALSE 0.153715837969833 FALSE 0.00867861652763043 "154,11,148,15,146,91,142,95,137,97" "97,137,95,142,91,146,15,11,148,154"
1122 2 TRUE 0.0564588310628969 2 TRUE 0.0909490247098043 TRUE 0.00513487562142607 "154,11,148,15,146,91,142,95,137,97" "97,137,95,142,91,146,15,148,11,154"
1123 1 FALSE 0.0819444512054542 1 FALSE 0.126289259956509 FALSE 0.0103487041002791 "154,11,148,15,146,91,142,95,97,137" "137,97,95,142,91,146,15,11,148,154"
1123 1 FALSE 0.0819444512054542 2 FALSE 0.0788415456351866 TRUE 0.00646062718926514 "154,11,148,15,146,91,142,95,97,137" "137,97,95,142,91,146,15,148,11,154"
1123 2 TRUE 0.0511138656034021 1 FALSE 0.156302048271065 FALSE 0.00798920188886369 "154,11,148,15,146,91,142,95,137,97" "97,137,95,142,91,146,15,11,148,154"
1123 2 TRUE 0.0511138656034021 2 TRUE 0.0975783299061225 TRUE 0.00498760564062598 "154,11,148,15,146,91,142,95,137,97" "97,137,95,142,91,146,15,148,11,154"
1124 1 FALSE 0.078511707237623 1 FALSE 0.122646638889375 FALSE 0.00962919700616111 "154,11,148,15,146,91,142,95,97,137" "137,97,95,142,91,146,15,11,148,154"
1124 1 FALSE 0.078511707237623 2 FALSE 0.0815350087936642 TRUE 0.00640145274002518 "154,11,148,15,146,91,142,95,97,137" "137,97,95,142,91,146,15,148,11,154"
1124 2 TRUE 0.0555375435421353 1 FALSE 0.150972387217363 FALSE 0.00838463552874444 "154,11,148,15,146,91,142,95,137,97" "97,137,95,142,91,146,15,11,148,154"
1124 2 TRUE 0.0555375435421353 2 TRUE 0.100365856177038 TRUE 0.00557407310757595 "154,11,148,15,146,91,142,95,137,97" "97,137,95,142,91,146,15,148,11,154"
1125 1 FALSE 0.0847624099470226 1 FALSE 0.118885859377179 FALSE 0.0100770519494326 "154,11,148,15,146,91,142,95,97,137" "137,97,95,142,91,146,15,11,148,154"
1125 1 FALSE 0.0847624099470226 2 FALSE 0.0769478794570245 TRUE 0.00652228770309039 "154,11,148,15,146,91,142,95,97,137" "137,97,95,142,91,146,15,148,11,154"
1125 2 TRUE 0.0591415303660586 1 FALSE 0.153350836133176 FALSE 0.00906940313183069 "154,11,148,15,146,91,142,95,137,97" "97,137,95,142,91,146,15,11,148,154"
1125 2 TRUE 0.0591415303660586 2 TRUE 0.0992550477847206 TRUE 0.00587009542254465 "154,11,148,15,146,91,142,95,137,97" "97,137,95,142,91,146,15,148,11,154"
1126 1 FALSE 0.088461983487477 1 FALSE 0.124040342528711 FALSE 0.0109728547325558 "154,11,148,15,146,91,142,95,97,137" "137,97,95,142,91,146,15,11,148,154"
1126 1 FALSE 0.088461983487477 2 FALSE 0.0782824445687148 TRUE 0.00692502031879698 "154,11,148,15,146,91,142,95,97,137" "137,97,95,142,91,146,15,148,11,154"
1126 2 TRUE 0.055566572542385 1 FALSE 0.148127023560748 FALSE 0.00823091100017588 "154,11,148,15,146,91,142,95,137,97" "97,137,95,142,91,146,15,11,148,154"
1126 2 TRUE 0.055566572542385 2 TRUE 0.093483662449086 TRUE 0.00519456671100497 "154,11,148,15,146,91,142,95,137,97" "97,137,95,142,91,146,15,148,11,154"
1127 1 FALSE 0.0808897495305723 1 FALSE 0.120697676635683 FALSE 0.00976320483198241 "154,11,148,15,146,91,142,95,97,137" "137,97,95,142,91,146,15,11,148,154"
1127 1 FALSE 0.0808897495305723 2 FALSE 0.0739017553976958 TRUE 0.00597789448398923 "154,11,148,15,146,91,142,95,97,137" "137,97,95,142,91,146,15,148,11,154"
1127 2 TRUE 0.0558281898523345 1 FALSE 0.160324047656842 FALSE 0.00895060137048088 "154,11,148,15,146,91,142,95,137,97" "97,137,95,142,91,146,15,11,148,154"
1127 2 TRUE 0.0558281898523345 2 TRUE 0.0981645122305661 TRUE 0.00548034702556986 "154,11,148,15,146,91,142,95,137,97" "97,137,95,142,91,146,15,148,11,154"
1128 1 FALSE 0.0844933735091351 1 FALSE 0.121770302892245 FALSE 0.010288783684595 "154,11,148,15,146,91,142,95,97,137" "137,97,95,142,91,146,15,11,148,154"
1128 1 FALSE 0.0844933735091351 2 FALSE 0.0707691046029606 TRUE 0.005979520388125 "154,11,148,15,146,91,142,95,97,137" "137,97,95,142,91,146,15,148,11,154"
1128 2 TRUE 0.0590179845114059 1 FALSE 0.153407244957553 FALSE 0.0090537864068423 "154,11,148,15,146,91,142,95,137,97" "97,137,95,142,91,146,15,11,148,154"
1128 2 TRUE 0.0590179845114059 2 TRUE 0.0891555092448115 TRUE 0.00526177846371679 "154,11,148,15,146,91,142,95,137,97" "97,137,95,142,91,146,15,148,11,154"
1129 1 FALSE 0.0883086057948885 1 FALSE 0.122949800030201 FALSE 0.0108575254234274 "154,11,148,15,146,91,142,95,97,137" "137,97,95,142,91,146,15,11,148,154"
1129 1 FALSE 0.0883086057948885 2 FALSE 0.0760053309277609 TRUE 0.00671192480720969 "154,11,148,15,146,91,142,95,97,137" "137,97,95,142,91,146,15,148,11,154"
1129 2 TRUE 0.0595363783429198 1 FALSE 0.158117051734065 FALSE 0.0094137166145063 "154,11,148,15,146,91,142,95,137,97" "97,137,95,142,91,146,15,11,148,154"
1129 2 TRUE 0.0595363783429198 2 TRUE 0.0977450865265126 TRUE 0.00581938845260389 "154,11,148,15,146,91,142,95,137,97" "97,137,95,142,91,146,15,148,11,154"
1130 1 FALSE 0.088280249965414 1 FALSE 0.123798973121812 FALSE 0.0109290042926551 "154,11,148,15,146,91,142,95,97,137" "137,97,95,142,91,146,15,11,148,154"
1130 1 FALSE 0.088280249965414 2 FALSE 0.0791411152075471 TRUE 0.00698659743306389 "154,11,148,15,146,91,142,95,97,137" "137,97,95,142,91,146,15,148,11,154"
1130 2 TRUE 0.0591522487077901 1 FALSE 0.149347524599191 FALSE 0.00883424191898415 "154,11,148,15,146,91,142,95,137,97" "97,137,95,142,91,146,15,11,148,154"
1130 2 TRUE 0.0591522487077901 2 TRUE 0.0954735677705237 TRUE 0.00564747622578207 "154,11,148,15,146,91,142,95,137,97" "97,137,95,142,91,146,15,148,11,154"
1131 1 FALSE 0.0880004251394454 1 FALSE 0.125593846370422 FALSE 0.0110523118754954 "154,11,148,15,146,91,142,95,97,137" "137,97,95,142,91,146,15,11,148,154"
1131 1 FALSE 0.0880004251394454 2 FALSE 0.0758265878105928 TRUE 0.00667277196420566 "154,11,148,15,146,91,142,95,97,137" "137,97,95,142,91,146,15,148,11,154"
1131 2 TRUE 0.0543922225736271 1 FALSE 0.154203864216552 FALSE 0.00838749090418008 "154,11,148,15,146,91,142,95,137,97" "97,137,95,142,91,146,15,11,148,154"
1131 2 TRUE 0.0543922225736271 2 TRUE 0.0930997273247202 TRUE 0.00506390109019017 "154,11,148,15,146,91,142,95,137,97" "97,137,95,142,91,146,15,148,11,154"
1132 1 FALSE 0.0867633480537806 1 FALSE 0.124483627586566 FALSE 0.0108006163072905 "154,11,148,15,146,91,142,95,97,137" "137,97,95,142,91,146,15,11,148,154"
1132 1 FALSE 0.0867633480537806 2 FALSE 0.0731543395882095 TRUE 0.00634711542733629 "154,11,148,15,146,91,142,95,97,137" "137,97,95,142,91,146,15,148,11,154"
1132 2 TRUE 0.0606245166147935 1 FALSE 0.155735825906206 FALSE 0.0094414091651694 "154,11,148,15,146,91,142,95,137,97" "97,137,95,142,91,146,15,11,148,154"
1132 2 TRUE 0.0606245166147935 2 TRUE 0.091520079509816 TRUE 0.00554836058083007 "154,11,148,15,146,91,142,95,137,97" "97,137,95,142,91,146,15,148,11,154"
1133 1 FALSE 0.0858474179006769 1 FALSE 0.130521204413522 FALSE 0.0112049083801873 "154,11,148,15,146,91,142,95,97,137" "137,97,95,142,91,146,15,11,148,154"
1133 1 FALSE 0.0858474179006769 2 FALSE 0.0786560031171254 TRUE 0.00675241476999281 "154,11,148,15,146,91,142,95,97,137" "137,97,95,142,91,146,15,148,11,154"
1133 2 TRUE 0.0583848937863545 1 FALSE 0.156190268833304 FALSE 0.0091191522562946 "154,11,148,15,146,91,142,95,137,97" "97,137,95,142,91,146,15,11,148,154"
1133 2 TRUE 0.0583848937863545 2 TRUE 0.0941249533163534 TRUE 0.00549547540202087 "154,11,148,15,146,91,142,95,137,97" "97,137,95,142,91,146,15,148,11,154"
1134 1 FALSE 0.0824536856014043 1 FALSE 0.116434406418731 FALSE 0.00960044594003614 "154,11,148,15,146,91,142,95,97,137" "137,97,95,142,91,146,15,11,148,154"
1134 1 FALSE 0.0824536856014043 2 FALSE 0.0769156671103231 TRUE 0.00634198023373686 "154,11,148,15,146,91,142,95,97,137" "137,97,95,142,91,146,15,148,11,154"
1134 2 TRUE 0.0557287473034617 1 FALSE 0.15168835864539 FALSE 0.00845340220782584 "154,11,148,15,146,91,142,95,137,97" "97,137,95,142,91,146,15,11,148,154"
1134 2 TRUE 0.0557287473034617 2 TRUE 0.100204154913811 TRUE 0.00558425202794873 "154,11,148,15,146,91,142,95,137,97" "97,137,95,142,91,146,15,148,11,154"
1135 1 FALSE 0.091734954184162 1 FALSE 0.122886983780503 FALSE 0.0112730318269343 "154,11,148,15,146,91,142,95,97,137" "137,97,95,142,91,146,15,11,148,154"
1135 1 FALSE 0.091734954184162 2 FALSE 0.0794998246021861 TRUE 0.00729291276753046 "154,11,148,15,146,91,142,95,97,137" "137,97,95,142,91,146,15,148,11,154"
1135 2 TRUE 0.0556879696684711 1 FALSE 0.136093380537591 FALSE 0.00757876404745707 "154,11,148,15,146,91,142,95,137,97" "97,137,95,142,91,146,15,11,148,154"
1135 2 TRUE 0.0556879696684711 2 TRUE 0.088043497768505 TRUE 0.00490296363323861 "154,11,148,15,146,91,142,95,137,97" "97,137,95,142,91,146,15,148,11,154"
1136 1 FALSE 0.0882268564248393 1 FALSE 0.121593851351092 FALSE 0.010727843265296 "154,11,148,15,146,91,142,95,97,137" "137,97,95,142,91,146,15,11,148,154"
1136 1 FALSE 0.0882268564248393 2 FALSE 0.0744504725433593 TRUE 0.0065685311518444 "154,11,148,15,146,91,142,95,97,137" "137,97,95,142,91,146,15,148,11,154"
1136 2 TRUE 0.0578573103690529 1 FALSE 0.150098204992136 FALSE 0.00868427843206774 "154,11,148,15,146,91,142,95,137,97" "97,137,95,142,91,146,15,11,148,154"
1136 2 TRUE 0.0578573103690529 2 TRUE 0.091903350090524 TRUE 0.00531728065014317 "154,11,148,15,146,91,142,95,137,97" "97,137,95,142,91,146,15,148,11,154"
1137 1 FALSE 0.0881016872339853 1 FALSE 0.128866869409669 FALSE 0.0113533886235535 "154,11,148,15,146,91,142,95,97,137" "137,97,95,142,91,146,15,11,148,154"
1137 1 FALSE 0.0881016872339853 2 FALSE 0.0794110570412864 TRUE 0.00699624811037158 "154,11,148,15,146,91,142,95,97,137" "137,97,95,142,91,146,15,148,11,154"
1137 2 TRUE 0.0593968768569976 1 FALSE 0.149265798616062 FALSE 0.00886592225935961 "154,11,148,15,146,91,142,95,137,97" "97,137,95,142,91,146,15,11,148,154"
1137 2 TRUE 0.0593968768569976 2 TRUE 0.0919813983416582 TRUE 0.00546340779043391 "154,11,148,15,146,91,142,95,137,97" "97,137,95,142,91,146,15,148,11,154"
1138 1 FALSE 0.0866793229391656 1 FALSE 0.120502700020463 FALSE 0.0104450924501151 "154,11,148,15,146,91,142,95,97,137" "137,97,95,142,91,146,15,11,148,154"
1138 1 FALSE 0.0866793229391656 2 FALSE 0.0780570708950183 TRUE 0.00676593405579464 "154,11,148,15,146,91,142,95,97,137" "137,97,95,142,91,146,15,148,11,154"
1138 2 TRUE 0.0580034567036522 1 FALSE 0.136170573821905 FALSE 0.00789836398299037 "154,11,148,15,146,91,142,95,137,97" "97,137,95,142,91,146,15,11,148,154"
1138 2 TRUE 0.0580034567036522 2 TRUE 0.0882061242845748 TRUE 0.0051162601109373 "154,11,148,15,146,91,142,95,137,97" "97,137,95,142,91,146,15,148,11,154"
1139 1 FALSE 0.0856749629453704 1 FALSE 0.112154936044946 FALSE 0.00960886998979114 "154,11,148,15,146,91,142,95,97,137" "137,97,95,142,91,146,15,11,148,154"
1139 1 FALSE 0.0856749629453704 2 FALSE 0.0780898865706246 TRUE 0.00669034813834644 "154,11,148,15,146,91,142,95,97,137" "137,97,95,142,91,146,15,148,11,154"
1139 2 TRUE 0.0589822609221897 1 FALSE 0.14631602872608 FALSE 0.00863005018342023 "154,11,148,15,146,91,142,95,137,97" "97,137,95,142,91,146,15,11,148,154"
1139 2 TRUE 0.0589822609221897 2 TRUE 0.10187516028813 TRUE 0.00600882728560436 "154,11,148,15,146,91,142,95,137,97" "97,137,95,142,91,146,15,148,11,154"
1140 1 FALSE 0.0841482036987148 1 FALSE 0.119012378370762 FALSE 0.0100146778578114 "154,11,148,15,146,91,142,95,97,137" "137,97,95,142,91,146,15,11,148,154"
1140 1 FALSE 0.0841482036987148 2 FALSE 0.0744285810034406 TRUE 0.00626303139528381 "154,11,148,15,146,91,142,95,97,137" "137,97,95,142,91,146,15,148,11,154"
1140 2 TRUE 0.0519302516528592 1 FALSE 0.147288914017185 FALSE 0.00764875037058876 "154,11,148,15,146,91,142,95,137,97" "97,137,95,142,91,146,15,11,148,154"
1140 2 TRUE 0.0519302516528592 2 TRUE 0.0921123081305469 TRUE 0.00478341534154501 "154,11,148,15,146,91,142,95,137,97" "97,137,95,142,91,146,15,148,11,154"
1141 1 FALSE 0.0881878859957578 1 FALSE 0.121701207006792 FALSE 0.0107325721690611 "154,11,148,15,146,91,142,95,97,137" "137,97,95,142,91,146,15,11,148,154"
1141 1 FALSE 0.0881878859957578 2 FALSE 0.077376198931246 TRUE 0.0068236434101338 "154,11,148,15,146,91,142,95,97,137" "137,97,95,142,91,146,15,148,11,154"
1141 2 TRUE 0.0579835350422108 1 FALSE 0.141306179799677 FALSE 0.00819343182809553 "154,11,148,15,146,91,142,95,137,97" "97,137,95,142,91,146,15,11,148,154"
1141 2 TRUE 0.0579835350422108 2 TRUE 0.0898408105170561 TRUE 0.00520928778483634 "154,11,148,15,146,91,142,95,137,97" "97,137,95,142,91,146,15,148,11,154"
1142 1 FALSE 0.0829838156903523 1 FALSE 0.116663630818351 FALSE 0.00968119323759733 "154,11,148,15,146,91,142,95,97,137" "137,97,95,142,91,146,15,11,148,154"
1142 1 FALSE 0.0829838156903523 2 FALSE 0.077649494538188 TRUE 0.00644365134320601 "154,11,148,15,146,91,142,95,97,137" "137,97,95,142,91,146,15,148,11,154"
1142 2 TRUE 0.0581720718030359 1 FALSE 0.145851777308095 FALSE 0.00848450006216693 "154,11,148,15,146,91,142,95,137,97" "97,137,95,142,91,146,15,11,148,154"
1142 2 TRUE 0.0581720718030359 2 TRUE 0.097076669961557 TRUE 0.00564715101540331 "154,11,148,15,146,91,142,95,137,97" "97,137,95,142,91,146,15,148,11,154"
1143 1 FALSE 0.0871457924770012 1 FALSE 0.118292070232097 FALSE 0.0103086562041211 "154,11,148,15,146,91,142,95,97,137" "137,97,95,142,91,146,15,11,148,154"
1143 1 FALSE 0.0871457924770012 2 FALSE 0.0791403934223749 TRUE 0.00689675230173451 "154,11,148,15,146,91,142,95,97,137" "137,97,95,142,91,146,15,148,11,154"
1143 2 TRUE 0.0618668603081001 1 FALSE 0.145623433270047 FALSE 0.00900926460370393 "154,11,148,15,146,91,142,95,137,97" "97,137,95,142,91,146,15,11,148,154"
1143 2 TRUE 0.0618668603081001 2 TRUE 0.0974257680831546 TRUE 0.00602742638440988 "154,11,148,15,146,91,142,95,137,97" "97,137,95,142,91,146,15,148,11,154"
1144 1 FALSE 0.0859897580096924 1 FALSE 0.108678353997991 FALSE 0.00934522536117889 "154,11,148,15,146,91,142,95,97,137" "137,97,95,142,91,146,15,11,148,154"
1144 1 FALSE 0.0859897580096924 2 FALSE 0.0738750426295991 TRUE 0.00635249703867493 "154,11,148,15,146,91,142,95,97,137" "137,97,95,142,91,146,15,148,11,154"
1144 2 TRUE 0.0613584206769928 1 FALSE 0.147116196546251 FALSE 0.009026817476084 "154,11,148,15,146,91,142,95,137,97" "97,137,95,142,91,146,15,11,148,154"
1144 2 TRUE 0.0613584206769928 2 TRUE 0.100003495558644 TRUE 0.00613605654965703 "154,11,148,15,146,91,142,95,137,97" "97,137,95,142,91,146,15,148,11,154"
1145 1 FALSE 0.0824744867938904 1 FALSE 0.115341448170438 FALSE 0.00951272674392103 "154,11,148,15,146,91,142,95,97,137" "137,97,95,142,91,146,15,11,148,154"
1145 1 FALSE 0.0824744867938904 2 FALSE 0.0710030260321167 TRUE 0.00585593813281207 "154,11,148,15,146,91,142,95,97,137" "137,97,95,142,91,146,15,148,11,154"
1145 2 TRUE 0.0608590360565604 1 FALSE 0.14826709538617 FALSE 0.00902339250410837 "154,11,148,15,146,91,142,95,137,97" "97,137,95,142,91,146,15,11,148,154"
1145 2 TRUE 0.0608590360565604 2 TRUE 0.0912717206207981 TRUE 0.00555470893620546 "154,11,148,15,146,91,142,95,137,97" "97,137,95,142,91,146,15,148,11,154"
1146 1 FALSE 0.0866235959494784 1 FALSE 0.113129953335789 FALSE 0.00979972336754272 "154,11,148,15,146,91,142,95,97,137" "137,97,95,142,91,146,15,11,148,154"
1146 1 FALSE 0.0866235959494784 2 FALSE 0.0769283682683364 TRUE 0.00666381188992905 "154,11,148,15,146,91,142,95,97,137" "137,97,95,142,91,146,15,148,11,154"
1146 2 TRUE 0.0573148604778504 1 FALSE 0.15343429458907 FALSE 0.00879406518688995 "154,11,148,15,146,91,142,95,137,97" "97,137,95,142,91,146,15,11,148,154"
1146 2 TRUE 0.0573148604778504 2 TRUE 0.104335320320568 TRUE 0.00597996432708517 "154,11,148,15,146,91,142,95,137,97" "97,137,95,142,91,146,15,148,11,154"
1147 1 FALSE 0.0886199967442132 1 FALSE 0.116433104280102 FALSE 0.0103183013222213 "154,11,148,15,146,91,142,95,97,137" "137,97,95,142,91,146,15,11,148,154"
1147 1 FALSE 0.0886199967442132 2 FALSE 0.077063798018917 TRUE 0.00682939352953313 "154,11,148,15,146,91,142,95,97,137" "137,97,95,142,91,146,15,148,11,154"
1147 2 TRUE 0.0584136820644814 1 FALSE 0.147061642576666 FALSE 0.00859041203335377 "154,11,148,15,146,91,142,95,137,97" "97,137,95,142,91,146,15,11,148,154"
1147 2 TRUE 0.0584136820644814 2 TRUE 0.0973359663467731 TRUE 0.00568575219161946 "154,11,148,15,146,91,142,95,137,97" "97,137,95,142,91,146,15,148,11,154"
1148 1 FALSE 0.087550333353515 1 FALSE 0.124107650546151 FALSE 0.0108656661770371 "154,11,148,15,146,91,142,95,97,137" "137,97,95,142,91,146,15,11,148,154"
1148 1 FALSE 0.087550333353515 2 FALSE 0.0811628405581239 TRUE 0.00710583374678194 "154,11,148,15,146,91,142,95,97,137" "137,97,95,142,91,146,15,148,11,154"
1148 2 TRUE 0.0548560985924279 1 FALSE 0.146510071889113 FALSE 0.00803697094833289 "154,11,148,15,146,91,142,95,137,97" "97,137,95,142,91,146,15,11,148,154"
1148 2 TRUE 0.0548560985924279 2 TRUE 0.095813380984708 TRUE 0.005255948273771 "154,11,148,15,146,91,142,95,137,97" "97,137,95,142,91,146,15,148,11,154"
1149 1 FALSE 0.0892865168029979 1 FALSE 0.11633972068015 FALSE 0.0103875684253643 "154,11,148,15,146,91,142,95,97,137" "137,97,95,142,91,146,15,11,148,154"
1149 1 FALSE 0.0892865168029979 2 FALSE 0.0831612720143102 TRUE 0.00742518031106438 "154,11,148,15,146,91,142,95,97,137" "137,97,95,142,91,146,15,148,11,154"
1149 2 TRUE 0.0535719100817987 1 FALSE 0.149223932573693 FALSE 0.00799421109789027 "154,11,148,15,146,91,142,95,137,97" "97,137,95,142,91,146,15,11,148,154"
1149 2 TRUE 0.0535719100817987 2 TRUE 0.106667370140276 TRUE 0.00571437476181684 "154,11,148,15,146,91,142,95,137,97" "97,137,95,142,91,146,15,148,11,154"
1150 1 FALSE 0.0897131758627271 1 FALSE 0.119538918730937 FALSE 0.0107242160385488 "154,11,148,15,146,91,142,95,97,137" "137,97,95,142,91,146,15,11,148,154"
1150 1 FALSE 0.0897131758627271 2 FALSE 0.0817581463505983 TRUE 0.0073347829617618 "154,11,148,15,146,91,142,95,97,137" "137,97,95,142,91,146,15,148,11,154"
1150 2 TRUE 0.055676267432396 1 FALSE 0.145647325580114 FALSE 0.00810909944981166 "154,11,148,15,146,91,142,95,137,97" "97,137,95,142,91,146,15,11,148,154"
1150 2 TRUE 0.055676267432396 2 TRUE 0.0996148826404801 TRUE 0.00554618484613811 "154,11,148,15,146,91,142,95,137,97" "97,137,95,142,91,146,15,148,11,154"
1151 1 FALSE 0.088898064878366 1 FALSE 0.112254655007545 FALSE 0.0099792216037593 "154,11,148,15,146,91,142,95,97,137" "137,97,95,142,91,146,15,11,148,154"
1151 1 FALSE 0.088898064878366 2 FALSE 0.0744552785760209 TRUE 0.00661893018538792 "154,11,148,15,146,91,142,95,97,137" "137,97,95,142,91,146,15,148,11,154"
1151 2 TRUE 0.0594881787531923 1 FALSE 0.143741722993026 FALSE 0.00855093331170101 "154,11,148,15,146,91,142,95,137,97" "97,137,95,142,91,146,15,11,148,154"
1151 2 TRUE 0.0594881787531923 2 TRUE 0.0953397436188611 TRUE 0.00567158771068233 "154,11,148,15,146,91,142,95,137,97" "97,137,95,142,91,146,15,148,11,154"
1152 1 FALSE 0.0895948263290277 1 FALSE 0.115522660786424 FALSE 0.0103502327302269 "154,11,148,15,146,91,142,95,97,137" "137,97,95,142,91,146,15,11,148,154"
1152 1 FALSE 0.0895948263290277 2 FALSE 0.0750529388548745 TRUE 0.00672435502218561 "154,11,148,15,146,91,142,95,97,137" "137,97,95,142,91,146,15,148,11,154"
1152 2 TRUE 0.057628833015656 1 FALSE 0.147745610580565 FALSE 0.00851440712094354 "154,11,148,15,146,91,142,95,137,97" "97,137,95,142,91,146,15,11,148,154"
1152 2 TRUE 0.057628833015656 2 TRUE 0.0959875941351444 TRUE 0.0055316530339888 "154,11,148,15,146,91,142,95,137,97" "97,137,95,142,91,146,15,148,11,154"
1153 1 FALSE 0.0859997674038162 1 FALSE 0.129311580438937 FALSE 0.0111207658403685 "154,11,148,15,146,91,142,95,97,137" "137,97,95,142,91,146,15,11,148,154"
1153 1 FALSE 0.0859997674038162 2 FALSE 0.07985356677884 TRUE 0.00686738816934535 "154,11,148,15,146,91,142,95,97,137" "137,97,95,142,91,146,15,148,11,154"
1153 2 TRUE 0.0568289920281499 1 FALSE 0.147972998939313 FALSE 0.00840915637710368 "154,11,148,15,146,91,142,95,137,97" "97,137,95,142,91,146,15,11,148,154"
1153 2 TRUE 0.0568289920281499 2 TRUE 0.0913775217359243 TRUE 0.00519289245428293 "154,11,148,15,146,91,142,95,137,97" "97,137,95,142,91,146,15,148,11,154"
1154 1 FALSE 0.0860312277074255 1 FALSE 0.117995788829185 FALSE 0.0101513225772809 "154,11,148,15,146,91,142,95,97,137" "137,97,95,142,91,146,15,11,148,154"
1154 1 FALSE 0.0860312277074255 2 FALSE 0.078751552675865 TRUE 0.00677509276057066 "154,11,148,15,146,91,142,95,97,137" "137,97,95,142,91,146,15,148,11,154"
1154 2 TRUE 0.0585790520319405 1 FALSE 0.141539130008967 FALSE 0.00829122806135087 "154,11,148,15,146,91,142,95,137,97" "97,137,95,142,91,146,15,11,148,154"
1154 2 TRUE 0.0585790520319405 2 TRUE 0.0944646106712609 TRUE 0.00553364734368879 "154,11,148,15,146,91,142,95,137,97" "97,137,95,142,91,146,15,148,11,154"
1155 1 FALSE 0.0837369148911137 1 FALSE 0.10847329313502 FALSE 0.00908321891520602 "154,11,148,15,146,91,142,95,97,137" "137,97,95,142,91,146,15,11,148,154"
1155 1 FALSE 0.0837369148911137 2 FALSE 0.0799420205784074 TRUE 0.00669409817339776 "154,11,148,15,146,91,142,95,97,137" "137,97,95,142,91,146,15,148,11,154"
1155 2 TRUE 0.0583620921968368 1 FALSE 0.138377478439909 FALSE 0.00807599915467579 "154,11,148,15,146,91,142,95,137,97" "97,137,95,142,91,146,15,11,148,154"
1155 2 TRUE 0.0583620921968368 2 TRUE 0.101980634212533 TRUE 0.00595180317620374 "154,11,148,15,146,91,142,95,137,97" "97,137,95,142,91,146,15,148,11,154"
1156 1 FALSE 0.0795876637274132 1 FALSE 0.118175654273234 FALSE 0.00940532423306521 "154,11,148,15,146,91,142,95,97,137" "137,97,95,142,91,146,15,11,148,154"
1156 1 FALSE 0.0795876637274132 2 FALSE 0.0809579969209495 TRUE 0.00644325783498948 "154,11,148,15,146,91,142,95,97,137" "137,97,95,142,91,146,15,148,11,154"
1156 2 TRUE 0.0563328299934587 1 FALSE 0.141633928159431 FALSE 0.00797863999631096 "154,11,148,15,146,91,142,95,137,97" "97,137,95,142,91,146,15,11,148,154"
1156 2 TRUE 0.0563328299934587 2 TRUE 0.0970284377975321 TRUE 0.00546588649097926 "154,11,148,15,146,91,142,95,137,97" "97,137,95,142,91,146,15,148,11,154"
1157 1 FALSE 0.087030427266065 1 FALSE 0.122172962589163 FALSE 0.0106327651344958 "154,11,148,15,146,91,142,95,97,137" "137,97,95,142,91,146,15,11,148,154"
1157 1 FALSE 0.087030427266065 2 FALSE 0.0815565453983947 TRUE 0.00709790099236652 "154,11,148,15,146,91,142,95,97,137" "137,97,95,142,91,146,15,148,11,154"
1157 2 TRUE 0.0620699240146301 1 FALSE 0.14631583261165 FALSE 0.00908181261234243 "154,11,148,15,146,91,142,95,137,97" "97,137,95,142,91,146,15,11,148,154"
1157 2 TRUE 0.0620699240146301 2 TRUE 0.09767311516398 TRUE 0.00606256283650045 "154,11,148,15,146,91,142,95,137,97" "97,137,95,142,91,146,15,148,11,154"
1158 1 FALSE 0.0862922028305339 1 FALSE 0.104667033061681 FALSE 0.00903194884662881 "154,11,148,15,146,91,142,95,97,137" "137,97,95,142,91,146,15,11,148,154"
1158 1 FALSE 0.0862922028305339 2 FALSE 0.0742103949576288 TRUE 0.00640377845381773 "154,11,148,15,146,91,142,95,97,137" "137,97,95,142,91,146,15,148,11,154"
1158 2 TRUE 0.0596908470707452 1 FALSE 0.142876294880701 FALSE 0.00852840706775865 "154,11,148,15,146,91,142,95,137,97" "97,137,95,142,91,146,15,11,148,154"
1158 2 TRUE 0.0596908470707452 2 TRUE 0.101301297677284 TRUE 0.00604676026772279 "154,11,148,15,146,91,142,95,137,97" "97,137,95,142,91,146,15,148,11,154"
1159 1 FALSE 0.0903841859594013 1 FALSE 0.117420916091128 FALSE 0.0106129939155037 "154,11,148,15,146,91,142,95,97,137" "137,97,95,142,91,146,15,11,148,154"
1159 1 FALSE 0.0903841859594013 2 FALSE 0.0814678580307301 TRUE 0.00736340602996362 "154,11,148,15,146,91,142,95,97,137" "137,97,95,142,91,146,15,148,11,154"
1159 2 TRUE 0.0579908561544028 1 FALSE 0.14395329466006 FALSE 0.00834797480358392 "154,11,148,15,146,91,142,95,137,97" "97,137,95,142,91,146,15,11,148,154"
1159 2 TRUE 0.0579908561544028 2 TRUE 0.0998762994092139 TRUE 0.00579191211227379 "154,11,148,15,146,91,142,95,137,97" "97,137,95,142,91,146,15,148,11,154"
1160 1 FALSE 0.090528413970929 1 FALSE 0.105955230742829 FALSE 0.00959195899107213 "154,11,148,15,146,91,142,95,97,137" "137,97,95,142,91,146,15,11,148,154"
1160 1 FALSE 0.090528413970929 2 FALSE 0.0733567675496097 TRUE 0.00664087182030028 "154,11,148,15,146,91,142,95,97,137" "137,97,95,142,91,146,15,148,11,154"
1160 2 TRUE 0.0557272900072301 1 FALSE 0.142244646935048 FALSE 0.00792690869172548 "154,11,148,15,146,91,142,95,137,97" "97,137,95,142,91,146,15,11,148,154"
1160 2 TRUE 0.0557272900072301 2 TRUE 0.0984812871175481 TRUE 0.0054880952474849 "154,11,148,15,146,91,142,95,137,97" "97,137,95,142,91,146,15,148,11,154"
1161 1 FALSE 0.0908693218665697 1 FALSE 0.11381096412557 FALSE 0.010341925131071 "154,11,148,15,146,91,142,95,97,137" "137,97,95,142,91,146,15,11,148,154"
1161 1 FALSE 0.0908693218665697 2 FALSE 0.0823313357504122 TRUE 0.00748139264800883 "154,11,148,15,146,91,142,95,97,137" "137,97,95,142,91,146,15,148,11,154"
1161 2 TRUE 0.057307034644495 1 FALSE 0.143748067422024 FALSE 0.00823777547983312 "154,11,148,15,146,91,142,95,137,97" "97,137,95,142,91,146,15,11,148,154"
1161 2 TRUE 0.057307034644495 2 TRUE 0.103987963666996 TRUE 0.00595924183647502 "154,11,148,15,146,91,142,95,137,97" "97,137,95,142,91,146,15,148,11,154"
1162 1 FALSE 0.0840878437354119 1 FALSE 0.112408417547929 FALSE 0.00945218144931522 "154,11,148,15,146,91,142,95,97,137" "137,97,95,142,91,146,15,11,148,154"
1162 1 FALSE 0.0840878437354119 2 FALSE 0.0815129173378828 TRUE 0.00685424545552543 "154,11,148,15,146,91,142,95,97,137" "137,97,95,142,91,146,15,148,11,154"
1162 2 TRUE 0.0644391767319111 1 FALSE 0.14209098894612 FALSE 0.00915622634871105 "154,11,148,15,146,91,142,95,137,97" "97,137,95,142,91,146,15,11,148,154"
1162 2 TRUE 0.0644391767319111 2 TRUE 0.103037221669672 TRUE 0.00663963373713712 "154,11,148,15,146,91,142,95,137,97" "97,137,95,142,91,146,15,148,11,154"
1163 1 FALSE 0.0887725445956582 1 FALSE 0.12484656914169 FALSE 0.0110829476267456 "154,11,148,15,146,91,142,95,97,137" "137,97,95,142,91,146,15,11,148,154"
1163 1 FALSE 0.0887725445956582 2 FALSE 0.089756383147337 TRUE 0.00796790252569196 "154,11,148,15,146,91,142,95,97,137" "137,97,95,142,91,146,15,148,11,154"
1163 2 TRUE 0.0567343330122628 1 FALSE 0.144435645685645 FALSE 0.00819446002117058 "154,11,148,15,146,91,142,95,137,97" "97,137,95,142,91,146,15,11,148,154"
1163 2 TRUE 0.0567343330122628 2 TRUE 0.103839626858955 TRUE 0.00589127197008505 "154,11,148,15,146,91,142,95,137,97" "97,137,95,142,91,146,15,148,11,154"
1164 1 FALSE 0.0934882317405815 1 FALSE 0.118499556346592 FALSE 0.0110783139848863 "154,11,148,15,146,91,142,95,97,137" "137,97,95,142,91,146,15,11,148,154"
1164 1 FALSE 0.0934882317405815 2 FALSE 0.0867760474205627 TRUE 0.00811253923078526 "154,11,148,15,146,91,142,95,97,137" "137,97,95,142,91,146,15,148,11,154"
1164 2 TRUE 0.0568446032191475 1 FALSE 0.141275436654438 FALSE 0.00803074614123332 "154,11,148,15,146,91,142,95,137,97" "97,137,95,142,91,146,15,11,148,154"
1164 2 TRUE 0.0568446032191475 2 TRUE 0.103454598214947 TRUE 0.00588083558672499 "154,11,148,15,146,91,142,95,137,97" "97,137,95,142,91,146,15,148,11,154"
1165 1 FALSE 0.0927173795255955 1 FALSE 0.110841301883153 FALSE 0.0102769150538114 "154,11,148,15,146,91,142,95,97,137" "137,97,95,142,91,146,15,11,148,154"
1165 1 FALSE 0.0927173795255955 2 FALSE 0.0814497723277834 TRUE 0.00755180945318844 "154,11,148,15,146,91,142,95,97,137" "137,97,95,142,91,146,15,148,11,154"
1165 2 TRUE 0.0574847753058692 1 FALSE 0.143247575569288 FALSE 0.00823455469471102 "154,11,148,15,146,91,142,95,137,97" "97,137,95,142,91,146,15,11,148,154"
1165 2 TRUE 0.0574847753058692 2 TRUE 0.105262949987046 TRUE 0.00605101702803827 "154,11,148,15,146,91,142,95,137,97" "97,137,95,142,91,146,15,148,11,154"
1166 1 FALSE 0.083607921397732 1 FALSE 0.11460228004481 FALSE 0.00958165842198733 "154,11,148,15,146,91,142,95,97,137" "137,97,95,142,91,146,15,11,148,154"
1166 1 FALSE 0.083607921397732 2 FALSE 0.0796636237283719 TRUE 0.00666050999094022 "154,11,148,15,146,91,142,95,97,137" "137,97,95,142,91,146,15,148,11,154"
1166 2 TRUE 0.0616058368193815 1 FALSE 0.14814109926499 FALSE 0.00912635638756275 "154,11,148,15,146,91,142,95,137,97" "97,137,95,142,91,146,15,11,148,154"
1166 2 TRUE 0.0616058368193815 2 TRUE 0.102977504338824 TRUE 0.00634401532836475 "154,11,148,15,146,91,142,95,137,97" "97,137,95,142,91,146,15,148,11,154"
1167 1 FALSE 0.0858314614366132 1 FALSE 0.104933440011181 FALSE 0.00900659050973088 "154,11,148,15,146,91,142,95,97,137" "137,97,95,142,91,146,15,11,148,154"
1167 1 FALSE 0.0858314614366132 2 FALSE 0.0756108427545087 TRUE 0.00648978913407344 "154,11,148,15,146,91,142,95,97,137" "137,97,95,142,91,146,15,148,11,154"
1167 2 TRUE 0.0596418616649287 1 FALSE 0.14520935081546 FALSE 0.00866055601378974 "154,11,148,15,146,91,142,95,137,97" "97,137,95,142,91,146,15,11,148,154"
1167 2 TRUE 0.0596418616649287 2 TRUE 0.104632054279571 TRUE 0.00624045050705947 "154,11,148,15,146,91,142,95,137,97" "97,137,95,142,91,146,15,148,11,154"
1168 1 FALSE 0.0859214305967022 1 FALSE 0.108450214746194 FALSE 0.00931819759951258 "154,11,148,15,146,91,142,95,97,137" "137,97,95,142,91,146,15,11,148,154"
1168 1 FALSE 0.0859214305967022 2 FALSE 0.0751210021036487 TRUE 0.00645450396860337 "154,11,148,15,146,91,142,95,97,137" "137,97,95,142,91,146,15,148,11,154"
1168 2 TRUE 0.057353095990242 1 FALSE 0.144069556682902 FALSE 0.00826283511370609 "154,11,148,15,146,91,142,95,137,97" "97,137,95,142,91,146,15,11,148,154"
1168 2 TRUE 0.057353095990242 2 TRUE 0.0997937117595962 TRUE 0.00572347832977066 "154,11,148,15,146,91,142,95,137,97" "97,137,95,142,91,146,15,148,11,154"
1169 1 FALSE 0.0806204781678354 1 FALSE 0.119136820828534 FALSE 0.00960486746259217 "154,11,148,15,146,91,142,95,97,137" "137,97,95,142,91,146,15,11,148,154"
1169 1 FALSE 0.0806204781678354 2 FALSE 0.0801878044477277 TRUE 0.00646477913780469 "154,11,148,15,146,91,142,95,97,137" "137,97,95,142,91,146,15,148,11,154"
1169 2 TRUE 0.0645370999474844 1 FALSE 0.144388515860659 FALSE 0.00931841607936827 "154,11,148,15,146,91,142,95,137,97" "97,137,95,142,91,146,15,11,148,154"
1169 2 TRUE 0.0645370999474844 2 TRUE 0.0971840443098264 TRUE 0.00627197638092402 "154,11,148,15,146,91,142,95,137,97" "97,137,95,142,91,146,15,148,11,154"
1170 1 FALSE 0.0868016656009036 1 FALSE 0.109396851835042 FALSE 0.00949582895077692 "154,11,148,15,146,91,142,95,97,137" "137,97,95,142,91,146,15,11,148,154"
1170 1 FALSE 0.0868016656009036 2 FALSE 0.0766536492634598 TRUE 0.00665366443045578 "154,11,148,15,146,91,142,95,97,137" "137,97,95,142,91,146,15,148,11,154"
1170 2 TRUE 0.0552572006582193 1 FALSE 0.13736069096927 FALSE 0.00759016726344062 "154,11,148,15,146,91,142,95,137,97" "97,137,95,142,91,146,15,11,148,154"
1170 2 TRUE 0.0552572006582193 2 TRUE 0.0962477260682214 TRUE 0.00531837991224903 "154,11,148,15,146,91,142,95,137,97" "97,137,95,142,91,146,15,148,11,154"
1171 1 FALSE 0.0898012779044024 1 FALSE 0.106315124803915 FALSE 0.00954723406795757 "154,11,148,15,146,91,142,95,97,137" "137,97,95,142,91,146,15,11,148,154"
1171 1 FALSE 0.0898012779044024 2 FALSE 0.0774631247610303 TRUE 0.00695628759400868 "154,11,148,15,146,91,142,95,97,137" "137,97,95,142,91,146,15,148,11,154"
1171 2 TRUE 0.0605478313143319 1 FALSE 0.146281524721696 FALSE 0.00885702908325254 "154,11,148,15,146,91,142,95,137,97" "97,137,95,142,91,146,15,11,148,154"
1171 2 TRUE 0.0605478313143319 2 TRUE 0.106583367330377 TRUE 0.00645339174603313 "154,11,148,15,146,91,142,95,137,97" "97,137,95,142,91,146,15,148,11,154"
1172 1 FALSE 0.0865101211621037 1 FALSE 0.113518357789793 FALSE 0.00982048688651805 "154,11,148,15,146,91,142,95,97,137" "137,97,95,142,91,146,15,11,148,154"
1172 1 FALSE 0.0865101211621037 2 FALSE 0.0772224726068097 TRUE 0.00668052546165234 "154,11,148,15,146,91,142,95,97,137" "137,97,95,142,91,146,15,148,11,154"
1172 2 TRUE 0.0609753271295234 1 FALSE 0.149413028073057 FALSE 0.00911050826416729 "154,11,148,15,146,91,142,95,137,97" "97,137,95,142,91,146,15,11,148,154"
1172 2 TRUE 0.0609753271295234 2 TRUE 0.101640331062907 TRUE 0.0061975524361138 "154,11,148,15,146,91,142,95,137,97" "97,137,95,142,91,146,15,148,11,154"
1173 1 FALSE 0.0854804035565334 1 FALSE 0.11114874447758 FALSE 0.00950103953274554 "154,11,148,15,146,91,142,95,97,137" "137,97,95,142,91,146,15,11,148,154"
1173 1 FALSE 0.0854804035565334 2 FALSE 0.0787759486048394 TRUE 0.00673379987729041 "154,11,148,15,146,91,142,95,97,137" "137,97,95,142,91,146,15,148,11,154"
1173 2 TRUE 0.0586460490223305 1 FALSE 0.146539827890316 FALSE 0.00859398193017932 "154,11,148,15,146,91,142,95,137,97" "97,137,95,142,91,146,15,11,148,154"
1173 2 TRUE 0.0586460490223305 2 TRUE 0.1038591484295 TRUE 0.00609092871021395 "154,11,148,15,146,91,142,95,137,97" "97,137,95,142,91,146,15,148,11,154"
1174 1 FALSE 0.0859828933638025 1 FALSE 0.118462501525422 FALSE 0.0101857486362697 "154,11,148,15,146,91,142,95,97,137" "137,97,95,142,91,146,15,11,148,154"
1174 1 FALSE 0.0859828933638025 2 FALSE 0.0824816422104279 TRUE 0.00709201024665054 "154,11,148,15,146,91,142,95,97,137" "137,97,95,142,91,146,15,148,11,154"
1174 2 TRUE 0.0616356965184401 1 FALSE 0.144928366132645 FALSE 0.00893276079186507 "154,11,148,15,146,91,142,95,137,97" "97,137,95,142,91,146,15,11,148,154"
1174 2 TRUE 0.0616356965184401 2 TRUE 0.100908975309199 TRUE 0.00621959497814452 "154,11,148,15,146,91,142,95,137,97" "97,137,95,142,91,146,15,148,11,154"
1175 1 FALSE 0.0824234386853271 1 FALSE 0.114370870273914 FALSE 0.00942684041340944 "154,11,148,15,146,91,142,95,97,137" "137,97,95,142,91,146,15,11,148,154"
1175 1 FALSE 0.0824234386853271 2 FALSE 0.0831567500025176 TRUE 0.00685406528510359 "154,11,148,15,146,91,142,95,97,137" "137,97,95,142,91,146,15,148,11,154"
1175 2 TRUE 0.0648954162813588 1 FALSE 0.141271922782967 FALSE 0.00916790023786859 "154,11,148,15,146,91,142,95,137,97" "97,137,95,142,91,146,15,11,148,154"
1175 2 TRUE 0.0648954162813588 2 TRUE 0.102715962002412 TRUE 0.00666579511288676 "154,11,148,15,146,91,142,95,137,97" "97,137,95,142,91,146,15,148,11,154"
1176 1 FALSE 0.0859979376590743 1 FALSE 0.112293924912769 FALSE 0.00965704595414111 "154,11,148,15,146,91,142,95,97,137" "137,97,95,142,91,146,15,11,148,154"
1176 1 FALSE 0.0859979376590743 2 FALSE 0.0799848713678115 TRUE 0.00687853398155813 "154,11,148,15,146,91,142,95,97,137" "137,97,95,142,91,146,15,148,11,154"
1176 2 TRUE 0.0630362716846111 1 FALSE 0.14009880904563 FALSE 0.00883130658969078 "154,11,148,15,146,91,142,95,137,97" "97,137,95,142,91,146,15,11,148,154"
1176 2 TRUE 0.0630362716846111 2 TRUE 0.0997897725010771 TRUE 0.00629037521072343 "154,11,148,15,146,91,142,95,137,97" "97,137,95,142,91,146,15,148,11,154"
1177 1 FALSE 0.0806041256097542 1 FALSE 0.120557015473693 FALSE 0.00971739281837862 "154,11,148,15,146,91,142,95,97,137" "137,97,95,142,91,146,15,11,148,154"
1177 1 FALSE 0.0806041256097542 2 FALSE 0.085870516883626 TRUE 0.00692151792906231 "154,11,148,15,146,91,142,95,97,137" "137,97,95,142,91,146,15,148,11,154"
1177 2 TRUE 0.0661367184490291 1 FALSE 0.144002268557984 FALSE 0.00952383749164085 "154,11,148,15,146,91,142,95,137,97" "97,137,95,142,91,146,15,11,148,154"
1177 2 TRUE 0.0661367184490291 2 TRUE 0.102570134014201 TRUE 0.00678365207457639 "154,11,148,15,146,91,142,95,137,97" "97,137,95,142,91,146,15,148,11,154"
1178 1 FALSE 0.083317413960621 1 FALSE 0.114237505741292 FALSE 0.00951797355567602 "154,11,148,15,146,91,142,95,97,137" "137,97,95,142,91,146,15,11,148,154"
1178 1 FALSE 0.083317413960621 2 FALSE 0.0846019565172395 TRUE 0.00704881623302531 "154,11,148,15,146,91,142,95,97,137" "137,97,95,142,91,146,15,148,11,154"
1178 2 TRUE 0.0660572847258121 1 FALSE 0.143165962382387 FALSE 0.00945715474013822 "154,11,148,15,146,91,142,95,137,97" "97,137,95,142,91,146,15,11,148,154"
1178 2 TRUE 0.0660572847258121 2 TRUE 0.10602577888608 TRUE 0.00700377506415375 "154,11,148,15,146,91,142,95,137,97" "97,137,95,142,91,146,15,148,11,154"
1179 1 FALSE 0.0864939267171245 1 FALSE 0.112902957513071 FALSE 0.00976542013328218 "154,11,148,15,146,91,142,95,97,137" "137,97,95,142,91,146,15,11,148,154"
1179 1 FALSE 0.0864939267171245 2 FALSE 0.0835775140031824 TRUE 0.00722894737139071 "154,11,148,15,146,91,142,95,97,137" "137,97,95,142,91,146,15,148,11,154"
1179 2 TRUE 0.0649802089042357 1 FALSE 0.139277450420591 FALSE 0.00905027782397936 "154,11,148,15,146,91,142,95,137,97" "97,137,95,142,91,146,15,11,148,154"
1179 2 TRUE 0.0649802089042357 2 TRUE 0.103101489272386 TRUE 0.00669955631125745 "154,11,148,15,146,91,142,95,137,97" "97,137,95,142,91,146,15,148,11,154"
1180 1 FALSE 0.090023240284228 1 FALSE 0.115663302631828 FALSE 0.0104123852848924 "154,11,148,15,146,91,142,95,97,137" "137,97,95,142,91,146,15,11,148,154"
1180 1 FALSE 0.090023240284228 2 FALSE 0.0801173443561613 TRUE 0.00721242294190895 "154,11,148,15,146,91,142,95,97,137" "137,97,95,142,91,146,15,148,11,154"
1180 2 TRUE 0.0619051501198847 1 FALSE 0.143638962829372 FALSE 0.00889199155701682 "154,11,148,15,146,91,142,95,137,97" "97,137,95,142,91,146,15,11,148,154"
1180 2 TRUE 0.0619051501198847 2 TRUE 0.099495449171066 TRUE 0.00615928071718021 "154,11,148,15,146,91,142,95,137,97" "97,137,95,142,91,146,15,148,11,154"
1181 1 FALSE 0.0827767506742274 1 FALSE 0.114154193682076 FALSE 0.00944931322883869 "154,11,148,15,146,91,142,95,97,137" "137,97,95,142,91,146,15,11,148,154"
1181 1 FALSE 0.0827767506742274 2 FALSE 0.0793702447640255 TRUE 0.00657001096178414 "154,11,148,15,146,91,142,95,97,137" "137,97,95,142,91,146,15,148,11,154"
1181 2 TRUE 0.0644743535402274 1 FALSE 0.147749830256914 FALSE 0.00952607479149289 "154,11,148,15,146,91,142,95,137,97" "97,137,95,142,91,146,15,11,148,154"
1181 2 TRUE 0.0644743535402274 2 TRUE 0.102728947689776 TRUE 0.00662338249216612 "154,11,148,15,146,91,142,95,137,97" "97,137,95,142,91,146,15,148,11,154"
1182 1 FALSE 0.083482851226453 1 FALSE 0.11015666398194 FALSE 0.00919619239080669 "154,11,148,15,146,91,142,95,97,137" "137,97,95,142,91,146,15,11,148,154"
1182 1 FALSE 0.083482851226453 2 FALSE 0.0753534906991434 TRUE 0.0062907242534305 "154,11,148,15,146,91,142,95,97,137" "137,97,95,142,91,146,15,148,11,154"
1182 2 TRUE 0.0607343107894247 1 FALSE 0.144249766613913 FALSE 0.00876091015683137 "154,11,148,15,146,91,142,95,137,97" "97,137,95,142,91,146,15,11,148,154"
1182 2 TRUE 0.0607343107894247 2 TRUE 0.0986751327970239 TRUE 0.00599296618248221 "154,11,148,15,146,91,142,95,137,97" "97,137,95,142,91,146,15,148,11,154"
1183 1 FALSE 0.08252621199679 1 FALSE 0.101637478259766 FALSE 0.00838775607768457 "154,11,148,15,146,91,142,95,97,137" "137,97,95,142,91,146,15,11,148,154"
1183 1 FALSE 0.08252621199679 2 FALSE 0.072866359984678 TRUE 0.00601338467152995 "154,11,148,15,146,91,142,95,97,137" "137,97,95,142,91,146,15,148,11,154"
1183 2 TRUE 0.0665886102090502 1 FALSE 0.129796628307079 FALSE 0.00864297708878908 "154,11,148,15,146,91,142,95,137,97" "97,137,95,142,91,146,15,11,148,154"
1183 2 TRUE 0.0665886102090502 2 TRUE 0.0930543339421385 TRUE 0.00619635877113585 "154,11,148,15,146,91,142,95,137,97" "97,137,95,142,91,146,15,148,11,154"
1184 1 FALSE 0.0876122368281598 1 FALSE 0.128810747313717 FALSE 0.0112853976996617 "154,11,148,15,146,91,142,95,97,137" "137,97,95,142,91,146,15,11,148,154"
1184 1 FALSE 0.0876122368281598 2 FALSE 0.0847256898695833 TRUE 0.00742300720628315 "154,11,148,15,146,91,142,95,97,137" "137,97,95,142,91,146,15,148,11,154"
1184 2 TRUE 0.0666997682385237 1 FALSE 0.15040133220536 FALSE 0.0100317340008627 "154,11,148,15,146,91,142,95,137,97" "97,137,95,142,91,146,15,11,148,154"
1184 2 TRUE 0.0666997682385237 2 TRUE 0.09892696761838 TRUE 0.00659840581268588 "154,11,148,15,146,91,142,95,137,97" "97,137,95,142,91,146,15,148,11,154"
1185 1 FALSE 0.0909178520463242 1 FALSE 0.101607326676056 FALSE 0.00923791989355616 "154,11,148,15,146,91,142,95,97,137" "137,97,95,142,91,146,15,11,148,154"
1185 1 FALSE 0.0909178520463242 2 FALSE 0.0721667511710786 TRUE 0.00656124600563602 "154,11,148,15,146,91,142,95,97,137" "137,97,95,142,91,146,15,148,11,154"
1185 2 TRUE 0.0645447346588409 1 FALSE 0.143317412319477 FALSE 0.00925038435015236 "154,11,148,15,146,91,142,95,137,97" "97,137,95,142,91,146,15,11,148,154"
1185 2 TRUE 0.0645447346588409 2 TRUE 0.10179140000718 TRUE 0.00657009890401537 "154,11,148,15,146,91,142,95,137,97" "97,137,95,142,91,146,15,148,11,154"
1186 1 FALSE 0.0883865441094664 1 FALSE 0.122751417623654 FALSE 0.0108495735882927 "154,11,148,15,146,91,142,95,97,137" "137,97,95,142,91,146,15,11,148,154"
1186 1 FALSE 0.0883865441094664 2 FALSE 0.0868824968894697 TRUE 0.00767924364366169 "154,11,148,15,146,91,142,95,97,137" "137,97,95,142,91,146,15,148,11,154"
1186 2 TRUE 0.0635762861138267 1 FALSE 0.137992140918155 FALSE 0.00877302783247213 "154,11,148,15,146,91,142,95,137,97" "97,137,95,142,91,146,15,11,148,154"
1186 2 TRUE 0.0635762861138267 2 TRUE 0.0976697620784345 TRUE 0.00620948073856794 "154,11,148,15,146,91,142,95,137,97" "97,137,95,142,91,146,15,148,11,154"
1187 1 FALSE 0.0859564907814863 1 FALSE 0.110528985445961 FALSE 0.0095006837185728 "154,11,148,15,146,91,142,95,97,137" "137,97,95,142,91,146,15,11,148,154"
1187 1 FALSE 0.0859564907814863 2 FALSE 0.0773174051301412 TRUE 0.00664593282131743 "154,11,148,15,146,91,142,95,97,137" "137,97,95,142,91,146,15,148,11,154"
1187 2 TRUE 0.0614902855968315 1 FALSE 0.14350209473221 FALSE 0.0088239847888272 "154,11,148,15,146,91,142,95,137,97" "97,137,95,142,91,146,15,11,148,154"
1187 2 TRUE 0.0614902855968315 2 TRUE 0.100382805023202 TRUE 0.00617256734988773 "154,11,148,15,146,91,142,95,137,97" "97,137,95,142,91,146,15,148,11,154"
1188 1 FALSE 0.0821812753270506 1 FALSE 0.112728205906264 FALSE 0.0092641477267071 "154,11,148,15,146,91,142,95,97,137" "137,97,95,142,91,146,15,11,148,154"
1188 1 FALSE 0.0821812753270506 2 FALSE 0.0828483746601357 TRUE 0.00680858508834326 "154,11,148,15,146,91,142,95,97,137" "137,97,95,142,91,146,15,148,11,154"
1188 2 TRUE 0.0631034792689853 1 FALSE 0.143513575318169 FALSE 0.00905620592490801 "154,11,148,15,146,91,142,95,137,97" "97,137,95,142,91,146,15,11,148,154"
1188 2 TRUE 0.0631034792689853 2 TRUE 0.105473748661111 TRUE 0.0066557605120586 "154,11,148,15,146,91,142,95,137,97" "97,137,95,142,91,146,15,148,11,154"
1189 1 FALSE 0.0872787909075696 1 FALSE 0.118023217690482 FALSE 0.0103009237390462 "154,11,148,15,146,91,142,95,97,137" "137,97,95,142,91,146,15,11,148,154"
1189 1 FALSE 0.0872787909075696 2 FALSE 0.0840048953982267 TRUE 0.00733184570067408 "154,11,148,15,146,91,142,95,97,137" "137,97,95,142,91,146,15,148,11,154"
1189 2 TRUE 0.0573108852576021 1 FALSE 0.140952859912081 FALSE 0.00807813318115213 "154,11,148,15,146,91,142,95,137,97" "97,137,95,142,91,146,15,11,148,154"
1189 2 TRUE 0.0573108852576021 2 TRUE 0.10032543159472 TRUE 0.00574973929854441 "154,11,148,15,146,91,142,95,137,97" "97,137,95,142,91,146,15,148,11,154"
1190 1 FALSE 0.085912767902316 1 FALSE 0.1189954019079 FALSE 0.0102232243455562 "154,11,148,15,146,91,142,95,97,137" "137,97,95,142,91,146,15,11,148,154"
1190 1 FALSE 0.085912767902316 2 FALSE 0.0847582086240012 TRUE 0.00728181230532989 "154,11,148,15,146,91,142,95,97,137" "137,97,95,142,91,146,15,148,11,154"
1190 2 TRUE 0.0581496088092011 1 FALSE 0.140396908218027 FALSE 0.0081640252908996 "154,11,148,15,146,91,142,95,137,97" "97,137,95,142,91,146,15,11,148,154"
1190 2 TRUE 0.0581496088092011 2 TRUE 0.100002102989815 TRUE 0.0058150831689552 "154,11,148,15,146,91,142,95,137,97" "97,137,95,142,91,146,15,148,11,154"
1191 1 FALSE 0.086231165626411 1 FALSE 0.121936645914647 FALSE 0.010514739109795 "154,11,148,15,146,91,142,95,97,137" "137,97,95,142,91,146,15,11,148,154"
1191 1 FALSE 0.086231165626411 2 FALSE 0.08612487321511 TRUE 0.0074266482067658 "154,11,148,15,146,91,142,95,97,137" "137,97,95,142,91,146,15,148,11,154"
1191 2 TRUE 0.0606485180236906 1 FALSE 0.149065293143609 FALSE 0.00904058911792691 "154,11,148,15,146,91,142,95,137,97" "97,137,95,142,91,146,15,11,148,154"
1191 2 TRUE 0.0606485180236906 2 TRUE 0.105286063729792 TRUE 0.0063854437337597 "154,11,148,15,146,91,142,95,137,97" "97,137,95,142,91,146,15,148,11,154"
1192 1 FALSE 0.0848161038130667 1 FALSE 0.113471760490629 FALSE 0.0096242326176246 "154,11,148,15,146,91,142,95,97,137" "137,97,95,142,91,146,15,11,148,154"
1192 1 FALSE 0.0848161038130667 2 FALSE 0.0836130617194083 TRUE 0.00709173412292169 "154,11,148,15,146,91,142,95,97,137" "137,97,95,142,91,146,15,148,11,154"
1192 2 TRUE 0.0608604103696815 1 FALSE 0.142064360924195 FALSE 0.00864609530475305 "154,11,148,15,146,91,142,95,137,97" "97,137,95,142,91,146,15,11,148,154"
1192 2 TRUE 0.0608604103696815 2 TRUE 0.104681870861288 TRUE 0.00637098161888401 "154,11,148,15,146,91,142,95,137,97" "97,137,95,142,91,146,15,148,11,154"
1193 1 FALSE 0.0846683968845659 1 FALSE 0.108921975246136 FALSE 0.00922224902959071 "154,11,148,15,146,91,142,95,97,137" "137,97,95,142,91,146,15,11,148,154"
1193 1 FALSE 0.0846683968845659 2 FALSE 0.079382752485605 TRUE 0.00672121039324047 "154,11,148,15,146,91,142,95,97,137" "137,97,95,142,91,146,15,148,11,154"
1193 2 TRUE 0.0632333596985999 1 FALSE 0.134440837078263 FALSE 0.00850114580915065 "154,11,148,15,146,91,142,95,137,97" "97,137,95,142,91,146,15,11,148,154"
1193 2 TRUE 0.0632333596985999 2 TRUE 0.0979809966687128 TRUE 0.00619566760598003 "154,11,148,15,146,91,142,95,137,97" "97,137,95,142,91,146,15,148,11,154"
1194 1 FALSE 0.091289712045324 1 FALSE 0.116885397214925 FALSE 0.0106704342540538 "154,11,148,15,146,91,142,95,97,137" "137,97,95,142,91,146,15,11,148,154"
1194 1 FALSE 0.091289712045324 2 FALSE 0.0832720494373255 TRUE 0.00760188141455743 "154,11,148,15,146,91,142,95,97,137" "137,97,95,142,91,146,15,148,11,154"
1194 2 TRUE 0.0570560700283275 1 FALSE 0.134133048109599 FALSE 0.00765310458605432 "154,11,148,15,146,91,142,95,137,97" "97,137,95,142,91,146,15,11,148,154"
1194 2 TRUE 0.0570560700283275 2 TRUE 0.0955597027473293 TRUE 0.00545226109183778 "154,11,148,15,146,91,142,95,137,97" "97,137,95,142,91,146,15,148,11,154"
1195 1 FALSE 0.0859202847064519 1 FALSE 0.112182397679356 FALSE 0.0096387435476627 "154,11,148,15,146,91,142,95,97,137" "137,97,95,142,91,146,15,11,148,154"
1195 1 FALSE 0.0859202847064519 2 FALSE 0.083913912123403 TRUE 0.00720990722047497 "154,11,148,15,146,91,142,95,97,137" "137,97,95,142,91,146,15,148,11,154"
1195 2 TRUE 0.0621030037126945 1 FALSE 0.137372186070673 FALSE 0.00853122538156798 "154,11,148,15,146,91,142,95,137,97" "97,137,95,142,91,146,15,11,148,154"
1195 2 TRUE 0.0621030037126945 2 TRUE 0.102756205862905 TRUE 0.0063814690342064 "154,11,148,15,146,91,142,95,137,97" "97,137,95,142,91,146,15,148,11,154"
1196 1 FALSE 0.086417879450547 1 FALSE 0.124220856680052 FALSE 0.0107349030178204 "154,11,148,15,146,91,142,95,97,137" "137,97,95,142,91,146,15,11,148,154"
1196 1 FALSE 0.086417879450547 2 FALSE 0.0880407229741656 TRUE 0.00760829258472045 "154,11,148,15,146,91,142,95,97,137" "137,97,95,142,91,146,15,148,11,154"
1196 2 TRUE 0.0609103119791388 1 FALSE 0.141455543468266 FALSE 0.00861610128383071 "154,11,148,15,146,91,142,95,137,97" "97,137,95,142,91,146,15,11,148,154"
1196 2 TRUE 0.0609103119791388 2 TRUE 0.100255694965349 TRUE 0.00610660565802478 "154,11,148,15,146,91,142,95,137,97" "97,137,95,142,91,146,15,148,11,154"
1197 1 FALSE 0.0851910023784151 1 FALSE 0.112343687932349 FALSE 0.00957067138584464 "154,11,148,15,146,91,142,95,97,137" "137,97,95,142,91,146,15,11,148,154"
1197 1 FALSE 0.0851910023784151 2 FALSE 0.0860393779700069 TRUE 0.00732978085328021 "154,11,148,15,146,91,142,95,97,137" "137,97,95,142,91,146,15,148,11,154"
1197 2 TRUE 0.0586490820394114 1 FALSE 0.153618170947561 FALSE 0.00900956471064784 "154,11,148,15,146,91,142,95,137,97" "97,137,95,142,91,146,15,11,148,154"
1197 2 TRUE 0.0586490820394114 2 TRUE 0.117649795164082 TRUE 0.00690005248849818 "154,11,148,15,146,91,142,95,137,97" "97,137,95,142,91,146,15,148,11,154"
1198 1 FALSE 0.0794596465370268 1 FALSE 0.110717629009511 FALSE 0.00879758366651344 "154,11,148,15,146,91,142,95,97,137" "137,97,95,142,91,146,15,11,148,154"
1198 1 FALSE 0.0794596465370268 2 FALSE 0.078890283789935 TRUE 0.00626859406515398 "154,11,148,15,146,91,142,95,97,137" "137,97,95,142,91,146,15,148,11,154"
1198 2 TRUE 0.0568426690592333 1 FALSE 0.136227365375056 FALSE 0.00774352704682558 "154,11,148,15,146,91,142,95,137,97" "97,137,95,142,91,146,15,11,148,154"
1198 2 TRUE 0.0568426690592333 2 TRUE 0.0970668863715472 TRUE 0.00551754089862806 "154,11,148,15,146,91,142,95,137,97" "97,137,95,142,91,146,15,148,11,154"
1199 1 FALSE 0.0758568941194233 1 FALSE 0.122418029602236 FALSE 0.00928625150984523 "154,11,148,15,146,91,142,95,97,137" "137,97,95,142,91,146,15,11,148,154"
1199 1 FALSE 0.0758568941194233 2 FALSE 0.0874295195528316 TRUE 0.0066321318076312 "154,11,148,15,146,91,142,95,97,137" "137,97,95,142,91,146,15,148,11,154"
1199 2 TRUE 0.0594501867399043 1 FALSE 0.136893031181373 FALSE 0.00813831626712414 "154,11,148,15,146,91,142,95,137,97" "97,137,95,142,91,146,15,11,148,154"
1199 2 TRUE 0.0594501867399043 2 TRUE 0.0977673957439649 TRUE 0.00581228993405284 "154,11,148,15,146,91,142,95,137,97" "97,137,95,142,91,146,15,148,11,154"
1200 1 FALSE 0.0833702894279169 1 FALSE 0.107186124618563 FALSE 0.00893613823210632 "154,11,148,15,146,91,142,95,97,137" "137,97,95,142,91,146,15,11,148,154"
1200 1 FALSE 0.0833702894279169 2 FALSE 0.0763739601827575 TRUE 0.00636731916519269 "154,11,148,15,146,91,142,95,97,137" "137,97,95,142,91,146,15,148,11,154"
1200 2 TRUE 0.0529966915207612 1 FALSE 0.135047971894247 FALSE 0.00715709570698387 "154,11,148,15,146,91,142,95,137,97" "97,137,95,142,91,146,15,11,148,154"
1200 2 TRUE 0.0529966915207612 2 TRUE 0.0962265261937384 TRUE 0.005099687524804 "154,11,148,15,146,91,142,95,137,97" "97,137,95,142,91,146,15,148,11,154"
1201 1 FALSE 0.0815622325889713 1 FALSE 0.125294396143097 FALSE 0.010219290680318 "154,11,148,15,146,91,142,95,97,137" "137,97,95,142,91,146,15,11,148,154"
1201 1 FALSE 0.0815622325889713 2 FALSE 0.0902265061587527 TRUE 0.00735907528101044 "154,11,148,15,146,91,142,95,97,137" "137,97,95,142,91,146,15,148,11,154"
1201 2 TRUE 0.0580227528037999 1 FALSE 0.141388128621105 FALSE 0.00820372843637423 "154,11,148,15,146,91,142,95,137,97" "97,137,95,142,91,146,15,11,148,154"
1201 2 TRUE 0.0580227528037999 2 TRUE 0.1018158612875 TRUE 0.00590763655099057 "154,11,148,15,146,91,142,95,137,97" "97,137,95,142,91,146,15,148,11,154"
1202 1 FALSE 0.0777978806423016 1 FALSE 0.118173541443206 FALSE 0.00919365107227663 "154,11,148,15,146,91,142,95,97,137" "137,97,95,142,91,146,15,11,148,154"
1202 1 FALSE 0.0777978806423016 2 FALSE 0.0885725216981657 TRUE 0.00689075447126157 "154,11,148,15,146,91,142,95,97,137" "137,97,95,142,91,146,15,148,11,154"
1202 2 TRUE 0.0549161510416247 1 FALSE 0.1400440123638 FALSE 0.00769067813544557 "154,11,148,15,146,91,142,95,137,97" "97,137,95,142,91,146,15,11,148,154"
1202 2 TRUE 0.0549161510416247 2 TRUE 0.104964708447467 TRUE 0.00576425778314122 "154,11,148,15,146,91,142,95,137,97" "97,137,95,142,91,146,15,148,11,154"
1203 1 FALSE 0.0783181676086167 1 FALSE 0.116565753824475 FALSE 0.00912921624545002 "154,11,148,15,146,91,142,95,97,137" "137,97,95,142,91,146,15,11,148,154"
1203 1 FALSE 0.0783181676086167 2 FALSE 0.0831448034272482 TRUE 0.00651174865060071 "154,11,148,15,146,91,142,95,97,137" "137,97,95,142,91,146,15,148,11,154"
1203 2 TRUE 0.0574737974182097 1 FALSE 0.142056947198798 FALSE 0.00816455220515305 "154,11,148,15,146,91,142,95,137,97" "97,137,95,142,91,146,15,11,148,154"
1203 2 TRUE 0.0574737974182097 2 TRUE 0.101327332966975 TRUE 0.0058236666078714 "154,11,148,15,146,91,142,95,137,97" "97,137,95,142,91,146,15,148,11,154"
1204 1 FALSE 0.0847985742148543 1 FALSE 0.121728997141325 FALSE 0.0103224453981885 "154,11,148,15,146,91,142,95,97,137" "137,97,95,142,91,146,15,11,148,154"
1204 1 FALSE 0.0847985742148543 2 FALSE 0.0843599423251175 TRUE 0.00715360283001731 "154,11,148,15,146,91,142,95,97,137" "137,97,95,142,91,146,15,148,11,154"
1204 2 TRUE 0.0537485912321425 1 FALSE 0.154968376923169 FALSE 0.008329331945152 "154,11,148,15,146,91,142,95,137,97" "97,137,95,142,91,146,15,11,148,154"
1204 2 TRUE 0.0537485912321425 2 TRUE 0.107395309634219 TRUE 0.00577234659777902 "154,11,148,15,146,91,142,95,137,97" "97,137,95,142,91,146,15,148,11,154"
1205 1 FALSE 0.0838610784701356 1 FALSE 0.121475896397115 FALSE 0.0101870996799885 "154,11,148,15,146,91,142,95,97,137" "137,97,95,142,91,146,15,11,148,154"
1205 1 FALSE 0.0838610784701356 2 FALSE 0.088369804460562 TRUE 0.00741078710625773 "154,11,148,15,146,91,142,95,97,137" "137,97,95,142,91,146,15,148,11,154"
1205 2 TRUE 0.0547836191010936 1 FALSE 0.140283469859134 FALSE 0.00768523617894252 "154,11,148,15,146,91,142,95,137,97" "97,137,95,142,91,146,15,11,148,154"
1205 2 TRUE 0.0547836191010936 2 TRUE 0.102051708760185 TRUE 0.00559076194133372 "154,11,148,15,146,91,142,95,137,97" "97,137,95,142,91,146,15,148,11,154"
1206 1 FALSE 0.0842777951206933 1 FALSE 0.120436280804269 FALSE 0.0101501041987204 "154,11,148,15,146,91,142,95,97,137" "137,97,95,142,91,146,15,11,148,154"
1206 1 FALSE 0.0842777951206933 2 FALSE 0.0882298845797506 TRUE 0.00743582013613463 "154,11,148,15,146,91,142,95,97,137" "137,97,95,142,91,146,15,148,11,154"
1206 2 TRUE 0.0572493103218851 1 FALSE 0.157532466905585 FALSE 0.00901862508364992 "154,11,148,15,146,91,142,95,137,97" "97,137,95,142,91,146,15,11,148,154"
1206 2 TRUE 0.0572493103218851 2 TRUE 0.115406016192344 TRUE 0.006606914834008 "154,11,148,15,146,91,142,95,137,97" "97,137,95,142,91,146,15,148,11,154"
1207 1 FALSE 0.0808258518387565 1 FALSE 0.117535269188633 FALSE 0.00949988825326883 "154,11,148,15,146,91,142,95,97,137" "137,97,95,142,91,146,15,11,148,154"
1207 1 FALSE 0.0808258518387565 2 FALSE 0.0855255193696765 TRUE 0.00691267295700617 "154,11,148,15,146,91,142,95,97,137" "137,97,95,142,91,146,15,148,11,154"
1207 2 TRUE 0.0602070120839717 1 FALSE 0.160035391886619 FALSE 0.00963525277318085 "154,11,148,15,146,91,142,95,137,97" "97,137,95,142,91,146,15,11,148,154"
1207 2 TRUE 0.0602070120839717 2 TRUE 0.11645108828284 TRUE 0.00701117207943658 "154,11,148,15,146,91,142,95,137,97" "97,137,95,142,91,146,15,148,11,154"
1208 1 FALSE 0.0849899233476013 1 FALSE 0.113998464140564 FALSE 0.00968872072905077 "154,11,148,15,146,91,142,95,97,137" "137,97,95,142,91,146,15,11,148,154"
1208 1 FALSE 0.0849899233476013 2 FALSE 0.0796835440139464 TRUE 0.00677229829781052 "154,11,148,15,146,91,142,95,97,137" "137,97,95,142,91,146,15,148,11,154"
1208 2 TRUE 0.0583095423473417 1 FALSE 0.152523419945006 FALSE 0.00889357081424473 "154,11,148,15,146,91,142,95,137,97" "97,137,95,142,91,146,15,11,148,154"
1208 2 TRUE 0.0583095423473417 2 TRUE 0.106612020942315 TRUE 0.00621649814987162 "154,11,148,15,146,91,142,95,137,97" "97,137,95,142,91,146,15,148,11,154"
1209 1 FALSE 0.0884066137831845 1 FALSE 0.122751847954834 FALSE 0.0108520752133152 "154,11,148,15,146,91,142,95,97,137" "137,97,95,142,91,146,15,11,148,154"
1209 1 FALSE 0.0884066137831845 2 FALSE 0.0875522641890375 TRUE 0.00774019920600357 "154,11,148,15,146,91,142,95,97,137" "137,97,95,142,91,146,15,148,11,154"
1209 2 TRUE 0.0561381997523221 1 FALSE 0.152300944948537 FALSE 0.00854990086998837 "154,11,148,15,146,91,142,95,137,97" "97,137,95,142,91,146,15,11,148,154"
1209 2 TRUE 0.0561381997523221 2 TRUE 0.108628039337384 TRUE 0.00609818257102518 "154,11,148,15,146,91,142,95,137,97" "97,137,95,142,91,146,15,148,11,154"
1210 1 FALSE 0.0793606384992373 1 FALSE 0.116288971671135 FALSE 0.00922876704224099 "154,11,148,15,146,91,142,95,97,137" "137,97,95,142,91,146,15,11,148,154"
1210 1 FALSE 0.0793606384992373 2 FALSE 0.0812827467187375 TRUE 0.00645065067857079 "154,11,148,15,146,91,142,95,97,137" "137,97,95,142,91,146,15,148,11,154"
1210 2 TRUE 0.0572273950986962 1 FALSE 0.145147361616583 FALSE 0.00830640541076555 "154,11,148,15,146,91,142,95,137,97" "97,137,95,142,91,146,15,11,148,154"
1210 2 TRUE 0.0572273950986962 2 TRUE 0.101453956137289 TRUE 0.00580594563219443 "154,11,148,15,146,91,142,95,137,97" "97,137,95,142,91,146,15,148,11,154"
1211 1 FALSE 0.0768714777604899 1 FALSE 0.113476725264185 FALSE 0.00872312356247901 "154,11,148,15,146,91,142,95,97,137" "137,97,95,142,91,146,15,11,148,154"
1211 1 FALSE 0.0768714777604899 2 FALSE 0.0860034128318033 TRUE 0.0066112094368262 "154,11,148,15,146,91,142,95,97,137" "137,97,95,142,91,146,15,148,11,154"
1211 2 TRUE 0.0472017845897745 1 FALSE 0.145047837664274 FALSE 0.00684651678864163 "154,11,148,15,146,91,142,95,137,97" "97,137,95,142,91,146,15,11,148,154"
1211 2 TRUE 0.0472017845897745 2 TRUE 0.109930992756081 TRUE 0.00518893903981261 "154,11,148,15,146,91,142,95,137,97" "97,137,95,142,91,146,15,148,11,154"
1212 1 FALSE 0.0744695453939173 1 FALSE 0.115278328602555 FALSE 0.00858472472480288 "154,11,148,15,146,91,142,95,97,137" "137,97,95,142,91,146,15,11,148,154"
1212 1 FALSE 0.0744695453939173 2 FALSE 0.0869467668361604 TRUE 0.00647488619975979 "154,11,148,15,146,91,142,95,97,137" "137,97,95,142,91,146,15,148,11,154"
1212 2 TRUE 0.0536480855986407 1 FALSE 0.148964437879105 FALSE 0.0079916569144916 "154,11,148,15,146,91,142,95,137,97" "97,137,95,142,91,146,15,11,148,154"
1212 2 TRUE 0.0536480855986407 2 TRUE 0.112353955892341 TRUE 0.0060275746430582 "154,11,148,15,146,91,142,95,137,97" "97,137,95,142,91,146,15,148,11,154"
1213 1 FALSE 0.0744322707887517 1 FALSE 0.110895349668574 FALSE 0.00825419269574459 "154,11,148,15,146,91,142,95,97,137" "137,97,95,142,91,146,15,11,148,154"
1213 1 FALSE 0.0744322707887517 2 FALSE 0.0803472380474196 TRUE 0.00598042737947383 "154,11,148,15,146,91,142,95,97,137" "137,97,95,142,91,146,15,148,11,154"
1213 2 TRUE 0.0529793606616679 1 FALSE 0.142731299837133 FALSE 0.00756181301178014 "154,11,148,15,146,91,142,95,137,97" "97,137,95,142,91,146,15,11,148,154"
1213 2 TRUE 0.0529793606616679 2 TRUE 0.103413405152747 TRUE 0.00547877608883856 "154,11,148,15,146,91,142,95,137,97" "97,137,95,142,91,146,15,148,11,154"
1214 1 FALSE 0.0728534919566182 1 FALSE 0.116351254955388 FALSE 0.00847659521703483 "154,11,148,15,146,91,142,95,97,137" "137,97,95,142,91,146,15,11,148,154"
1214 1 FALSE 0.0728534919566182 2 FALSE 0.0753306731384266 TRUE 0.005488102589577 "154,11,148,15,146,91,142,95,97,137" "137,97,95,142,91,146,15,148,11,154"
1214 2 TRUE 0.0521689578081311 1 FALSE 0.146804008620883 FALSE 0.00765861213180736 "154,11,148,15,146,91,142,95,137,97" "97,137,95,142,91,146,15,11,148,154"
1214 2 TRUE 0.0521689578081311 2 TRUE 0.0950470606704732 TRUE 0.00495850609790479 "154,11,148,15,146,91,142,95,137,97" "97,137,95,142,91,146,15,148,11,154"
1215 1 FALSE 0.0730526513475949 1 FALSE 0.109366582485785 FALSE 0.00798951881941205 "154,11,148,15,146,91,142,95,97,137" "137,97,95,142,91,146,15,11,148,154"
1215 1 FALSE 0.0730526513475949 2 FALSE 0.0789533232610529 TRUE 0.00576774959692365 "154,11,148,15,146,91,142,95,97,137" "137,97,95,142,91,146,15,148,11,154"
1215 2 TRUE 0.0531458038553753 1 FALSE 0.145198089683686 FALSE 0.00771666919450437 "154,11,148,15,146,91,142,95,137,97" "97,137,95,142,91,146,15,11,148,154"
1215 2 TRUE 0.0531458038553753 2 TRUE 0.104820608371606 TRUE 0.00557077549251847 "154,11,148,15,146,91,142,95,137,97" "97,137,95,142,91,146,15,148,11,154"
1216 1 FALSE 0.070965694778583 1 FALSE 0.113607322421222 FALSE 0.00806222256755653 "154,11,148,15,146,91,142,95,97,137" "137,97,95,142,91,146,15,11,148,154"
1216 1 FALSE 0.070965694778583 2 FALSE 0.0756713823026592 TRUE 0.00537007221996398 "154,11,148,15,146,91,142,95,97,137" "137,97,95,142,91,146,15,148,11,154"
1216 2 TRUE 0.04807925821249 1 FALSE 0.136243301906492 FALSE 0.00655047689208446 "154,11,148,15,146,91,142,95,137,97" "97,137,95,142,91,146,15,11,148,154"
1216 2 TRUE 0.04807925821249 2 TRUE 0.090748719052786 TRUE 0.00436313109579161 "154,11,148,15,146,91,142,95,137,97" "97,137,95,142,91,146,15,148,11,154"
1217 1 FALSE 0.0741410028877533 1 FALSE 0.108722593315818 FALSE 0.00806080210499209 "154,11,148,15,146,91,142,95,97,137" "137,97,95,142,91,146,15,11,148,154"
1217 1 FALSE 0.0741410028877533 2 FALSE 0.0681743792889035 TRUE 0.00505451685172938 "154,11,148,15,146,91,142,95,97,137" "137,97,95,142,91,146,15,148,11,154"
1217 2 TRUE 0.0485623568914784 1 FALSE 0.14126836502688 FALSE 0.00686032475991099 "154,11,148,15,146,91,142,95,137,97" "97,137,95,142,91,146,15,11,148,154"
1217 2 TRUE 0.0485623568914784 2 TRUE 0.0885821686656234 TRUE 0.00430175888896114 "154,11,148,15,146,91,142,95,137,97" "97,137,95,142,91,146,15,148,11,154"
1218 1 FALSE 0.0705919130751282 1 FALSE 0.111149612812074 FALSE 0.00784626380596408 "154,11,148,15,146,91,142,95,97,137" "137,97,95,142,91,146,15,11,148,154"
1218 1 FALSE 0.0705919130751282 2 FALSE 0.0799968944990044 TRUE 0.00564713382275392 "154,11,148,15,146,91,142,95,97,137" "137,97,95,142,91,146,15,148,11,154"
1218 2 TRUE 0.0494143391525897 1 FALSE 0.143669728284861 FALSE 0.00709934467942856 "154,11,148,15,146,91,142,95,137,97" "97,137,95,142,91,146,15,11,148,154"
1218 2 TRUE 0.0494143391525897 2 TRUE 0.103402358366616 TRUE 0.00510955920550559 "154,11,148,15,146,91,142,95,137,97" "97,137,95,142,91,146,15,148,11,154"
1219 1 FALSE 0.069983519385304 1 FALSE 0.117947419940656 FALSE 0.00825437554986348 "154,11,148,15,146,91,142,95,97,137" "137,97,95,142,91,146,15,11,148,154"
1219 1 FALSE 0.069983519385304 2 FALSE 0.0836485348245388 TRUE 0.00585401885844539 "154,11,148,15,146,91,142,95,97,137" "137,97,95,142,91,146,15,148,11,154"
1219 2 TRUE 0.0490239881988424 1 FALSE 0.144748400422109 FALSE 0.00709614387409476 "154,11,148,15,146,91,142,95,137,97" "97,137,95,142,91,146,15,11,148,154"
1219 2 TRUE 0.0490239881988424 2 TRUE 0.102655841218037 TRUE 0.00503259874841526 "154,11,148,15,146,91,142,95,137,97" "97,137,95,142,91,146,15,148,11,154"
1220 1 FALSE 0.0710922340621491 1 FALSE 0.11087705354583 FALSE 0.00788249744280161 "154,11,148,15,146,91,142,95,97,137" "137,97,95,142,91,146,15,11,148,154"
1220 1 FALSE 0.0710922340621491 2 FALSE 0.0811043244537775 TRUE 0.00576588761752043 "154,11,148,15,146,91,142,95,97,137" "137,97,95,142,91,146,15,148,11,154"
1220 2 TRUE 0.0502456391115941 1 FALSE 0.141911752946732 FALSE 0.0071304467242552 "154,11,148,15,146,91,142,95,137,97" "97,137,95,142,91,146,15,11,148,154"
1220 2 TRUE 0.0502456391115941 2 TRUE 0.103805580025074 TRUE 0.00521577771170955 "154,11,148,15,146,91,142,95,137,97" "97,137,95,142,91,146,15,148,11,154"
1221 1 FALSE 0.0696163986297578 1 FALSE 0.114203907484496 FALSE 0.00795046474851666 "154,11,148,15,146,91,142,95,97,137" "137,97,95,142,91,146,15,11,148,154"
1221 1 FALSE 0.0696163986297578 2 FALSE 0.0838696129975804 TRUE 0.00583870041136307 "154,11,148,15,146,91,142,95,97,137" "137,97,95,142,91,146,15,148,11,154"
1221 2 TRUE 0.0500749534003521 1 FALSE 0.140891198525708 FALSE 0.00705512020069458 "154,11,148,15,146,91,142,95,137,97" "97,137,95,142,91,146,15,11,148,154"
1221 2 TRUE 0.0500749534003521 2 TRUE 0.103468353713909 TRUE 0.00518117299063514 "154,11,148,15,146,91,142,95,137,97" "97,137,95,142,91,146,15,148,11,154"
1222 1 FALSE 0.0669586675817831 1 FALSE 0.10720412447551 FALSE 0.00717824533415176 "154,11,148,15,146,91,142,95,97,137" "137,97,95,142,91,146,15,11,148,154"
1222 1 FALSE 0.0669586675817831 2 FALSE 0.0753381067364601 TRUE 0.00504453924520753 "154,11,148,15,146,91,142,95,97,137" "137,97,95,142,91,146,15,148,11,154"
1222 2 TRUE 0.0520979428888874 1 FALSE 0.13655857070613 FALSE 0.00711442061763605 "154,11,148,15,146,91,142,95,137,97" "97,137,95,142,91,146,15,11,148,154"
1222 2 TRUE 0.0520979428888874 2 TRUE 0.0959670556144239 TRUE 0.00499968618261493 "154,11,148,15,146,91,142,95,137,97" "97,137,95,142,91,146,15,148,11,154"
1223 1 FALSE 0.0714921056950686 1 FALSE 0.108992888570552 FALSE 0.00779213110969671 "154,11,148,15,146,91,142,95,97,137" "137,97,95,142,91,146,15,11,148,154"
1223 1 FALSE 0.0714921056950686 2 FALSE 0.0768383969780156 TRUE 0.00549333879819194 "154,11,148,15,146,91,142,95,97,137" "137,97,95,142,91,146,15,148,11,154"
1223 2 TRUE 0.0504226438151617 1 FALSE 0.131211362105547 FALSE 0.00661602377595018 "154,11,148,15,146,91,142,95,137,97" "97,137,95,142,91,146,15,11,148,154"
1223 2 TRUE 0.0504226438151617 2 TRUE 0.0925020968039211 TRUE 0.00466420027929973 "154,11,148,15,146,91,142,95,137,97" "97,137,95,142,91,146,15,148,11,154"
1224 1 FALSE 0.0775064375124155 1 FALSE 0.114042008697241 FALSE 0.00883898982088308 "154,11,148,15,146,91,142,95,97,137" "137,97,95,142,91,146,15,11,148,154"
1224 1 FALSE 0.0775064375124155 2 FALSE 0.0807036750930802 TRUE 0.0062550543506241 "154,11,148,15,146,91,142,95,97,137" "137,97,95,142,91,146,15,148,11,154"
1224 2 TRUE 0.0516060450773621 1 FALSE 0.14528976746615 FALSE 0.00749783028913757 "154,11,148,15,146,91,142,95,137,97" "97,137,95,142,91,146,15,11,148,154"
1224 2 TRUE 0.0516060450773621 2 TRUE 0.102816657842865 TRUE 0.00530596107934261 "154,11,148,15,146,91,142,95,137,97" "97,137,95,142,91,146,15,148,11,154"
1225 1 FALSE 0.0754214882861321 1 FALSE 0.114397040514266 FALSE 0.00862799505111491 "154,11,148,15,146,91,142,95,97,137" "137,97,95,142,91,146,15,11,148,154"
1225 1 FALSE 0.0754214882861321 2 FALSE 0.0783443001373841 TRUE 0.00590884371509693 "154,11,148,15,146,91,142,95,97,137" "137,97,95,142,91,146,15,148,11,154"
1225 2 TRUE 0.0479080372021605 1 FALSE 0.135493006735884 FALSE 0.00649120400733531 "154,11,148,15,146,91,142,95,137,97" "97,137,95,142,91,146,15,11,148,154"
1225 2 TRUE 0.0479080372021605 2 TRUE 0.0927917779910478 TRUE 0.00444547195204974 "154,11,148,15,146,91,142,95,137,97" "97,137,95,142,91,146,15,148,11,154"
1226 1 FALSE 0.0774660039457782 1 FALSE 0.113427669807913 FALSE 0.00878678831690021 "154,11,148,15,146,91,142,95,97,137" "137,97,95,142,91,146,15,11,148,154"
1226 1 FALSE 0.0774660039457782 2 FALSE 0.0800432814015666 TRUE 0.00620063315288679 "154,11,148,15,146,91,142,95,97,137" "137,97,95,142,91,146,15,148,11,154"
1226 2 TRUE 0.0479551452997674 1 FALSE 0.140176331789788 FALSE 0.00672217635856768 "154,11,148,15,146,91,142,95,137,97" "97,137,95,142,91,146,15,11,148,154"
1226 2 TRUE 0.0479551452997674 2 TRUE 0.0989191930883393 TRUE 0.00474368427748706 "154,11,148,15,146,91,142,95,137,97" "97,137,95,142,91,146,15,148,11,154"
1227 1 FALSE 0.0696448080912024 1 FALSE 0.111469079771323 FALSE 0.00776324266877674 "154,11,148,15,146,91,142,95,97,137" "137,97,95,142,91,146,15,11,148,154"
1227 1 FALSE 0.0696448080912024 2 FALSE 0.0756817482082122 TRUE 0.00527084082996764 "154,11,148,15,146,91,142,95,97,137" "137,97,95,142,91,146,15,148,11,154"
1227 2 TRUE 0.0462553236695956 1 FALSE 0.137454725678287 FALSE 0.00635801282616461 "154,11,148,15,146,91,142,95,137,97" "97,137,95,142,91,146,15,11,148,154"
1227 2 TRUE 0.0462553236695956 2 TRUE 0.0933246597186783 TRUE 0.00431676234164233 "154,11,148,15,146,91,142,95,137,97" "97,137,95,142,91,146,15,148,11,154"
1228 1 FALSE 0.0695187343059237 1 FALSE 0.110528512703697 FALSE 0.00768380230787722 "154,11,148,15,146,91,142,95,97,137" "137,97,95,142,91,146,15,11,148,154"
1228 1 FALSE 0.0695187343059237 2 FALSE 0.0742221358974108 TRUE 0.00515982894507026 "154,11,148,15,146,91,142,95,97,137" "137,97,95,142,91,146,15,148,11,154"
1228 2 TRUE 0.0465213752299742 1 FALSE 0.151605109005842 FALSE 0.00705287816284192 "154,11,148,15,146,91,142,95,137,97" "97,137,95,142,91,146,15,11,148,154"
1228 2 TRUE 0.0465213752299742 2 TRUE 0.101805902641057 TRUE 0.00473615059739082 "154,11,148,15,146,91,142,95,137,97" "97,137,95,142,91,146,15,148,11,154"
1229 1 FALSE 0.0695323824189675 1 FALSE 0.120624634583306 FALSE 0.00838731822099465 "154,11,148,15,146,91,142,95,97,137" "137,97,95,142,91,146,15,11,148,154"
1229 1 FALSE 0.0695323824189675 2 FALSE 0.0806810824267603 TRUE 0.00560994787727374 "154,11,148,15,146,91,142,95,97,137" "137,97,95,142,91,146,15,148,11,154"
1229 2 TRUE 0.0472262547256647 1 FALSE 0.14348444783233 FALSE 0.00677623308250095 "154,11,148,15,146,91,142,95,137,97" "97,137,95,142,91,146,15,11,148,154"
1229 2 TRUE 0.0472262547256647 2 TRUE 0.0959711140473832 TRUE 0.00453235627830753 "154,11,148,15,146,91,142,95,137,97" "97,137,95,142,91,146,15,148,11,154"
1230 1 FALSE 0.0702847919281716 1 FALSE 0.113876172589677 FALSE 0.00800376309604198 "154,11,148,15,146,91,142,95,97,137" "137,97,95,142,91,146,15,11,148,154"
1230 1 FALSE 0.0702847919281716 2 FALSE 0.0777707850767238 TRUE 0.00546610344720808 "154,11,148,15,146,91,142,95,97,137" "137,97,95,142,91,146,15,148,11,154"
1230 2 TRUE 0.0491993543497201 1 FALSE 0.136550523483591 FALSE 0.00671819759150896 "154,11,148,15,146,91,142,95,137,97" "97,137,95,142,91,146,15,11,148,154"
1230 2 TRUE 0.0491993543497201 2 TRUE 0.0932560444599908 TRUE 0.00458813717664034 "154,11,148,15,146,91,142,95,137,97" "97,137,95,142,91,146,15,148,11,154"
1231 1 FALSE 0.0729915749005645 1 FALSE 0.113421475149418 FALSE 0.0082788120987013 "154,11,148,15,146,91,142,95,97,137" "137,97,95,142,91,146,15,11,148,154"
1231 1 FALSE 0.0729915749005645 2 FALSE 0.0780195606073722 TRUE 0.00569477060178214 "154,11,148,15,146,91,142,95,97,137" "137,97,95,142,91,146,15,148,11,154"
1231 2 TRUE 0.0465160414353724 1 FALSE 0.147561711608014 FALSE 0.00686398669143282 "154,11,148,15,146,91,142,95,137,97" "97,137,95,142,91,146,15,11,148,154"
1231 2 TRUE 0.0465160414353724 2 TRUE 0.10150370454063 TRUE 0.00472155052625574 "154,11,148,15,146,91,142,95,137,97" "97,137,95,142,91,146,15,148,11,154"
1232 1 FALSE 0.069723738750714 1 FALSE 0.113795259229829 FALSE 0.00793423092561036 "154,11,148,15,146,91,142,95,97,137" "137,97,95,142,91,146,15,11,148,154"
1232 1 FALSE 0.069723738750714 2 FALSE 0.0769915071039994 TRUE 0.00536813572734299 "154,11,148,15,146,91,142,95,97,137" "137,97,95,142,91,146,15,148,11,154"
1232 2 TRUE 0.047650394322096 1 FALSE 0.14113397548101 FALSE 0.00672508958391514 "154,11,148,15,146,91,142,95,137,97" "97,137,95,142,91,146,15,11,148,154"
1232 2 TRUE 0.047650394322096 2 TRUE 0.0954883142707718 TRUE 0.0045500558281545 "154,11,148,15,146,91,142,95,137,97" "97,137,95,142,91,146,15,148,11,154"
1233 1 FALSE 0.0713501623888988 1 FALSE 0.120060777805993 FALSE 0.00856635599299508 "154,11,148,15,146,91,142,95,97,137" "137,97,95,142,91,146,15,11,148,154"
1233 1 FALSE 0.0713501623888988 2 FALSE 0.0831988178428192 TRUE 0.00593624916364956 "154,11,148,15,146,91,142,95,97,137" "137,97,95,142,91,146,15,148,11,154"
1233 2 TRUE 0.0505546376725363 1 FALSE 0.145279768343637 FALSE 0.00734456604976256 "154,11,148,15,146,91,142,95,137,97" "97,137,95,142,91,146,15,11,148,154"
1233 2 TRUE 0.0505546376725363 2 TRUE 0.10067488486707 TRUE 0.00508958232717903 "154,11,148,15,146,91,142,95,137,97" "97,137,95,142,91,146,15,148,11,154"
1234 1 FALSE 0.0681168790821669 1 FALSE 0.116666233838293 FALSE 0.0079469397433348 "154,11,148,15,146,91,142,95,97,137" "137,97,95,142,91,146,15,11,148,154"
1234 1 FALSE 0.0681168790821669 2 FALSE 0.0810846097835666 TRUE 0.0055232305600519 "154,11,148,15,146,91,142,95,97,137" "137,97,95,142,91,146,15,148,11,154"
1234 2 TRUE 0.0488256326253126 1 FALSE 0.14311237429772 FALSE 0.00698755221159669 "154,11,148,15,146,91,142,95,137,97" "97,137,95,142,91,146,15,11,148,154"
1234 2 TRUE 0.0488256326253126 2 TRUE 0.0994650349407398 TRUE 0.00485644325508045 "154,11,148,15,146,91,142,95,137,97" "97,137,95,142,91,146,15,148,11,154"
1235 1 FALSE 0.0707634957664344 1 FALSE 0.11338560658286 FALSE 0.0080235618914008 "154,11,148,15,146,91,142,95,97,137" "137,97,95,142,91,146,15,11,148,154"
1235 1 FALSE 0.0707634957664344 2 FALSE 0.0829549422248751 TRUE 0.00587018170293476 "154,11,148,15,146,91,142,95,97,137" "137,97,95,142,91,146,15,148,11,154"
1235 2 TRUE 0.044515382048559 1 FALSE 0.134352624564445 FALSE 0.00598075841171288 "154,11,148,15,146,91,142,95,137,97" "97,137,95,142,91,146,15,11,148,154"
1235 2 TRUE 0.044515382048559 2 TRUE 0.0982947884161927 TRUE 0.00437563005972909 "154,11,148,15,146,91,142,95,137,97" "97,137,95,142,91,146,15,148,11,154"
1236 1 FALSE 0.0732596694774746 1 FALSE 0.112022688126933 FALSE 0.00820674510615732 "154,11,148,15,146,91,142,95,97,137" "137,97,95,142,91,146,15,11,148,154"
1236 1 FALSE 0.0732596694774746 2 FALSE 0.0799861524809626 TRUE 0.0058597590935302 "154,11,148,15,146,91,142,95,97,137" "137,97,95,142,91,146,15,148,11,154"
1236 2 TRUE 0.0471873059040375 1 FALSE 0.141384220638561 FALSE 0.0066715404692757 "154,11,148,15,146,91,142,95,137,97" "97,137,95,142,91,146,15,11,148,154"
1236 2 TRUE 0.0471873059040375 2 TRUE 0.100950798623793 TRUE 0.00476359621591781 "154,11,148,15,146,91,142,95,137,97" "97,137,95,142,91,146,15,148,11,154"
1237 1 FALSE 0.0729084605685042 1 FALSE 0.113398104167936 FALSE 0.00826768120627109 "154,11,148,15,146,91,142,95,97,137" "137,97,95,142,91,146,15,11,148,154"
1237 1 FALSE 0.0729084605685042 2 FALSE 0.0780581293329678 TRUE 0.00569109804452388 "154,11,148,15,146,91,142,95,97,137" "137,97,95,142,91,146,15,148,11,154"
1237 2 TRUE 0.0461631458875956 1 FALSE 0.130204176351061 FALSE 0.00601063438806823 "154,11,148,15,146,91,142,95,137,97" "97,137,95,142,91,146,15,11,148,154"
1237 2 TRUE 0.0461631458875956 2 TRUE 0.0896266697920459 TRUE 0.00413744903302957 "154,11,148,15,146,91,142,95,137,97" "97,137,95,142,91,146,15,148,11,154"
1238 1 FALSE 0.0728550409082254 1 FALSE 0.115599884831786 FALSE 0.00842203433840594 "154,11,148,15,146,91,142,95,97,137" "137,97,95,142,91,146,15,11,148,154"
1238 1 FALSE 0.0728550409082254 2 FALSE 0.0786153687193652 TRUE 0.00572752590406457 "154,11,148,15,146,91,142,95,97,137" "137,97,95,142,91,146,15,148,11,154"
1238 2 TRUE 0.0455801637842917 1 FALSE 0.145007625463369 FALSE 0.00660947131859157 "154,11,148,15,146,91,142,95,137,97" "97,137,95,142,91,146,15,11,148,154"
1238 2 TRUE 0.0455801637842917 2 TRUE 0.0986145268181766 TRUE 0.00449486628388292 "154,11,148,15,146,91,142,95,137,97" "97,137,95,142,91,146,15,148,11,154"
1239 1 FALSE 0.0724481275594662 1 FALSE 0.11585083414057 FALSE 0.00839317600968655 "154,11,148,15,146,91,142,95,97,137" "137,97,95,142,91,146,15,11,148,154"
1239 1 FALSE 0.0724481275594662 2 FALSE 0.0809003231851882 TRUE 0.00586107693372256 "154,11,148,15,146,91,142,95,97,137" "137,97,95,142,91,146,15,148,11,154"
1239 2 TRUE 0.0454397575876753 1 FALSE 0.142217552238343 FALSE 0.00646233109842284 "154,11,148,15,146,91,142,95,137,97" "97,137,95,142,91,146,15,11,148,154"
1239 2 TRUE 0.0454397575876753 2 TRUE 0.0993125860857246 TRUE 0.00451273983714046 "154,11,148,15,146,91,142,95,137,97" "97,137,95,142,91,146,15,148,11,154"
1240 1 FALSE 0.0706163448219618 1 FALSE 0.108394889164273 FALSE 0.00765445087016261 "154,11,148,15,146,91,142,95,97,137" "137,97,95,142,91,146,15,11,148,154"
1240 1 FALSE 0.0706163448219618 2 FALSE 0.0785837990526531 TRUE 0.00554930065132191 "154,11,148,15,146,91,142,95,97,137" "137,97,95,142,91,146,15,148,11,154"
1240 2 TRUE 0.0464253551600303 1 FALSE 0.136257425329231 FALSE 0.00632579936410085 "154,11,148,15,146,91,142,95,137,97" "97,137,95,142,91,146,15,11,148,154"
1240 2 TRUE 0.0464253551600303 2 TRUE 0.0987834962889877 TRUE 0.00458605889916579 "154,11,148,15,146,91,142,95,137,97" "97,137,95,142,91,146,15,148,11,154"
1241 1 FALSE 0.0717727525553732 1 FALSE 0.116349782143765 FALSE 0.008350744123676 "154,11,148,15,146,91,142,95,97,137" "137,97,95,142,91,146,15,11,148,154"
1241 1 FALSE 0.0717727525553732 2 FALSE 0.0822304582350573 TRUE 0.00590190633141972 "154,11,148,15,146,91,142,95,97,137" "137,97,95,142,91,146,15,148,11,154"
1241 2 TRUE 0.0434225152960008 1 FALSE 0.138837291666495 FALSE 0.00602866442104369 "154,11,148,15,146,91,142,95,137,97" "97,137,95,142,91,146,15,11,148,154"
1241 2 TRUE 0.0434225152960008 2 TRUE 0.0981235538519829 TRUE 0.00426077151803569 "154,11,148,15,146,91,142,95,137,97" "97,137,95,142,91,146,15,148,11,154"
1242 1 FALSE 0.0719194415754766 1 FALSE 0.112979914407909 FALSE 0.00812545235346194 "154,11,148,15,146,91,142,95,97,137" "137,97,95,142,91,146,15,11,148,154"
1242 1 FALSE 0.0719194415754766 2 FALSE 0.0808868597042351 TRUE 0.00581733778072251 "154,11,148,15,146,91,142,95,97,137" "137,97,95,142,91,146,15,148,11,154"
1242 2 TRUE 0.0462082412122437 1 FALSE 0.144665065795005 FALSE 0.00668471825524069 "154,11,148,15,146,91,142,95,137,97" "97,137,95,142,91,146,15,11,148,154"
1242 2 TRUE 0.0462082412122437 2 TRUE 0.103571532536454 TRUE 0.0047858583581662 "154,11,148,15,146,91,142,95,137,97" "97,137,95,142,91,146,15,148,11,154"
1243 1 FALSE 0.0762034748337734 1 FALSE 0.115472129285909 FALSE 0.00879937749804097 "154,11,148,15,146,91,142,95,97,137" "137,97,95,142,91,146,15,11,148,154"
1243 1 FALSE 0.0762034748337734 2 FALSE 0.0815882057394466 TRUE 0.00621730478279865 "154,11,148,15,146,91,142,95,97,137" "137,97,95,142,91,146,15,148,11,154"
1243 2 TRUE 0.0485629197303392 1 FALSE 0.145696797606069 FALSE 0.00707546188711101 "154,11,148,15,146,91,142,95,137,97" "97,137,95,142,91,146,15,11,148,154"
1243 2 TRUE 0.0485629197303392 2 TRUE 0.102943804467569 TRUE 0.00499925171309431 "154,11,148,15,146,91,142,95,137,97" "97,137,95,142,91,146,15,148,11,154"
1244 1 FALSE 0.0720399707983881 1 FALSE 0.108163013784877 FALSE 0.00779206035452819 "154,11,148,15,146,91,142,95,97,137" "137,97,95,142,91,146,15,11,148,154"
1244 1 FALSE 0.0720399707983881 2 FALSE 0.078467187911502 TRUE 0.00565277392577624 "154,11,148,15,146,91,142,95,97,137" "137,97,95,142,91,146,15,148,11,154"
1244 2 TRUE 0.0489944385782488 1 FALSE 0.137964941925576 FALSE 0.00675951487312432 "154,11,148,15,146,91,142,95,137,97" "97,137,95,142,91,146,15,11,148,154"
1244 2 TRUE 0.0489944385782488 2 TRUE 0.100087087484495 TRUE 0.00490371066023493 "154,11,148,15,146,91,142,95,137,97" "97,137,95,142,91,146,15,148,11,154"
1245 1 FALSE 0.0787752326307465 1 FALSE 0.121000962712273 FALSE 0.00953187898620358 "154,11,148,15,146,91,142,95,97,137" "137,97,95,142,91,146,15,11,148,154"
1245 1 FALSE 0.0787752326307465 2 FALSE 0.0826772568236954 TRUE 0.00651292013955858 "154,11,148,15,146,91,142,95,97,137" "137,97,95,142,91,146,15,148,11,154"
1245 2 TRUE 0.0483393472961399 1 FALSE 0.149125622768437 FALSE 0.00720863526975661 "154,11,148,15,146,91,142,95,137,97" "97,137,95,142,91,146,15,11,148,154"
1245 2 TRUE 0.0483393472961399 2 TRUE 0.10189420923813 TRUE 0.00492549956782753 "154,11,148,15,146,91,142,95,137,97" "97,137,95,142,91,146,15,148,11,154"
1246 1 FALSE 0.0739941570526699 1 FALSE 0.120075070297943 FALSE 0.0088848536097364 "154,11,148,15,146,91,142,95,97,137" "137,97,95,142,91,146,15,11,148,154"
1246 1 FALSE 0.0739941570526699 2 FALSE 0.0851375626571259 TRUE 0.0062996821823329 "154,11,148,15,146,91,142,95,97,137" "137,97,95,142,91,146,15,148,11,154"
1246 2 TRUE 0.050894458277344 1 FALSE 0.143085794049506 FALSE 0.00728227397533322 "154,11,148,15,146,91,142,95,137,97" "97,137,95,142,91,146,15,11,148,154"
1246 2 TRUE 0.050894458277344 2 TRUE 0.101452997079304 TRUE 0.00516339532696413 "154,11,148,15,146,91,142,95,137,97" "97,137,95,142,91,146,15,148,11,154"
1247 1 FALSE 0.0748284037247417 1 FALSE 0.117654357320335 FALSE 0.00880388774954101 "154,11,148,15,146,91,142,95,97,137" "137,97,95,142,91,146,15,11,148,154"
1247 1 FALSE 0.0748284037247417 2 FALSE 0.0833460245304788 TRUE 0.00623664997241889 "154,11,148,15,146,91,142,95,97,137" "137,97,95,142,91,146,15,148,11,154"
1247 2 TRUE 0.0454582552627806 1 FALSE 0.141041353476986 FALSE 0.0064114938489649 "154,11,148,15,146,91,142,95,137,97" "97,137,95,142,91,146,15,11,148,154"
1247 2 TRUE 0.0454582552627806 2 TRUE 0.0999133085628025 TRUE 0.00454188468479684 "154,11,148,15,146,91,142,95,137,97" "97,137,95,142,91,146,15,148,11,154"
1248 1 FALSE 0.077540533872981 1 FALSE 0.116924517882749 FALSE 0.00906638953946925 "154,11,148,15,146,91,142,95,97,137" "137,97,95,142,91,146,15,11,148,154"
1248 1 FALSE 0.077540533872981 2 FALSE 0.0807295134632462 TRUE 0.00625980957324612 "154,11,148,15,146,91,142,95,97,137" "137,97,95,142,91,146,15,148,11,154"
1248 2 TRUE 0.0570925079691401 1 FALSE 0.153831264466834 FALSE 0.0087826126924756 "154,11,148,15,146,91,142,95,137,97" "97,137,95,142,91,146,15,11,148,154"
1248 2 TRUE 0.0570925079691401 2 TRUE 0.106211454712149 TRUE 0.00606387832456734 "154,11,148,15,146,91,142,95,137,97" "97,137,95,142,91,146,15,148,11,154"
1249 1 FALSE 0.0838805431358281 1 FALSE 0.123870911393204 FALSE 0.010390359326392 "154,11,148,15,146,91,142,95,97,137" "137,97,95,142,91,146,15,11,148,154"
1249 1 FALSE 0.0838805431358281 2 FALSE 0.0829870709148193 TRUE 0.00696100058158653 "154,11,148,15,146,91,142,95,97,137" "137,97,95,142,91,146,15,148,11,154"
1249 2 TRUE 0.0512953697371981 1 FALSE 0.141406189246266 FALSE 0.00725348276051542 "154,11,148,15,146,91,142,95,137,97" "97,137,95,142,91,146,15,11,148,154"
1249 2 TRUE 0.0512953697371981 2 TRUE 0.0947347954639985 TRUE 0.00485945636030364 "154,11,148,15,146,91,142,95,137,97" "97,137,95,142,91,146,15,148,11,154"
1250 1 FALSE 0.0811767016985382 1 FALSE 0.125174475743155 FALSE 0.010161251077673 "154,11,148,15,146,91,142,95,97,137" "137,97,95,142,91,146,15,11,148,154"
1250 1 FALSE 0.0811767016985382 2 FALSE 0.0811255340206195 TRUE 0.00658550327532644 "154,11,148,15,146,91,142,95,97,137" "137,97,95,142,91,146,15,148,11,154"
1250 2 TRUE 0.0497207297903546 1 FALSE 0.148258670920853 FALSE 0.00737152931593284 "154,11,148,15,146,91,142,95,137,97" "97,137,95,142,91,146,15,11,148,154"
1250 2 TRUE 0.0497207297903546 2 TRUE 0.0960863928547282 TRUE 0.0047774855756598 "154,11,148,15,146,91,142,95,137,97" "97,137,95,142,91,146,15,148,11,154"
