"expNo" "Rank" "isCorrect" "prob" "verifyRank" "verifyIsCorrect" "verifyProb" "match" "jointProb" "computedSeq" "verifySeq"
1001 1 TRUE 0.102765823609776 1 TRUE 0.166887575965483 TRUE 0.0171503391943319 "154,11,148,15,146,91,142,95,137,97" "97,137,95,142,91,146,15,148,11,154"
1001 1 TRUE 0.102765823609776 2 FALSE 0.124935822107662 FALSE 0.0128391326572584 "154,11,148,15,146,91,142,95,137,97" "97,137,95,142,91,146,15,11,148,154"
1001 2 FALSE 0.0815396333427695 1 FALSE 0.071747752940342 TRUE 0.0058502854679231 "154,11,148,15,146,91,142,95,97,137" "137,97,95,142,91,146,15,148,11,154"
1001 2 FALSE 0.0815396333427695 2 FALSE 0.0537119941141277 FALSE 0.00437965630617497 "154,11,148,15,146,91,142,95,97,137" "137,97,95,142,91,146,15,11,148,154"
1002 1 TRUE 0.0733238092225143 1 TRUE 0.143184163777157 TRUE 0.0104988083084815 "154,11,148,15,146,91,142,95,137,97" "97,137,95,142,91,146,15,148,11,154"
1002 1 TRUE 0.0733238092225143 2 FALSE 0.130306319778907 FALSE 0.00955455573195649 "154,11,148,15,146,91,142,95,137,97" "97,137,95,142,91,146,15,11,148,154"
1002 2 FALSE 0.0723385278475339 1 FALSE 0.0829279759508295 FALSE 0.0059988876976587 "154,11,15,146,91,142,95,137,97,148" "148,11,15,146,91,142,95,137,97,154"
1002 2 FALSE 0.0723385278475339 2 FALSE 0.0604425297353061 FALSE 0.00437232362043283 "154,11,15,146,91,142,95,137,97,148" "148,11,15,146,91,142,95,97,137,NA"
1003 1 TRUE 0.110284865713498 1 TRUE 0.175763055547912 TRUE 0.0193840049784957 "154,11,148,15,146,91,142,95,137,97" "97,137,95,142,91,146,15,148,11,154"
1003 1 TRUE 0.110284865713498 2 FALSE 0.151747276535813 FALSE 0.0167354280151412 "154,11,148,15,146,91,142,95,137,97" "97,137,95,142,91,146,15,11,148,154"
1003 2 FALSE 0.0681991468435197 1 FALSE 0.0765746383763063 TRUE 0.00522232500711514 "154,11,148,15,146,91,142,95,97,137" "137,97,95,142,91,146,15,148,11,154"
1003 2 FALSE 0.0681991468435197 2 FALSE 0.0661116910439217 FALSE 0.00450876092557782 "154,11,148,15,146,91,142,95,97,137" "137,97,95,142,91,146,15,11,148,154"
1004 1 TRUE 0.0855177515456918 1 TRUE 0.155672429562316 TRUE 0.0133127561538244 "154,11,148,15,146,91,142,95,137,97" "97,137,95,142,91,146,15,148,11,154"
1004 1 TRUE 0.0855177515456918 2 FALSE 0.137076905979097 FALSE 0.0117225087881726 "154,11,148,15,146,91,142,95,137,97" "97,137,95,142,91,146,15,11,148,154"
1004 2 FALSE 0.0659995823693809 1 FALSE 0.068580220646186 TRUE 0.00452626592144827 "154,11,148,15,146,91,142,95,97,137" "137,97,95,142,91,146,15,148,11,154"
1004 2 FALSE 0.0659995823693809 2 FALSE 0.0603881142214706 FALSE 0.00398559031869154 "154,11,148,15,146,91,142,95,97,137" "137,97,95,142,91,146,15,11,148,154"
1005 1 FALSE 0.0793780599298233 1 FALSE 0.105298243589062 FALSE 0.00835837029011766 "154,11,15,146,91,142,95,137,97,148" "148,11,15,146,91,142,95,137,97,154"
1005 1 FALSE 0.0793780599298233 2 FALSE 0.0756511652969957 FALSE 0.00600504273270589 "154,11,15,146,91,142,95,137,97,148" "148,11,15,146,91,142,95,97,137,NA"
1005 2 TRUE 0.0786567067734189 1 TRUE 0.151135163291869 TRUE 0.0118877942222013 "154,11,148,15,146,91,142,95,137,97" "97,137,95,142,91,146,15,148,11,154"
1005 2 TRUE 0.0786567067734189 2 FALSE 0.108600156844629 FALSE 0.00854213069247526 "154,11,148,15,146,91,142,95,137,97" "97,137,95,142,91,146,15,11,148,154"
1006 1 TRUE 0.098935866715697 1 TRUE 0.124305301857891 TRUE 0.0122982527766668 "154,11,148,15,146,91,142,95,137,97" "97,137,95,142,91,146,15,148,11,154"
1006 1 TRUE 0.098935866715697 2 FALSE 0.108267786501758 FALSE 0.0107115672949415 "154,11,148,15,146,91,142,95,137,97" "97,137,95,142,91,146,15,11,148,154"
1006 2 FALSE 0.0666741710475349 1 FALSE 0.0553171321511439 TRUE 0.00368822393090446 "154,11,148,15,146,91,142,95,97,137" "137,97,95,142,91,146,15,148,11,154"
1006 2 FALSE 0.0666741710475349 2 FALSE 0.0481802736014948 FALSE 0.00321237980322309 "154,11,148,15,146,91,142,95,97,137" "137,97,95,142,91,146,15,11,148,154"
1007 1 TRUE 0.0855002442065094 1 TRUE 0.143754853491268 TRUE 0.0122910750793744 "154,11,148,15,146,91,142,95,137,97" "97,137,95,142,91,146,15,148,11,154"
1007 1 TRUE 0.0855002442065094 2 FALSE 0.111499946241502 FALSE 0.00953327263266107 "154,11,148,15,146,91,142,95,137,97" "97,137,95,142,91,146,15,11,148,154"
1007 2 FALSE 0.0587436971960017 1 FALSE 0.0644949384192483 TRUE 0.0037886711331751 "154,11,148,15,146,91,142,95,97,137" "137,97,95,142,91,146,15,148,11,154"
1007 2 FALSE 0.0587436971960017 2 FALSE 0.0500239260932637 FALSE 0.00293859036697785 "154,11,148,15,146,91,142,95,97,137" "137,97,95,142,91,146,15,11,148,154"
1008 1 TRUE 0.0706754083476142 1 TRUE 0.152886687391507 TRUE 0.0108053290623088 "154,11,148,15,146,91,142,95,137,97" "97,137,95,142,91,146,15,148,11,154"
1008 1 TRUE 0.0706754083476142 2 FALSE 0.123275302440358 FALSE 0.00871253233914797 "154,11,148,15,146,91,142,95,137,97" "97,137,95,142,91,146,15,11,148,154"
1008 2 FALSE 0.0682967985772114 1 FALSE 0.0732928383486688 FALSE 0.00500566621785115 "154,11,15,146,91,142,95,137,97,148" "148,11,15,146,91,142,95,137,97,154"
1008 2 FALSE 0.0682967985772114 2 FALSE 0.0700486409258666 FALSE 0.00478409791992131 "154,11,15,146,91,142,95,137,97,148" "148,15,146,91,142,95,137,97,11,154"
1009 1 TRUE 0.0725413498013663 1 TRUE 0.124067763368774 TRUE 0.00900004302160739 "154,11,148,15,146,91,142,95,137,97" "97,137,95,142,91,146,15,148,11,154"
1009 1 TRUE 0.0725413498013663 2 FALSE 0.121144037426017 FALSE 0.00878795199527051 "154,11,148,15,146,91,142,95,137,97" "97,137,95,142,91,146,15,11,148,154"
1009 2 FALSE 0.0472949403577353 1 FALSE 0.0527024016511733 TRUE 0.00249255694280165 "154,11,148,15,146,91,142,95,97,137" "137,97,95,142,91,146,15,148,11,154"
1009 2 FALSE 0.0472949403577353 2 FALSE 0.0514604402039024 FALSE 0.00243381845022637 "154,11,148,15,146,91,142,95,97,137" "137,97,95,142,91,146,15,11,148,154"
1010 1 TRUE 0.0711646423535109 1 TRUE 0.159333341105666 TRUE 0.0113389002347746 "154,11,148,15,146,91,142,95,137,97" "97,137,95,142,91,146,15,148,11,154"
1010 1 TRUE 0.0711646423535109 2 FALSE 0.146105500283901 FALSE 0.0103975456735846 "154,11,148,15,146,91,142,95,137,97" "97,137,95,142,91,146,15,11,148,154"
1010 2 FALSE 0.0706394033446791 1 FALSE 0.0921311494999405 FALSE 0.00650808943013523 "154,11,15,146,91,142,95,137,97,148" "148,11,15,146,91,142,95,137,97,154"
1010 2 FALSE 0.0706394033446791 2 FALSE 0.0607131538179332 FALSE 0.00428874096087252 "154,11,15,146,91,142,95,137,97,148" "148,11,15,146,91,142,95,97,137,NA"
1011 1 TRUE 0.104561093496241 1 TRUE 0.131192447178372 TRUE 0.0137176257354184 "154,11,148,15,146,91,142,95,137,97" "97,137,95,142,91,146,15,148,11,154"
1011 1 TRUE 0.104561093496241 2 FALSE 0.124057281295236 FALSE 0.0129715649884007 "154,11,148,15,146,91,142,95,137,97" "97,137,95,142,91,146,15,11,148,154"
1011 2 FALSE 0.0651086438668722 1 FALSE 0.0643279133928862 TRUE 0.00418830320379642 "154,11,148,15,146,91,142,95,97,137" "137,97,95,142,91,146,15,148,11,154"
1011 2 FALSE 0.0651086438668722 2 FALSE 0.0608293100597983 FALSE 0.00396051388535095 "154,11,148,15,146,91,142,95,97,137" "137,97,95,142,91,146,15,11,148,154"
1012 1 TRUE 0.0868491432926051 1 FALSE 0.194771780555308 FALSE 0.0169157622788038 "154,11,148,15,146,91,142,95,137,97" "97,137,95,142,91,146,15,11,148,154"
1012 1 TRUE 0.0868491432926051 2 TRUE 0.173885942917527 TRUE 0.015101845173014 "154,11,148,15,146,91,142,95,137,97" "97,137,95,142,91,146,15,148,11,154"
1012 2 FALSE 0.0561025500349932 1 FALSE 0.0884261450428232 FALSE 0.00496093222666655 "154,11,148,15,146,91,142,95,97,137" "137,97,95,142,91,146,15,11,148,154"
1012 2 FALSE 0.0561025500349932 2 FALSE 0.078944000848044 TRUE 0.00442895975753993 "154,11,148,15,146,91,142,95,97,137" "137,97,95,142,91,146,15,148,11,154"
1013 1 TRUE 0.120555617911594 1 FALSE 0.196430821544513 FALSE 0.0236808390681808 "154,11,148,15,146,91,142,95,137,97" "97,137,95,142,91,146,15,11,148,154"
1013 1 TRUE 0.120555617911594 2 TRUE 0.179156587603936 TRUE 0.0215983331215251 "154,11,148,15,146,91,142,95,137,97" "97,137,95,142,91,146,15,148,11,154"
1013 2 FALSE 0.083656585326503 1 FALSE 0.0932134524125516 FALSE 0.00779791913532855 "154,11,148,15,146,91,142,95,97,137" "137,97,95,142,91,146,15,11,148,154"
1013 2 FALSE 0.083656585326503 2 FALSE 0.0850162103976656 TRUE 0.00711216585926824 "154,11,148,15,146,91,142,95,97,137" "137,97,95,142,91,146,15,148,11,154"
1014 1 TRUE 0.106662126545915 1 FALSE 0.148911683146094 FALSE 0.0158832367918938 "154,11,148,15,146,91,142,95,137,97" "97,137,95,142,91,146,15,11,148,154"
1014 1 TRUE 0.106662126545915 2 TRUE 0.135726259808328 TRUE 0.0144768514992796 "154,11,148,15,146,91,142,95,137,97" "97,137,95,142,91,146,15,148,11,154"
1014 2 FALSE 0.0695733775071676 1 FALSE 0.0685243157159127 FALSE 0.00476746808572353 "154,11,148,15,146,91,142,95,97,137" "137,97,95,142,91,146,15,11,148,154"
1014 2 FALSE 0.0695733775071676 2 FALSE 0.0624568125317696 TRUE 0.0043453313961672 "154,11,148,15,146,91,142,95,97,137" "137,97,95,142,91,146,15,148,11,154"
1015 1 TRUE 0.125181067672716 1 FALSE 0.149820617921139 FALSE 0.0187547049107543 "154,11,148,15,146,91,142,95,137,97" "97,137,95,142,91,146,15,11,148,154"
1015 1 TRUE 0.125181067672716 2 TRUE 0.144791674102807 TRUE 0.0181251763543094 "154,11,148,15,146,91,142,95,137,97" "97,137,95,142,91,146,15,148,11,154"
1015 2 FALSE 0.0771230485891678 1 FALSE 0.064645062148799 FALSE 0.0049856242691516 "154,11,148,15,146,91,142,95,97,137" "137,97,95,142,91,146,15,11,148,154"
1015 2 FALSE 0.0771230485891678 2 FALSE 0.0624751579647834 TRUE 0.00481827464333392 "154,11,148,15,146,91,142,95,97,137" "137,97,95,142,91,146,15,148,11,154"
1016 1 TRUE 0.107404350938702 1 FALSE 0.154908652120586 FALSE 0.0166378632358008 "154,11,148,15,146,91,142,95,137,97" "97,137,95,142,91,146,15,11,148,154"
1016 1 TRUE 0.107404350938702 2 TRUE 0.122505596242026 TRUE 0.0131576340507335 "154,11,148,15,146,91,142,95,137,97" "97,137,95,142,91,146,15,148,11,154"
1016 2 FALSE 0.072184153262641 1 FALSE 0.154908652120586 FALSE 0.0111819498863815 "154,11,148,15,146,142,91,95,137,97" "97,137,95,142,91,146,15,11,148,154"
1016 2 FALSE 0.072184153262641 2 TRUE 0.122505596242026 FALSE 0.00884296273466561 "154,11,148,15,146,142,91,95,137,97" "97,137,95,142,91,146,15,148,11,154"
1017 1 TRUE 0.0889823992207242 1 FALSE 0.143644148613766 FALSE 0.0127818009776712 "154,11,148,15,146,91,142,95,137,97" "97,137,95,142,91,146,15,11,148,154"
1017 1 TRUE 0.0889823992207242 2 TRUE 0.136661252477179 TRUE 0.0121604461259285 "154,11,148,15,146,91,142,95,137,97" "97,137,95,142,91,146,15,148,11,154"
1017 2 FALSE 0.0794856130705886 1 FALSE 0.112919983972372 FALSE 0.00897551415396507 "154,11,15,146,91,142,95,137,97,148" "148,11,15,146,91,142,95,137,97,154"
1017 2 FALSE 0.0794856130705886 2 FALSE 0.0852435173124773 FALSE 0.00677563323387559 "154,11,15,146,91,142,95,137,97,148" "148,11,15,146,91,142,95,97,137,NA"
1018 1 TRUE 0.10776738832396 1 FALSE 0.160356863352041 FALSE 0.0172812403632716 "154,11,148,15,146,91,142,95,137,97" "97,137,95,142,91,146,15,11,148,154"
1018 1 TRUE 0.10776738832396 2 TRUE 0.158054392940407 TRUE 0.0170331091403166 "154,11,148,15,146,91,142,95,137,97" "97,137,95,142,91,146,15,148,11,154"
1018 2 FALSE 0.0804152593077266 1 FALSE 0.0739797673869743 FALSE 0.00594910217794883 "154,11,148,15,146,91,142,95,97,137" "137,97,95,142,91,146,15,11,148,154"
1018 2 FALSE 0.0804152593077266 2 FALSE 0.0729175351762198 TRUE 0.00586368249927599 "154,11,148,15,146,91,142,95,97,137" "137,97,95,142,91,146,15,148,11,154"
1019 1 TRUE 0.162423972052494 1 TRUE 0.193545559080794 TRUE 0.0314364384790232 "154,11,148,15,146,91,142,95,137,97" "97,137,95,142,91,146,15,148,11,154"
1019 1 TRUE 0.162423972052494 2 FALSE 0.166332997253562 FALSE 0.0270164660973202 "154,11,148,15,146,91,142,95,137,97" "97,137,95,142,91,146,15,11,148,154"
1019 2 FALSE 0.106757540316193 1 FALSE 0.0850855827174957 TRUE 0.00908352752728986 "154,11,148,15,146,91,142,95,97,137" "137,97,95,142,91,146,15,148,11,154"
1019 2 FALSE 0.106757540316193 2 FALSE 0.073122525072038 FALSE 0.00780638091839996 "154,11,148,15,146,91,142,95,97,137" "137,97,95,142,91,146,15,11,148,154"
1020 1 TRUE 0.10281968925225 1 TRUE 0.16209097593589 TRUE 0.0166661437763221 "154,11,148,15,146,91,142,95,137,97" "97,137,95,142,91,146,15,148,11,154"
1020 1 TRUE 0.10281968925225 2 FALSE 0.148079859081066 FALSE 0.0152255250952322 "154,11,148,15,146,91,142,95,137,97" "97,137,95,142,91,146,15,11,148,154"
1020 2 FALSE 0.0760967502139177 1 FALSE 0.0742741593184438 TRUE 0.00565202214900435 "154,11,148,15,146,91,142,95,97,137" "137,97,95,142,91,146,15,148,11,154"
1020 2 FALSE 0.0760967502139177 2 FALSE 0.0678539134071841 FALSE 0.00516346229958329 "154,11,148,15,146,91,142,95,97,137" "137,97,95,142,91,146,15,11,148,154"
1021 1 TRUE 0.116990429845848 1 FALSE 0.169093008451834 FALSE 0.0197822637427076 "154,11,148,15,146,91,142,95,137,97" "97,137,95,142,91,146,15,11,148,154"
1021 1 TRUE 0.116990429845848 2 TRUE 0.154874810978088 TRUE 0.0181188707086209 "154,11,148,15,146,91,142,95,137,97" "97,137,95,142,91,146,15,148,11,154"
1021 2 FALSE 0.0692019283686376 1 FALSE 0.0735375320915503 FALSE 0.00508893902820585 "154,11,148,15,146,91,142,95,97,137" "137,97,95,142,91,146,15,11,148,154"
1021 2 FALSE 0.0692019283686376 2 FALSE 0.0673541235486275 TRUE 0.00466103523314448 "154,11,148,15,146,91,142,95,97,137" "137,97,95,142,91,146,15,148,11,154"
1022 1 TRUE 0.164570875142355 1 FALSE 0.1895743121713 FALSE 0.0311984104585408 "154,11,148,15,146,91,142,95,137,97" "97,137,95,142,91,146,15,11,148,154"
1022 1 TRUE 0.164570875142355 2 TRUE 0.160311105742683 TRUE 0.026382538967112 "154,11,148,15,146,91,142,95,137,97" "97,137,95,142,91,146,15,148,11,154"
1022 2 FALSE 0.116120568835238 1 FALSE 0.0813254767692263 FALSE 0.0094435606232395 "154,11,148,15,146,91,142,95,97,137" "137,97,95,142,91,146,15,11,148,154"
1022 2 FALSE 0.116120568835238 2 FALSE 0.068771854987109 TRUE 0.00798582692095761 "154,11,148,15,146,91,142,95,97,137" "137,97,95,142,91,146,15,148,11,154"
1023 1 TRUE 0.116082505944105 1 FALSE 0.203091123025512 FALSE 0.023575326495804 "154,11,148,15,146,91,142,95,137,97" "97,137,95,142,91,146,15,11,148,154"
1023 1 TRUE 0.116082505944105 2 TRUE 0.178743638874511 TRUE 0.0207490095221215 "154,11,148,15,146,91,142,95,137,97" "97,137,95,142,91,146,15,148,11,154"
1023 2 FALSE 0.0822005562396075 1 FALSE 0.0979394139921411 FALSE 0.00805067430793519 "154,11,148,15,146,91,142,95,97,137" "137,97,95,142,91,146,15,11,148,154"
1023 2 FALSE 0.0822005562396075 2 FALSE 0.0861979932229407 TRUE 0.00708552298966364 "154,11,148,15,146,91,142,95,97,137" "137,97,95,142,91,146,15,148,11,154"
1024 1 TRUE 0.098627821963969 1 FALSE 0.144724101052519 FALSE 0.0142738228725033 "154,11,148,15,146,91,142,95,137,97" "97,137,95,142,91,146,15,11,148,154"
1024 1 TRUE 0.098627821963969 2 TRUE 0.125112211976317 TRUE 0.0123395449683185 "154,11,148,15,146,91,142,95,137,97" "97,137,95,142,91,146,15,148,11,154"
1024 2 FALSE 0.0724135850735457 1 FALSE 0.088691438970214 FALSE 0.00642246506116477 "154,11,148,15,146,91,142,95,97,137" "137,97,95,142,91,146,15,11,148,154"
1024 2 FALSE 0.0724135850735457 2 FALSE 0.076672662205027 TRUE 0.00555214234739895 "154,11,148,15,146,91,142,95,97,137" "137,97,95,142,91,146,15,148,11,154"
1025 1 TRUE 0.0742974461421066 1 FALSE 0.133049133673281 FALSE 0.00988521084334451 "154,11,148,15,146,91,142,95,137,97" "97,137,95,142,91,146,15,11,148,154"
1025 1 TRUE 0.0742974461421066 2 TRUE 0.124373004265091 TRUE 0.00924059658591757 "154,11,148,15,146,91,142,95,137,97" "97,137,95,142,91,146,15,148,11,154"
1025 2 FALSE 0.0589048146740095 1 FALSE 0.133049133673281 FALSE 0.0078372345615621 "154,11,15,148,146,91,142,95,137,97" "97,137,95,142,91,146,15,11,148,154"
1025 2 FALSE 0.0589048146740095 2 TRUE 0.124373004265091 FALSE 0.00732616876668495 "154,11,15,148,146,91,142,95,137,97" "97,137,95,142,91,146,15,148,11,154"
1026 1 TRUE 0.124106276165245 1 TRUE 0.15087875169069 TRUE 0.0187250000247922 "154,11,148,15,146,91,142,95,137,97" "97,137,95,142,91,146,15,148,11,154"
1026 1 TRUE 0.124106276165245 2 FALSE 0.150355795040622 FALSE 0.0186600978223564 "154,11,148,15,146,91,142,95,137,97" "97,137,95,142,91,146,15,11,148,154"
1026 2 FALSE 0.047674971941527 1 FALSE 0.0839825164897276 TRUE 0.00400386411722659 "154,11,148,15,146,91,142,95,97,137" "137,97,95,142,91,146,15,148,11,154"
1026 2 FALSE 0.047674971941527 2 FALSE 0.0836914270222206 FALSE 0.00398998643503072 "154,11,148,15,146,91,142,95,97,137" "137,97,95,142,91,146,15,11,148,154"
1027 1 TRUE 0.127312857536226 1 FALSE 0.198516086399994 FALSE 0.0252736502264916 "154,11,148,15,146,91,142,95,137,97" "97,137,95,142,91,146,15,11,148,154"
1027 1 TRUE 0.127312857536226 2 TRUE 0.173994723214621 TRUE 0.0221517654086781 "154,11,148,15,146,91,142,95,137,97" "97,137,95,142,91,146,15,148,11,154"
1027 2 FALSE 0.0511876437516785 1 FALSE 0.0976571182366211 FALSE 0.0049988377781117 "154,11,148,15,146,91,142,95,97,137" "137,97,95,142,91,146,15,11,148,154"
1027 2 FALSE 0.0511876437516785 2 FALSE 0.0855941881872544 TRUE 0.0043813648121433 "154,11,148,15,146,91,142,95,97,137" "137,97,95,142,91,146,15,148,11,154"
1028 1 TRUE 0.108146962270335 1 FALSE 0.169504747416603 FALSE 0.0183314235235061 "154,11,148,15,146,91,142,95,137,97" "97,137,95,142,91,146,15,11,148,154"
1028 1 TRUE 0.108146962270335 2 TRUE 0.158412416142237 TRUE 0.0171318215916872 "154,11,148,15,146,91,142,95,137,97" "97,137,95,142,91,146,15,148,11,154"
1028 2 FALSE 0.0564621025563126 1 FALSE 0.169504747416603 FALSE 0.0095705944324181 "154,11,15,148,146,91,142,95,137,97" "97,137,95,142,91,146,15,11,148,154"
1028 2 FALSE 0.0564621025563126 2 TRUE 0.158412416142237 FALSE 0.00894429808641625 "154,11,15,148,146,91,142,95,137,97" "97,137,95,142,91,146,15,148,11,154"
1029 1 TRUE 0.106589003531173 1 TRUE 0.164361911423282 TRUE 0.0175191723570865 "154,11,148,15,146,91,142,95,137,97" "97,137,95,142,91,146,15,148,11,154"
1029 1 TRUE 0.106589003531173 2 FALSE 0.131944140816007 FALSE 0.0140637944913549 "154,11,148,15,146,91,142,95,137,97" "97,137,95,142,91,146,15,11,148,154"
1029 2 FALSE 0.0526283204935166 1 FALSE 0.104989369744142 TRUE 0.00552541419930701 "154,11,148,15,146,91,142,95,97,137" "137,97,95,142,91,146,15,148,11,154"
1029 2 FALSE 0.0526283204935166 2 FALSE 0.0842818878519238 FALSE 0.00443561420566967 "154,11,148,15,146,91,142,95,97,137" "137,97,95,142,91,146,15,11,148,154"
1030 1 TRUE 0.108929860591741 1 TRUE 0.191247552193825 TRUE 0.0208325691989851 "154,11,148,15,146,91,142,95,137,97" "97,137,95,142,91,146,15,148,11,154"
1030 1 TRUE 0.108929860591741 2 FALSE 0.161783267199097 FALSE 0.017623028742074 "154,11,148,15,146,91,142,95,137,97" "97,137,95,142,91,146,15,11,148,154"
1030 2 FALSE 0.050328353311374 1 FALSE 0.107258623941758 TRUE 0.00539814992143257 "154,11,148,15,146,91,142,95,97,137" "137,97,95,142,91,146,15,148,11,154"
1030 2 FALSE 0.050328353311374 2 FALSE 0.0907339749843714 FALSE 0.00456649155035881 "154,11,148,15,146,91,142,95,97,137" "137,97,95,142,91,146,15,11,148,154"
1031 1 TRUE 0.0987375437070201 1 TRUE 0.178244800088775 TRUE 0.0175994537393145 "154,11,148,15,146,91,142,95,137,97" "97,137,95,142,91,146,15,148,11,154"
1031 1 TRUE 0.0987375437070201 2 FALSE 0.139631049572739 FALSE 0.0137868268600454 "154,11,148,15,146,91,142,95,137,97" "97,137,95,142,91,146,15,11,148,154"
1031 2 FALSE 0.0496914435649709 1 FALSE 0.107085241913644 TRUE 0.00532122025519309 "154,11,148,15,146,91,142,95,97,137" "137,97,95,142,91,146,15,148,11,154"
1031 2 FALSE 0.0496914435649709 2 FALSE 0.0838870178243948 FALSE 0.00416846701205463 "154,11,148,15,146,91,142,95,97,137" "137,97,95,142,91,146,15,11,148,154"
1032 1 TRUE 0.0959379822066703 1 TRUE 0.183389626275761 TRUE 0.0175940307025318 "154,11,148,15,146,91,142,95,137,97" "97,137,95,142,91,146,15,148,11,154"
1032 1 TRUE 0.0959379822066703 2 FALSE 0.161089846293444 FALSE 0.0154546348073757 "154,11,148,15,146,91,142,95,137,97" "97,137,95,142,91,146,15,11,148,154"
1032 2 FALSE 0.0466616601089046 1 FALSE 0.109919210048696 TRUE 0.00512901281873157 "154,11,148,15,146,91,142,95,97,137" "137,97,95,142,91,146,15,148,11,154"
1032 2 FALSE 0.0466616601089046 2 FALSE 0.0965532730014711 FALSE 0.00450533600719692 "154,11,148,15,146,91,142,95,97,137" "137,97,95,142,91,146,15,11,148,154"
1033 1 TRUE 0.100225753871248 1 TRUE 0.168872841870652 TRUE 0.0169254078848661 "154,11,148,15,146,91,142,95,137,97" "97,137,95,142,91,146,15,148,11,154"
1033 1 TRUE 0.100225753871248 2 FALSE 0.139855564210137 FALSE 0.0140171293560497 "154,11,148,15,146,91,142,95,137,97" "97,137,95,142,91,146,15,11,148,154"
1033 2 FALSE 0.0480248403966395 1 FALSE 0.096686763087292 TRUE 0.0046433663657349 "154,11,148,15,146,91,142,95,97,137" "137,97,95,142,91,146,15,148,11,154"
1033 2 FALSE 0.0480248403966395 2 FALSE 0.0800731583209952 FALSE 0.00384550064842065 "154,11,148,15,146,91,142,95,97,137" "137,97,95,142,91,146,15,11,148,154"
1034 1 TRUE 0.0883136391605707 1 TRUE 0.1456169333749 TRUE 0.0128599613097398 "154,11,148,15,146,91,142,95,137,97" "97,137,95,142,91,146,15,148,11,154"
1034 1 TRUE 0.0883136391605707 2 FALSE 0.117657708524075 FALSE 0.0103907804150547 "154,11,148,15,146,91,142,95,137,97" "97,137,95,142,91,146,15,11,148,154"
1034 2 FALSE 0.0430939639667555 1 FALSE 0.0905104130693814 TRUE 0.00390045247942808 "154,11,148,15,146,91,142,95,97,137" "137,97,95,142,91,146,15,148,11,154"
1034 2 FALSE 0.0430939639667555 2 FALSE 0.0731319328906188 FALSE 0.00315154488080751 "154,11,148,15,146,91,142,95,97,137" "137,97,95,142,91,146,15,11,148,154"
1035 1 TRUE 0.0997626432241863 1 TRUE 0.168537981030374 TRUE 0.0168137944712579 "154,11,148,15,146,91,142,95,137,97" "97,137,95,142,91,146,15,148,11,154"
1035 1 TRUE 0.0997626432241863 2 FALSE 0.13589362415694 FALSE 0.0135571071432105 "154,11,148,15,146,91,142,95,137,97" "97,137,95,142,91,146,15,11,148,154"
1035 2 FALSE 0.045516705971035 1 FALSE 0.103651808609543 TRUE 0.00471788889584656 "154,11,148,15,146,91,142,95,97,137" "137,97,95,142,91,146,15,148,11,154"
1035 2 FALSE 0.045516705971035 2 FALSE 0.0835753450721222 FALSE 0.00380407440807558 "154,11,148,15,146,91,142,95,97,137" "137,97,95,142,91,146,15,11,148,154"
1036 1 TRUE 0.0832218423952224 1 TRUE 0.173276209811462 TRUE 0.014420365423771 "154,11,148,15,146,91,142,95,137,97" "97,137,95,142,91,146,15,148,11,154"
1036 1 TRUE 0.0832218423952224 2 FALSE 0.138316592844987 FALSE 0.0115109616903896 "154,11,148,15,146,91,142,95,137,97" "97,137,95,142,91,146,15,11,148,154"
1036 2 FALSE 0.0457363793800584 1 TRUE 0.173276209811462 FALSE 0.00792502646947564 "154,11,15,148,146,91,142,95,137,97" "97,137,95,142,91,146,15,148,11,154"
1036 2 FALSE 0.0457363793800584 2 FALSE 0.138316592844987 FALSE 0.00632610016491538 "154,11,15,148,146,91,142,95,137,97" "97,137,95,142,91,146,15,11,148,154"
1037 1 TRUE 0.0920003041482415 1 TRUE 0.169155557081712 TRUE 0.0155623626998828 "154,11,148,15,146,91,142,95,137,97" "97,137,95,142,91,146,15,148,11,154"
1037 1 TRUE 0.0920003041482415 2 FALSE 0.144663063715976 FALSE 0.0133090458608862 "154,11,148,15,146,91,142,95,137,97" "97,137,95,142,91,146,15,11,148,154"
1037 2 FALSE 0.0423584733682528 1 FALSE 0.104359590296367 TRUE 0.00442051292629045 "154,11,148,15,146,91,142,95,97,137" "137,97,95,142,91,146,15,148,11,154"
1037 2 FALSE 0.0423584733682528 2 FALSE 0.0892490812650261 FALSE 0.00378045483190564 "154,11,148,15,146,91,142,95,97,137" "137,97,95,142,91,146,15,11,148,154"
1038 1 TRUE 0.0944389292733394 1 TRUE 0.186144883493352 TRUE 0.0175793234868227 "154,11,148,15,146,91,142,95,137,97" "97,137,95,142,91,146,15,148,11,154"
1038 1 TRUE 0.0944389292733394 2 FALSE 0.155659160899216 FALSE 0.0147002844869084 "154,11,148,15,146,91,142,95,137,97" "97,137,95,142,91,146,15,11,148,154"
1038 2 FALSE 0.0457407757649577 1 FALSE 0.103820208644996 TRUE 0.00474881688350189 "154,11,148,15,146,91,142,95,97,137" "137,97,95,142,91,146,15,148,11,154"
1038 2 FALSE 0.0457407757649577 2 FALSE 0.0868171408140733 FALSE 0.00397108337053128 "154,11,148,15,146,91,142,95,97,137" "137,97,95,142,91,146,15,11,148,154"
1039 1 TRUE 0.0892858772910943 1 TRUE 0.18136942829048 TRUE 0.0161937285186997 "154,11,148,15,146,91,142,95,137,97" "97,137,95,142,91,146,15,148,11,154"
1039 1 TRUE 0.0892858772910943 2 FALSE 0.154571907872737 FALSE 0.0138010883989755 "154,11,148,15,146,91,142,95,137,97" "97,137,95,142,91,146,15,11,148,154"
1039 2 FALSE 0.0466448641453475 1 FALSE 0.116709200138524 TRUE 0.00544388478497362 "154,11,148,15,146,91,142,95,97,137" "137,97,95,142,91,146,15,148,11,154"
1039 2 FALSE 0.0466448641453475 2 FALSE 0.0994652952360861 FALSE 0.00463954518346411 "154,11,148,15,146,91,142,95,97,137" "137,97,95,142,91,146,15,11,148,154"
1040 1 TRUE 0.0948629620477904 1 TRUE 0.192346967566469 TRUE 0.0182466030842655 "154,11,148,15,146,91,142,95,137,97" "97,137,95,142,91,146,15,148,11,154"
1040 1 TRUE 0.0948629620477904 2 FALSE 0.150685865593038 FALSE 0.0142945075488908 "154,11,148,15,146,91,142,95,137,97" "97,137,95,142,91,146,15,11,148,154"
1040 2 FALSE 0.0425794088523485 1 FALSE 0.109801785138367 TRUE 0.00467529510212427 "154,11,148,15,146,91,142,95,97,137" "137,97,95,142,91,146,15,148,11,154"
1040 2 FALSE 0.0425794088523485 2 FALSE 0.086019432729128 FALSE 0.00366265659542063 "154,11,148,15,146,91,142,95,97,137" "137,97,95,142,91,146,15,11,148,154"
1041 1 TRUE 0.0916127025651684 1 TRUE 0.167458966606917 TRUE 0.01534136849963 "154,11,148,15,146,91,142,95,137,97" "97,137,95,142,91,146,15,148,11,154"
1041 1 TRUE 0.0916127025651684 2 FALSE 0.134261807420527 FALSE 0.0123000870290787 "154,11,148,15,146,91,142,95,137,97" "97,137,95,142,91,146,15,11,148,154"
1041 2 FALSE 0.0476802474714172 1 FALSE 0.098519146617721 TRUE 0.00469741729140577 "154,11,148,15,146,91,142,95,97,137" "137,97,95,142,91,146,15,148,11,154"
1041 2 FALSE 0.0476802474714172 2 FALSE 0.0789886558984459 FALSE 0.00376619866067252 "154,11,148,15,146,91,142,95,97,137" "137,97,95,142,91,146,15,11,148,154"
1042 1 TRUE 0.0983243254112767 1 TRUE 0.210062111156646 TRUE 0.0206542153739458 "154,11,148,15,146,91,142,95,137,97" "97,137,95,142,91,146,15,148,11,154"
1042 1 TRUE 0.0983243254112767 2 FALSE 0.165408478526932 FALSE 0.0162636770684662 "154,11,148,15,146,91,142,95,137,97" "97,137,95,142,91,146,15,11,148,154"
1042 2 FALSE 0.0484965241390243 1 FALSE 0.104256624670422 TRUE 0.00505608391498234 "154,11,148,15,146,91,142,95,97,137" "137,97,95,142,91,146,15,148,11,154"
1042 2 FALSE 0.0484965241390243 2 FALSE 0.0820944318236819 FALSE 0.00398129459461667 "154,11,148,15,146,91,142,95,97,137" "137,97,95,142,91,146,15,11,148,154"
1043 1 TRUE 0.0951857731618436 1 TRUE 0.160604694271479 TRUE 0.0152872819976522 "154,11,148,15,146,91,142,95,137,97" "97,137,95,142,91,146,15,148,11,154"
1043 1 TRUE 0.0951857731618436 2 FALSE 0.150751171294446 FALSE 0.0143493667947153 "154,11,148,15,146,91,142,95,137,97" "97,137,95,142,91,146,15,11,148,154"
1043 2 FALSE 0.0633768565609237 1 FALSE 0.100150319557045 TRUE 0.00634721243709749 "154,11,148,15,146,91,142,95,97,137" "137,97,95,142,91,146,15,148,11,154"
1043 2 FALSE 0.0633768565609237 2 FALSE 0.094005832439847 FALSE 0.00595779415843041 "154,11,148,15,146,91,142,95,97,137" "137,97,95,142,91,146,15,11,148,154"
1044 1 TRUE 0.0947126223412016 1 TRUE 0.171743371058305 TRUE 0.0162662650426501 "154,11,148,15,146,91,142,95,137,97" "97,137,95,142,91,146,15,148,11,154"
1044 1 TRUE 0.0947126223412016 2 FALSE 0.139067724984703 FALSE 0.0131714689163262 "154,11,148,15,146,91,142,95,137,97" "97,137,95,142,91,146,15,11,148,154"
1044 2 FALSE 0.0726983371483817 1 FALSE 0.0940163165891084 TRUE 0.006834829880844 "154,11,148,15,146,91,142,95,97,137" "137,97,95,142,91,146,15,148,11,154"
1044 2 FALSE 0.0726983371483817 2 FALSE 0.0761289077937697 FALSE 0.00553444500552953 "154,11,148,15,146,91,142,95,97,137" "137,97,95,142,91,146,15,11,148,154"
1045 1 TRUE 0.0828086991572615 1 TRUE 0.17264136854345 TRUE 0.0142962071498125 "154,11,148,15,146,91,142,95,137,97" "97,137,95,142,91,146,15,148,11,154"
1045 1 TRUE 0.0828086991572615 2 FALSE 0.144611471707512 FALSE 0.0119750878553162 "154,11,148,15,146,91,142,95,137,97" "97,137,95,142,91,146,15,11,148,154"
1045 2 FALSE 0.0581422781316942 1 FALSE 0.0852521182507961 TRUE 0.00495675237065388 "154,11,148,15,146,91,142,95,97,137" "137,97,95,142,91,146,15,148,11,154"
1045 2 FALSE 0.0581422781316942 2 FALSE 0.0714106612479016 FALSE 0.00415197852784369 "154,11,148,15,146,91,142,95,97,137" "137,97,95,142,91,146,15,11,148,154"
1046 1 FALSE 0.100577589388514 1 FALSE 0.0886090453702484 TRUE 0.00891208418135708 "154,11,148,15,146,91,142,95,97,137" "137,97,95,142,91,146,15,148,11,154"
1046 1 FALSE 0.100577589388514 2 FALSE 0.0669441967768556 FALSE 0.0067330859353665 "154,11,148,15,146,91,142,95,97,137" "137,97,95,142,91,146,15,11,148,154"
1046 2 TRUE 0.0978592761617978 1 TRUE 0.143146021704586 TRUE 0.0140081660694518 "154,11,148,15,146,91,142,95,137,97" "97,137,95,142,91,146,15,148,11,154"
1046 2 TRUE 0.0978592761617978 2 FALSE 0.108146921172377 FALSE 0.0105831794250558 "154,11,148,15,146,91,142,95,137,97" "97,137,95,142,91,146,15,11,148,154"
1047 1 TRUE 0.0848034455571244 1 TRUE 0.13893958898379 TRUE 0.0117825558701161 "154,11,148,15,146,91,142,95,137,97" "97,137,95,142,91,146,15,148,11,154"
1047 1 TRUE 0.0848034455571244 2 FALSE 0.136466323019582 FALSE 0.0115728143945721 "154,11,148,15,146,91,142,95,137,97" "97,137,95,142,91,146,15,11,148,154"
1047 2 FALSE 0.0676646914681518 1 FALSE 0.085334219144713 TRUE 0.00577411361010266 "154,11,148,15,146,91,142,95,97,137" "137,97,95,142,91,146,15,148,11,154"
1047 2 FALSE 0.0676646914681518 2 FALSE 0.0838151832720968 FALSE 0.00567132851645303 "154,11,148,15,146,91,142,95,97,137" "137,97,95,142,91,146,15,11,148,154"
1048 1 TRUE 0.099634394033834 1 FALSE 0.14295934003657 FALSE 0.0142436672160205 "154,11,148,15,146,91,142,95,137,97" "97,137,95,142,91,146,15,11,148,154"
1048 1 TRUE 0.099634394033834 2 TRUE 0.128981212767542 TRUE 0.0128509649758431 "154,11,148,15,146,91,142,95,137,97" "97,137,95,142,91,146,15,148,11,154"
1048 2 FALSE 0.0850664408591742 1 FALSE 0.0944586834107097 FALSE 0.0080352640059926 "154,11,148,15,146,91,142,95,97,137" "137,97,95,142,91,146,15,11,148,154"
1048 2 FALSE 0.0850664408591742 2 FALSE 0.0852228020891957 TRUE 0.00724960045377367 "154,11,148,15,146,91,142,95,97,137" "137,97,95,142,91,146,15,148,11,154"
1049 1 FALSE 0.0961708969058959 1 FALSE 0.11717084459696 TRUE 0.011268425216111 "154,11,148,15,146,91,142,95,97,137" "137,97,95,142,91,146,15,148,11,154"
1049 1 FALSE 0.0961708969058959 2 FALSE 0.109627151426969 FALSE 0.0105429414779701 "154,11,148,15,146,91,142,95,97,137" "137,97,95,142,91,146,15,11,154,148"
1049 2 TRUE 0.0899663229119671 1 TRUE 0.159458919776083 TRUE 0.0143459326677685 "154,11,148,15,146,91,142,95,137,97" "97,137,95,142,91,146,15,148,11,154"
1049 2 TRUE 0.0899663229119671 2 FALSE 0.14919263580291 FALSE 0.0134223128487321 "154,11,148,15,146,91,142,95,137,97" "97,137,95,142,91,146,15,11,154,148"
1050 1 FALSE 0.104057491944456 1 FALSE 0.0983414827006664 TRUE 0.0102331680439304 "154,11,148,15,146,91,142,95,97,137" "137,97,95,142,91,146,15,148,11,154"
1050 1 FALSE 0.104057491944456 2 FALSE 0.0970545703943995 FALSE 0.0100992551769878 "154,11,148,15,146,91,142,95,97,137" "137,97,95,142,91,146,15,11,148,154"
1050 2 TRUE 0.098810895711962 1 TRUE 0.12330772111422 TRUE 0.0121841463714969 "154,11,148,15,146,91,142,95,137,97" "97,137,95,142,91,146,15,148,11,154"
1050 2 TRUE 0.098810895711962 2 FALSE 0.121694096635498 FALSE 0.0120247026914116 "154,11,148,15,146,91,142,95,137,97" "97,137,95,142,91,146,15,11,148,154"
1051 1 TRUE 0.115936846651257 1 FALSE 0.126286741855203 FALSE 0.0146412866245535 "154,11,148,15,146,91,142,95,137,97" "97,137,95,142,91,146,15,11,148,154"
1051 1 TRUE 0.115936846651257 2 TRUE 0.111702006522699 TRUE 0.0129503784008598 "154,11,148,15,146,91,142,95,137,97" "97,137,95,142,91,146,15,148,11,154"
1051 2 FALSE 0.0998427856765323 1 FALSE 0.0964997674307244 FALSE 0.00963480559742103 "154,11,148,15,146,91,142,95,97,137" "137,97,95,142,91,146,15,11,148,154"
1051 2 FALSE 0.0998427856765323 2 FALSE 0.0853551013561253 TRUE 0.00852209109109832 "154,11,148,15,146,91,142,95,97,137" "137,97,95,142,91,146,15,148,11,154"
1052 1 FALSE 0.104363876932867 1 FALSE 0.0926530849130278 TRUE 0.00966963515131367 "154,11,148,15,146,91,142,95,97,137" "137,97,95,142,91,146,15,148,11,154"
1052 1 FALSE 0.104363876932867 2 FALSE 0.0787589923968302 FALSE 0.00821959378985937 "154,11,148,15,146,91,142,95,97,137" "137,97,95,142,91,146,15,11,148,154"
1052 2 TRUE 0.101218664203383 1 TRUE 0.120812301308555 TRUE 0.0122284597577885 "154,11,148,15,146,91,142,95,137,97" "97,137,95,142,91,146,15,148,11,154"
1052 2 TRUE 0.101218664203383 2 FALSE 0.102695502574315 FALSE 0.0103947015902672 "154,11,148,15,146,91,142,95,137,97" "97,137,95,142,91,146,15,11,148,154"
1053 1 TRUE 0.0756002065467723 1 TRUE 0.130589746350804 TRUE 0.00987261179701142 "154,11,148,15,146,91,142,95,137,97" "97,137,95,142,91,146,15,148,11,154"
1053 1 TRUE 0.0756002065467723 2 FALSE 0.120870333873421 FALSE 0.00913782220620793 "154,11,148,15,146,91,142,95,137,97" "97,137,95,142,91,146,15,11,148,154"
1053 2 FALSE 0.0753752059320498 1 FALSE 0.101082409608555 TRUE 0.00761910744035267 "154,11,148,15,146,91,142,95,97,137" "137,97,95,142,91,146,15,148,11,154"
1053 2 FALSE 0.0753752059320498 2 FALSE 0.0935591418126734 FALSE 0.00705203958095611 "154,11,148,15,146,91,142,95,97,137" "137,97,95,142,91,146,15,11,148,154"
1054 1 FALSE 0.0631531052739237 1 FALSE 0.106522007158892 FALSE 0.00672719553209515 "154,11,148,15,146,91,142,95,97,137" "137,97,95,142,91,146,15,11,148,154"
1054 1 FALSE 0.0631531052739237 2 FALSE 0.0988624512125634 TRUE 0.00624347078906517 "154,11,148,15,146,91,142,95,97,137" "137,97,95,142,91,146,15,148,11,154"
1054 2 TRUE 0.0607871387939208 1 FALSE 0.135454998985622 FALSE 0.00823392182366939 "154,11,148,15,146,91,142,95,137,97" "97,137,95,142,91,146,15,11,148,154"
1054 2 TRUE 0.0607871387939208 2 TRUE 0.125714991539155 TRUE 0.00764185463916717 "154,11,148,15,146,91,142,95,137,97" "97,137,95,142,91,146,15,148,11,154"
1055 1 FALSE 0.0832570800681345 1 FALSE 0.0976713021617238 FALSE 0.0081318274244376 "154,11,148,15,146,91,142,95,97,137" "137,97,95,142,91,146,15,11,148,154"
1055 1 FALSE 0.0832570800681345 2 FALSE 0.0930738419614217 TRUE 0.00774905631243098 "154,11,148,15,146,91,142,95,97,137" "137,97,95,142,91,146,15,148,11,154"
1055 2 TRUE 0.0649539150129414 1 FALSE 0.123334150004842 FALSE 0.00801103589760785 "154,11,148,15,146,91,142,95,137,97" "97,137,95,142,91,146,15,11,148,154"
1055 2 TRUE 0.0649539150129414 2 TRUE 0.117528720636792 TRUE 0.00763395053182189 "154,11,148,15,146,91,142,95,137,97" "97,137,95,142,91,146,15,148,11,154"
1056 1 FALSE 0.0562134296268889 1 FALSE 0.105691569053188 FALSE 0.00594128557912683 "154,11,148,15,146,91,142,95,97,137" "137,97,95,142,91,146,15,11,148,154"
1056 1 FALSE 0.0562134296268889 2 FALSE 0.0743187853867201 TRUE 0.00417771381229225 "154,11,148,15,146,91,142,95,97,137" "137,97,95,142,91,146,15,148,11,154"
1056 2 TRUE 0.0549136971499666 1 FALSE 0.134716131161355 FALSE 0.0073977608278098 "154,11,148,15,146,91,142,95,137,97" "97,137,95,142,91,146,15,11,148,154"
1056 2 TRUE 0.0549136971499666 2 TRUE 0.094727889174127 TRUE 0.00520185861776361 "154,11,148,15,146,91,142,95,137,97" "97,137,95,142,91,146,15,148,11,154"
1057 1 FALSE 0.0692565495181165 1 FALSE 0.0959873010535225 TRUE 0.00664774926852364 "154,11,148,15,146,91,142,95,97,137" "137,97,95,142,91,146,15,148,11,154"
1057 1 FALSE 0.0692565495181165 2 FALSE 0.0912862157098456 FALSE 0.00632216831863039 "154,11,148,15,146,91,142,95,97,137" "137,97,95,142,91,146,15,11,148,154"
1057 2 TRUE 0.0563165100028895 1 TRUE 0.114835089763151 TRUE 0.00646711148132918 "154,11,148,15,146,91,142,95,137,97" "97,137,95,142,91,146,15,148,11,154"
1057 2 TRUE 0.0563165100028895 2 FALSE 0.109210912903293 FALSE 0.00615037746894301 "154,11,148,15,146,91,142,95,137,97" "97,137,95,142,91,146,15,11,148,154"
1058 1 FALSE 0.07489756031951 1 FALSE 0.0982464771147388 FALSE 0.0073584214458805 "154,11,148,15,146,91,142,95,97,137" "137,97,95,142,91,146,15,11,148,154"
1058 1 FALSE 0.07489756031951 2 FALSE 0.0776175160063922 TRUE 0.00581336258693929 "154,11,148,15,146,91,142,95,97,137" "137,97,95,142,91,146,15,148,11,154"
1058 2 TRUE 0.0672808592700683 1 FALSE 0.132534125047428 FALSE 0.00891700981579762 "154,11,148,15,146,91,142,95,137,97" "97,137,95,142,91,146,15,11,148,154"
1058 2 TRUE 0.0672808592700683 2 TRUE 0.104705734743528 TRUE 0.00704469180404839 "154,11,148,15,146,91,142,95,137,97" "97,137,95,142,91,146,15,148,11,154"
1059 1 FALSE 0.0802389944925485 1 FALSE 0.0797521126094889 TRUE 0.00639922932444188 "154,11,148,15,146,91,142,95,97,137" "137,97,95,142,91,146,15,148,11,154"
1059 1 FALSE 0.0802389944925485 2 FALSE 0.0765225562741333 FALSE 0.00614009297143591 "154,11,148,15,146,91,142,95,97,137" "137,97,95,142,91,146,15,11,148,154"
1059 2 TRUE 0.0657915301102336 1 TRUE 0.103847724415336 TRUE 0.00683230068775083 "154,11,148,15,146,91,142,95,137,97" "97,137,95,142,91,146,15,148,11,154"
1059 2 TRUE 0.0657915301102336 2 FALSE 0.0996424179309796 FALSE 0.00655562713956252 "154,11,148,15,146,91,142,95,137,97" "97,137,95,142,91,146,15,11,148,154"
1060 1 FALSE 0.107389686044055 1 FALSE 0.0830420968683619 TRUE 0.00891786471113338 "154,11,148,15,146,91,142,95,97,137" "137,97,95,142,91,146,15,148,11,154"
1060 1 FALSE 0.107389686044055 2 FALSE 0.0797506134149519 FALSE 0.00856439333645248 "154,11,148,15,146,91,142,95,97,137" "137,97,95,142,91,146,15,11,148,154"
1060 2 TRUE 0.0999190991888164 1 TRUE 0.106729410090652 TRUE 0.0106643065132117 "154,11,148,15,146,91,142,95,137,97" "97,137,95,142,91,146,15,148,11,154"
1060 2 TRUE 0.0999190991888164 2 FALSE 0.102499048616731 FALSE 0.0102416126054944 "154,11,148,15,146,91,142,95,137,97" "97,137,95,142,91,146,15,11,148,154"
1061 1 FALSE 0.0794467903212176 1 FALSE 0.0827783474725669 TRUE 0.00657647401478992 "154,11,148,15,146,91,142,95,97,137" "137,97,95,142,91,146,15,148,11,154"
1061 1 FALSE 0.0794467903212176 2 FALSE 0.077282689549077 FALSE 0.00613986163206528 "154,11,148,15,146,91,142,95,97,137" "137,97,95,142,91,146,15,11,148,154"
1061 2 TRUE 0.0677178769868875 1 TRUE 0.114364423994905 TRUE 0.00774451599576322 "154,11,148,15,146,91,142,95,137,97" "97,137,95,142,91,146,15,148,11,154"
1061 2 TRUE 0.0677178769868875 2 FALSE 0.106771765140472 FALSE 0.00723035725745529 "154,11,148,15,146,91,142,95,137,97" "97,137,95,142,91,146,15,11,148,154"
1062 1 FALSE 0.0893871666143592 1 FALSE 0.0880283833082912 TRUE 0.0078686077655709 "154,11,148,15,146,91,142,95,97,137" "137,97,95,142,91,146,15,148,11,154"
1062 1 FALSE 0.0893871666143592 2 FALSE 0.0824422103750696 FALSE 0.0073692755948524 "154,11,148,15,146,91,142,95,97,137" "137,97,95,142,91,146,15,11,148,154"
1062 2 TRUE 0.0880648712502414 1 TRUE 0.108688176753194 TRUE 0.00957161029219351 "154,11,148,15,146,91,142,95,137,97" "97,137,95,142,91,146,15,148,11,154"
1062 2 TRUE 0.0880648712502414 2 FALSE 0.101790958738709 FALSE 0.00896420767576309 "154,11,148,15,146,91,142,95,137,97" "97,137,95,142,91,146,15,11,148,154"
1063 1 FALSE 0.0798959765984506 1 FALSE 0.0951114669326278 TRUE 0.00759902353629355 "154,11,148,15,146,91,142,95,97,137" "137,97,95,142,91,146,15,148,11,154"
1063 1 FALSE 0.0798959765984506 2 FALSE 0.0877631868006204 FALSE 0.00701192551882782 "154,11,148,15,146,91,142,95,97,137" "137,97,95,142,91,146,15,11,148,154"
1063 2 TRUE 0.0759476289177133 1 TRUE 0.117158935438113 TRUE 0.00889794335304813 "154,11,148,15,146,91,142,95,137,97" "97,137,95,142,91,146,15,148,11,154"
1063 2 TRUE 0.0759476289177133 2 FALSE 0.108107275261566 FALSE 0.0082104912248705 "154,11,148,15,146,91,142,95,137,97" "97,137,95,142,91,146,15,11,148,154"
1064 1 FALSE 0.0890031757366789 1 FALSE 0.0886789696078417 FALSE 0.00789270991615434 "154,11,148,15,146,91,142,95,97,137" "137,97,95,142,91,146,15,11,148,154"
1064 1 FALSE 0.0890031757366789 2 FALSE 0.0762978052577083 TRUE 0.00679074696967471 "154,11,148,15,146,91,142,95,97,137" "137,97,95,142,91,146,15,148,11,154"
1064 2 TRUE 0.0849690374596623 1 FALSE 0.114328432144518 FALSE 0.00971437683359203 "154,11,148,15,146,91,142,95,137,97" "97,137,95,142,91,146,15,11,148,154"
1064 2 TRUE 0.0849690374596623 2 TRUE 0.0983661457700362 TRUE 0.00835807672469681 "154,11,148,15,146,91,142,95,137,97" "97,137,95,142,91,146,15,148,11,154"
1065 1 FALSE 0.104027509615627 1 FALSE 0.10074677684774 FALSE 0.0104804362972718 "154,11,148,15,146,91,142,95,97,137" "137,97,95,142,91,146,15,11,148,154"
1065 1 FALSE 0.104027509615627 2 FALSE 0.0791360219990941 TRUE 0.00823232328945326 "154,11,148,15,146,91,142,95,97,137" "137,97,95,142,91,146,15,148,11,154"
1065 2 TRUE 0.0926790540211953 1 FALSE 0.133293599997592 FALSE 0.0123535247548565 "154,11,148,15,146,91,142,95,137,97" "97,137,95,142,91,146,15,11,148,154"
1065 2 TRUE 0.0926790540211953 2 TRUE 0.104701367049089 TRUE 0.00970362365283553 "154,11,148,15,146,91,142,95,137,97" "97,137,95,142,91,146,15,148,11,154"
1066 1 FALSE 0.0895096829712056 1 FALSE 0.101941996189962 TRUE 0.00912479576041538 "154,11,148,15,146,91,142,95,97,137" "137,97,95,142,91,146,15,148,11,154"
1066 1 FALSE 0.0895096829712056 2 FALSE 0.0998687475466855 FALSE 0.00893921993163518 "154,11,148,15,146,91,142,95,97,137" "137,97,95,142,91,146,15,11,148,154"
1066 2 TRUE 0.0794805868399781 1 TRUE 0.128837605121641 TRUE 0.0102400884621254 "154,11,148,15,146,91,142,95,137,97" "97,137,95,142,91,146,15,148,11,154"
1066 2 TRUE 0.0794805868399781 2 FALSE 0.126217366162187 FALSE 0.010031830331967 "154,11,148,15,146,91,142,95,137,97" "97,137,95,142,91,146,15,11,148,154"
1067 1 FALSE 0.0967600683001203 1 FALSE 0.0861399182136258 TRUE 0.00833490436971721 "154,11,148,15,146,91,142,95,97,137" "137,97,95,142,91,146,15,148,11,154"
1067 1 FALSE 0.0967600683001203 2 FALSE 0.0829818694991299 FALSE 0.00802933136040748 "154,11,148,15,146,91,142,95,97,137" "137,97,95,142,91,146,15,11,148,154"
1067 2 TRUE 0.0908958217364766 1 TRUE 0.103835171096873 TRUE 0.00943818320199791 "154,11,148,15,146,91,142,95,137,97" "97,137,95,142,91,146,15,148,11,154"
1067 2 TRUE 0.0908958217364766 2 FALSE 0.100028381684922 FALSE 0.00909216195022092 "154,11,148,15,146,91,142,95,137,97" "97,137,95,142,91,146,15,11,148,154"
1068 1 FALSE 0.0697648310460431 1 FALSE 0.0718140730915275 TRUE 0.0050100966759586 "154,11,148,15,146,91,142,95,97,137" "137,97,95,142,91,146,15,148,11,154"
1068 1 FALSE 0.0697648310460431 2 FALSE 0.0630704796717834 FALSE 0.00440010135829486 "154,11,148,15,146,91,142,95,97,137" "137,97,95,142,91,146,15,11,148,154"
1068 2 TRUE 0.0639671996571752 1 TRUE 0.0957267794868243 TRUE 0.00612337401597208 "154,11,148,15,146,91,142,95,137,97" "97,137,95,142,91,146,15,148,11,154"
1068 2 TRUE 0.0639671996571752 2 FALSE 0.0840717374709295 FALSE 0.00537783361632857 "154,11,148,15,146,91,142,95,137,97" "97,137,95,142,91,146,15,11,148,154"
1069 1 FALSE 0.0845006249287458 1 FALSE 0.0848071351013817 FALSE 0.00716625591448333 "154,11,148,15,146,91,142,95,97,137" "137,97,95,142,91,146,15,11,148,154"
1069 1 FALSE 0.0845006249287458 2 FALSE 0.0786177224718698 TRUE 0.0066432466793477 "154,11,148,15,146,91,142,95,97,137" "137,97,95,142,91,146,15,148,11,154"
1069 2 TRUE 0.0670030207768338 1 FALSE 0.119218892359949 FALSE 0.0079880259217848 "154,11,148,15,146,91,142,95,137,97" "97,137,95,142,91,146,15,11,148,154"
1069 2 TRUE 0.0670030207768338 2 TRUE 0.110518033438504 TRUE 0.00740504209069489 "154,11,148,15,146,91,142,95,137,97" "97,137,95,142,91,146,15,148,11,154"
1070 1 FALSE 0.0835010281501769 1 FALSE 0.0912636944104001 FALSE 0.00762061231605196 "154,11,148,15,146,91,142,95,97,137" "137,97,95,142,91,146,15,11,148,154"
1070 1 FALSE 0.0835010281501769 2 FALSE 0.0657464038515525 TRUE 0.00548989231878139 "154,11,148,15,146,91,142,95,97,137" "137,97,95,142,91,146,15,148,11,154"
1070 2 TRUE 0.0747239314412095 1 FALSE 0.120141216418127 FALSE 0.00897742401889163 "154,11,148,15,146,91,142,95,137,97" "97,137,95,142,91,146,15,11,148,154"
1070 2 TRUE 0.0747239314412095 2 TRUE 0.0865497828558518 TRUE 0.00646734004037224 "154,11,148,15,146,91,142,95,137,97" "97,137,95,142,91,146,15,148,11,154"
1071 1 FALSE 0.0926140951677739 1 FALSE 0.0960521834390223 FALSE 0.00889578605809409 "154,11,148,15,146,91,142,95,97,137" "137,97,95,142,91,146,15,11,148,154"
1071 1 FALSE 0.0926140951677739 2 FALSE 0.083056499262261 TRUE 0.00769220252697718 "154,11,148,15,146,91,142,95,97,137" "137,97,95,142,91,146,15,148,11,154"
1071 2 TRUE 0.0810674027832202 1 FALSE 0.13200029317049 FALSE 0.0107009209339553 "154,11,148,15,146,91,142,95,137,97" "97,137,95,142,91,146,15,11,148,154"
1071 2 TRUE 0.0810674027832202 2 TRUE 0.114140895706895 TRUE 0.00925310596630841 "154,11,148,15,146,91,142,95,137,97" "97,137,95,142,91,146,15,148,11,154"
1072 1 FALSE 0.0833003171705822 1 FALSE 0.0985985583568959 FALSE 0.00821329118369159 "154,11,148,15,146,91,142,95,97,137" "137,97,95,142,91,146,15,11,148,154"
1072 1 FALSE 0.0833003171705822 2 FALSE 0.073476185953632 TRUE 0.00612058959442223 "154,11,148,15,146,91,142,95,97,137" "137,97,95,142,91,146,15,148,11,154"
1072 2 TRUE 0.0652109721549866 1 FALSE 0.122663449247632 FALSE 0.00799900277332194 "154,11,148,15,146,91,142,95,137,97" "97,137,95,142,91,146,15,11,148,154"
1072 2 TRUE 0.0652109721549866 2 TRUE 0.0914094745078243 TRUE 0.00596090069683169 "154,11,148,15,146,91,142,95,137,97" "97,137,95,142,91,146,15,148,11,154"
1073 1 FALSE 0.0742286065769341 1 FALSE 0.089978596798299 FALSE 0.00667898586208552 "154,11,148,15,146,91,142,95,97,137" "137,97,95,142,91,146,15,11,148,154"
1073 1 FALSE 0.0742286065769341 2 FALSE 0.0794843926318462 TRUE 0.00590001570967587 "154,11,148,15,146,91,142,95,97,137" "137,97,95,142,91,146,15,148,11,154"
1073 2 TRUE 0.0652375359211364 1 FALSE 0.120065170552807 FALSE 0.00783275587681613 "154,11,148,15,146,91,142,95,137,97" "97,137,95,142,91,146,15,11,148,154"
1073 2 TRUE 0.0652375359211364 2 TRUE 0.106061969148304 TRUE 0.00691922152217896 "154,11,148,15,146,91,142,95,137,97" "97,137,95,142,91,146,15,148,11,154"
1074 1 FALSE 0.0873049644048425 1 FALSE 0.100762166195124 FALSE 0.00879703733302015 "154,11,148,15,146,91,142,95,97,137" "137,97,95,142,91,146,15,11,148,154"
1074 1 FALSE 0.0873049644048425 2 FALSE 0.0913237663565146 TRUE 0.00797301817107165 "154,11,148,15,146,91,142,95,97,137" "137,97,95,142,91,146,15,148,11,154"
1074 2 TRUE 0.0652582562218014 1 FALSE 0.138903877007505 FALSE 0.00906462479595737 "154,11,148,15,146,91,142,95,137,97" "97,137,95,142,91,146,15,11,148,154"
1074 2 TRUE 0.0652582562218014 2 TRUE 0.125892740190626 TRUE 0.00821554069582454 "154,11,148,15,146,91,142,95,137,97" "97,137,95,142,91,146,15,148,11,154"
1075 1 FALSE 0.0922843552100321 1 FALSE 0.0897099842935283 FALSE 0.00827882805643036 "154,11,148,15,146,91,142,95,97,137" "137,97,95,142,91,146,15,11,154,148"
1075 1 FALSE 0.0922843552100321 2 FALSE 0.0888520581158489 TRUE 0.00819965489230541 "154,11,148,15,146,91,142,95,97,137" "137,97,95,142,91,146,15,148,11,154"
1075 2 TRUE 0.0698828758450639 1 FALSE 0.124060513226796 FALSE 0.00866970544310307 "154,11,148,15,146,91,142,95,137,97" "97,137,95,142,91,146,15,11,154,148"
1075 2 TRUE 0.0698828758450639 2 TRUE 0.122874081607709 TRUE 0.00858679418956778 "154,11,148,15,146,91,142,95,137,97" "97,137,95,142,91,146,15,148,11,154"
1076 1 FALSE 0.0937880687978922 1 FALSE 0.0949495986933707 FALSE 0.00890513949458611 "154,11,148,15,146,91,142,95,97,137" "137,97,95,142,91,146,15,11,148,154"
1076 1 FALSE 0.0937880687978922 2 FALSE 0.0939192559874303 TRUE 0.00880850564199597 "154,11,148,15,146,91,142,95,97,137" "137,97,95,142,91,146,15,148,11,154"
1076 2 TRUE 0.0852860342326442 1 FALSE 0.126722226129382 FALSE 0.0108076361157073 "154,11,148,15,146,91,142,95,137,97" "97,137,95,142,91,146,15,11,148,154"
1076 2 TRUE 0.0852860342326442 2 TRUE 0.125347103715283 TRUE 0.0106903573784244 "154,11,148,15,146,91,142,95,137,97" "97,137,95,142,91,146,15,148,11,154"
1077 1 FALSE 0.0740698683167643 1 FALSE 0.128079861902697 FALSE 0.00948685850516215 "154,11,148,15,146,91,142,95,97,137" "137,97,95,142,91,146,15,11,148,154"
1077 1 FALSE 0.0740698683167643 2 FALSE 0.103061906440016 TRUE 0.00763378183848666 "154,11,148,15,146,91,142,95,97,137" "137,97,95,142,91,146,15,148,11,154"
1077 2 TRUE 0.0661119485802524 1 FALSE 0.155618813887182 FALSE 0.0102882630218293 "154,11,148,15,146,91,142,95,137,97" "97,137,95,142,91,146,15,11,148,154"
1077 2 TRUE 0.0661119485802524 2 TRUE 0.125221649983753 TRUE 0.00827864728486026 "154,11,148,15,146,91,142,95,137,97" "97,137,95,142,91,146,15,148,11,154"
1078 1 FALSE 0.0869330237583195 1 FALSE 0.107464868894577 TRUE 0.00934224600079698 "154,11,148,15,146,91,142,95,97,137" "137,97,95,142,91,146,15,148,11,154"
1078 1 FALSE 0.0869330237583195 2 FALSE 0.0976416029507907 FALSE 0.00848827978912149 "154,11,148,15,146,91,142,95,97,137" "137,97,95,142,91,146,15,11,148,154"
1078 2 TRUE 0.0719213933670633 1 TRUE 0.14955415701385 TRUE 0.0107561433562727 "154,11,148,15,146,91,142,95,137,97" "97,137,95,142,91,146,15,148,11,154"
1078 2 TRUE 0.0719213933670633 2 FALSE 0.135883547516461 FALSE 0.00977293407304343 "154,11,148,15,146,91,142,95,137,97" "97,137,95,142,91,146,15,11,148,154"
1079 1 FALSE 0.0736018138980346 1 FALSE 0.0842665406263265 FALSE 0.00620217024101005 "154,11,148,15,146,91,142,95,97,137" "137,97,95,142,91,146,15,11,148,154"
1079 1 FALSE 0.0736018138980346 2 FALSE 0.0769919854166782 TRUE 0.00566674978227854 "154,11,148,15,146,91,142,95,97,137" "137,97,95,142,91,146,15,148,11,154"
1079 2 TRUE 0.0684713925539356 1 FALSE 0.11058203392482 FALSE 0.00757170585427897 "154,11,148,15,146,91,142,95,137,97" "97,137,95,142,91,146,15,11,148,154"
1079 2 TRUE 0.0684713925539356 2 TRUE 0.101035716905014 TRUE 0.0069180562341715 "154,11,148,15,146,91,142,95,137,97" "97,137,95,142,91,146,15,148,11,154"
1080 1 FALSE 0.0586892304645511 1 FALSE 0.0990271429544773 TRUE 0.00581182681510136 "154,11,148,15,146,91,142,95,97,137" "137,97,95,142,91,146,15,148,11,154"
1080 1 FALSE 0.0586892304645511 2 FALSE 0.077181711905939 FALSE 0.00452973527769624 "154,11,148,15,146,91,142,95,97,137" "137,97,95,142,91,146,15,11,148,154"
1080 2 FALSE 0.0582962690497258 1 FALSE 0.117324520868282 FALSE 0.00683958183466754 "154,11,15,146,91,142,95,97,137,148" "148,11,15,146,91,142,95,97,137,NA"
1080 2 FALSE 0.0582962690497258 2 FALSE 0.0947041119605156 FALSE 0.00552089639096557 "154,11,15,146,91,142,95,97,137,148" "148,11,15,146,91,142,95,137,97,154"
1081 1 FALSE 0.0653715615945244 1 FALSE 0.0910671644569194 TRUE 0.00595320275053419 "154,11,148,15,146,91,142,95,97,137" "137,97,95,142,91,146,15,148,11,154"
1081 1 FALSE 0.0653715615945244 2 FALSE 0.0827024662088824 FALSE 0.00540638936379303 "154,11,148,15,146,91,142,95,97,137" "137,97,95,142,91,146,15,11,148,154"
1081 2 TRUE 0.0570945421678275 1 TRUE 0.118640940903818 TRUE 0.00677375020326377 "154,11,148,15,146,91,142,95,137,97" "97,137,95,142,91,146,15,148,11,154"
1081 2 TRUE 0.0570945421678275 2 FALSE 0.107743537032271 FALSE 0.0061515679183999 "154,11,148,15,146,91,142,95,137,97" "97,137,95,142,91,146,15,11,148,154"
1082 1 FALSE 0.104208787738957 1 FALSE 0.0905934754579631 TRUE 0.00944063625453327 "154,11,148,15,146,91,142,95,97,137" "137,97,95,142,91,146,15,148,11,154"
1082 1 FALSE 0.104208787738957 2 FALSE 0.067524275415247 FALSE 0.00703662288397433 "154,11,148,15,146,91,142,95,97,137" "137,97,95,142,91,146,15,11,148,154"
1082 2 TRUE 0.0851865487072425 1 TRUE 0.118788879672649 TRUE 0.0101192146841129 "154,11,148,15,146,91,142,95,137,97" "97,137,95,142,91,146,15,148,11,154"
1082 2 TRUE 0.0851865487072425 2 FALSE 0.0885398533033045 FALSE 0.00754240452595405 "154,11,148,15,146,91,142,95,137,97" "97,137,95,142,91,146,15,11,148,154"
1083 1 FALSE 0.0868889980888959 1 FALSE 0.0905115437164944 TRUE 0.0078644573490055 "154,11,148,15,146,91,142,95,97,137" "137,97,95,142,91,146,15,148,11,154"
1083 1 FALSE 0.0868889980888959 2 FALSE 0.0826985235616328 FALSE 0.00718559185570122 "154,11,148,15,146,91,142,95,97,137" "137,97,95,142,91,146,15,11,148,154"
1083 2 TRUE 0.0691111979684057 1 TRUE 0.10887090994284 TRUE 0.0075241990100601 "154,11,148,15,146,91,142,95,137,97" "97,137,95,142,91,146,15,148,11,154"
1083 2 TRUE 0.0691111979684057 2 FALSE 0.0994730963741548 FALSE 0.00687470485604451 "154,11,148,15,146,91,142,95,137,97" "97,137,95,142,91,146,15,11,148,154"
1084 1 FALSE 0.0578505989764276 1 FALSE 0.0948339012986883 TRUE 0.00548619799340053 "154,11,148,15,146,91,142,95,97,137" "137,97,95,142,91,146,15,148,11,154"
1084 1 FALSE 0.0578505989764276 2 FALSE 0.0699507818636106 FALSE 0.0040466946296793 "154,11,148,15,146,91,142,95,97,137" "137,97,95,142,91,146,15,11,148,154"
1084 2 TRUE 0.0469353916223846 1 TRUE 0.119074185053714 TRUE 0.00558879350761234 "154,11,148,15,146,91,142,95,137,97" "97,137,95,142,91,146,15,148,11,154"
1084 2 TRUE 0.0469353916223846 2 FALSE 0.0878307464969252 FALSE 0.00412237048331957 "154,11,148,15,146,91,142,95,137,97" "97,137,95,142,91,146,15,11,148,154"
1085 1 FALSE 0.0753716039478983 1 FALSE 0.111513444839207 TRUE 0.00840494719928649 "154,11,148,15,146,91,142,95,97,137" "137,97,95,142,91,146,15,148,11,154"
1085 1 FALSE 0.0753716039478983 2 FALSE 0.0907440657379044 FALSE 0.00683952578341938 "154,11,148,15,146,91,142,95,97,137" "137,97,95,142,91,146,15,11,148,154"
1085 2 TRUE 0.0731350578366847 1 TRUE 0.128821319856649 TRUE 0.00942135467831407 "154,11,148,15,146,91,142,95,137,97" "97,137,95,142,91,146,15,148,11,154"
1085 2 TRUE 0.0731350578366847 2 FALSE 0.104828349033348 FALSE 0.00766662736947808 "154,11,148,15,146,91,142,95,137,97" "97,137,95,142,91,146,15,11,148,154"
1086 1 FALSE 0.0982353901301746 1 FALSE 0.103650023406988 FALSE 0.0101821004863872 "154,11,148,15,146,91,142,95,97,137" "137,97,95,142,91,146,15,11,148,154"
1086 1 FALSE 0.0982353901301746 2 FALSE 0.0752288018261303 TRUE 0.0073901306964155 "154,11,148,15,146,91,142,95,97,137" "137,97,95,142,91,146,15,148,11,154"
1086 2 TRUE 0.0668200115606264 1 FALSE 0.139693780566022 FALSE 0.0093343400323692 "154,11,148,15,146,91,142,95,137,97" "97,137,95,142,91,146,15,11,148,154"
1086 2 TRUE 0.0668200115606264 2 TRUE 0.101389226833843 TRUE 0.00677482930916033 "154,11,148,15,146,91,142,95,137,97" "97,137,95,142,91,146,15,148,11,154"
1087 1 FALSE 0.0828513547749795 1 FALSE 0.090196223553648 TRUE 0.00747287931700665 "154,11,148,15,146,91,142,95,97,137" "137,97,95,142,91,146,15,148,11,154"
1087 1 FALSE 0.0828513547749795 2 FALSE 0.0854950366248831 FALSE 0.00708337961090806 "154,11,148,15,146,91,142,95,97,137" "137,97,95,142,91,146,15,11,148,154"
1087 2 TRUE 0.0731422116372866 1 TRUE 0.121522266922748 TRUE 0.00888840736590648 "154,11,148,15,146,91,142,95,137,97" "97,137,95,142,91,146,15,148,11,154"
1087 2 TRUE 0.0731422116372866 2 FALSE 0.115188311128343 FALSE 0.00842512783069087 "154,11,148,15,146,91,142,95,137,97" "97,137,95,142,91,146,15,11,148,154"
1088 1 FALSE 0.0905675028299106 1 FALSE 0.124022635527409 TRUE 0.0112324203941015 "154,11,148,15,146,91,142,95,97,137" "137,97,95,142,91,146,15,148,11,154"
1088 1 FALSE 0.0905675028299106 2 FALSE 0.0826169594030543 FALSE 0.00748241170453472 "154,11,148,15,146,91,142,95,97,137" "137,97,95,142,91,146,15,11,148,154"
1088 2 TRUE 0.0658029512748569 1 TRUE 0.152728403952641 TRUE 0.0100499797235823 "154,11,148,15,146,91,142,95,137,97" "97,137,95,142,91,146,15,148,11,154"
1088 2 TRUE 0.0658029512748569 2 FALSE 0.101739140564063 FALSE 0.00669473570928285 "154,11,148,15,146,91,142,95,137,97" "97,137,95,142,91,146,15,11,148,154"
1089 1 FALSE 0.0831938721977419 1 FALSE 0.106561229716393 TRUE 0.00886524132625981 "154,11,148,15,146,91,142,95,97,137" "137,97,95,142,91,146,15,148,11,154"
1089 1 FALSE 0.0831938721977419 2 FALSE 0.0902450853152641 FALSE 0.0075078380941924 "154,11,148,15,146,91,142,95,97,137" "137,97,95,142,91,146,15,11,148,154"
1089 2 TRUE 0.0545499060739624 1 TRUE 0.143897556743645 TRUE 0.00784959820463853 "154,11,148,15,146,91,142,95,137,97" "97,137,95,142,91,146,15,148,11,154"
1089 2 TRUE 0.0545499060739624 2 FALSE 0.121864653022023 FALSE 0.00664770537608739 "154,11,148,15,146,91,142,95,137,97" "97,137,95,142,91,146,15,11,148,154"
1090 1 FALSE 0.0669650785186649 1 FALSE 0.105843774516665 FALSE 0.00708783667122033 "154,11,148,15,146,91,142,95,97,137" "137,97,95,142,91,146,15,11,148,154"
1090 1 FALSE 0.0669650785186649 2 FALSE 0.0771394214106664 TRUE 0.00516564741164965 "154,11,148,15,146,91,142,95,97,137" "137,97,95,142,91,146,15,148,11,154"
1090 2 TRUE 0.0561585446836422 1 FALSE 0.149487519662939 FALSE 0.008395001552638 "154,11,148,15,146,91,142,95,137,97" "97,137,95,142,91,146,15,11,148,154"
1090 2 TRUE 0.0561585446836422 2 TRUE 0.108947180196216 TRUE 0.006118315087206 "154,11,148,15,146,91,142,95,137,97" "97,137,95,142,91,146,15,148,11,154"
1091 1 FALSE 0.070894490293542 1 FALSE 0.108526870370183 FALSE 0.00769395715804746 "154,11,148,15,146,91,142,95,97,137" "137,97,95,142,91,146,15,11,148,154"
1091 1 FALSE 0.070894490293542 2 FALSE 0.0867262361144539 TRUE 0.00614841230441159 "154,11,148,15,146,91,142,95,97,137" "137,97,95,142,91,146,15,148,11,154"
1091 2 TRUE 0.0657743326612306 1 FALSE 0.140252201380373 FALSE 0.00922499495006258 "154,11,148,15,146,91,142,95,137,97" "97,137,95,142,91,146,15,11,148,154"
1091 2 TRUE 0.0657743326612306 2 TRUE 0.112078653802478 TRUE 0.00737189865942708 "154,11,148,15,146,91,142,95,137,97" "97,137,95,142,91,146,15,148,11,154"
1092 1 FALSE 0.0778735911381721 1 FALSE 0.110757361881117 FALSE 0.00862507351467269 "154,11,148,15,146,91,142,95,97,137" "137,97,95,142,91,146,15,11,148,154"
1092 1 FALSE 0.0778735911381721 2 FALSE 0.105324491794486 TRUE 0.00820199641083953 "154,11,148,15,146,91,142,95,97,137" "137,97,95,142,91,146,15,148,11,154"
1092 2 TRUE 0.0629529293190473 1 FALSE 0.159141019165351 FALSE 0.0100183933312775 "154,11,148,15,146,91,142,95,137,97" "97,137,95,142,91,146,15,11,148,154"
1092 2 TRUE 0.0629529293190473 2 TRUE 0.151334833934002 TRUE 0.00952697110415699 "154,11,148,15,146,91,142,95,137,97" "97,137,95,142,91,146,15,148,11,154"
1093 1 FALSE 0.0755435221987956 1 FALSE 0.115032934116778 TRUE 0.00868999301204344 "154,11,148,15,146,91,142,95,97,137" "137,97,95,142,91,146,15,148,11,154"
1093 1 FALSE 0.0755435221987956 2 FALSE 0.0975400747506735 FALSE 0.00736852080219969 "154,11,148,15,146,91,142,95,97,137" "137,97,95,142,91,146,15,11,148,154"
1093 2 TRUE 0.0691624617405867 1 TRUE 0.164097906555504 TRUE 0.0113494151838554 "154,11,148,15,146,91,142,95,137,97" "97,137,95,142,91,146,15,148,11,154"
1093 2 TRUE 0.0691624617405867 2 FALSE 0.139143821678093 FALSE 0.00962352924325014 "154,11,148,15,146,91,142,95,137,97" "97,137,95,142,91,146,15,11,148,154"
1094 1 FALSE 0.0667222450647306 1 FALSE 0.126115801447084 FALSE 0.00841472941068722 "154,11,15,146,91,142,95,97,137,148" "148,11,15,146,91,142,95,97,137,NA"
1094 1 FALSE 0.0667222450647306 2 FALSE 0.107354773132641 FALSE 0.00716295148182466 "154,11,15,146,91,142,95,97,137,148" "148,11,15,146,91,142,95,137,97,154"
1094 2 FALSE 0.0570161005267985 1 FALSE 0.10035530698446 FALSE 0.00572186827142368 "154,11,148,15,146,91,142,95,97,137" "137,97,95,142,91,146,15,11,148,154"
1094 2 FALSE 0.0570161005267985 2 FALSE 0.0748357270582176 TRUE 0.00426684133694739 "154,11,148,15,146,91,142,95,97,137" "137,97,95,142,91,146,15,148,11,154"
1095 1 FALSE 0.0608413386437472 1 FALSE 0.1106488277231 FALSE 0.00673202279803476 "154,11,148,15,146,91,142,95,97,137" "137,97,95,142,91,146,15,11,148,154"
1095 1 FALSE 0.0608413386437472 2 FALSE 0.078236544854717 TRUE 0.00476001611982255 "154,11,148,15,146,91,142,95,97,137" "137,97,95,142,91,146,15,148,11,154"
1095 2 FALSE 0.0589312613269689 1 FALSE 0.0952596396907149 FALSE 0.00561377072052642 "154,11,15,146,91,142,95,97,137,148" "148,11,15,146,91,142,95,97,137,NA"
1095 2 FALSE 0.0589312613269689 2 FALSE 0.0855766543375378 FALSE 0.00504314018025313 "154,11,15,146,91,142,95,97,137,148" "148,11,15,146,91,142,95,137,97,154"
