"expNo" "Rank" "isCorrect" "prob" "verifyRank" "verifyIsCorrect" "verifyProb" "match" "jointProb" "computedSeq" "verifySeq"
674 1 TRUE 0.0837787268832012 1 FALSE 0.171287309216353 FALSE 0.0143502326973953 "154,11,148,15,146,91,142,95,137,97" "97,137,95,142,91,146,15,11,148,154"
674 1 TRUE 0.0837787268832012 2 TRUE 0.170027491516159 TRUE 0.0142446867743681 "154,11,148,15,146,91,142,95,137,97" "97,137,95,142,91,146,15,148,11,154"
674 2 FALSE 0.0784974524845117 1 FALSE 0 FALSE 0 "154,11,15,146,91,142,95,137,97,148" "0,0,0,0,0,0,0,0,0,0"
674 2 FALSE 0.0784974524845117 2 FALSE 0 FALSE 0 "154,11,15,146,91,142,95,137,97,148" "0,0,0,0,0,0,0,0,0,0"
675 1 TRUE 0.0777799974989698 1 FALSE 0.181184515952729 FALSE 0.0140925311976553 "154,11,148,15,146,91,142,95,137,97" "97,137,95,142,91,146,15,11,154,148"
675 1 TRUE 0.0777799974989698 2 FALSE 0.181184515952729 FALSE 0.0140925311976553 "154,11,148,15,146,91,142,95,137,97" "97,137,95,142,91,146,15,11,148,154"
675 2 FALSE 0.0748776048725276 1 FALSE 0.181184515952729 FALSE 0.0135666625945286 "154,11,148,15,146,142,91,95,137,97" "97,137,95,142,91,146,15,11,154,148"
675 2 FALSE 0.0748776048725276 2 FALSE 0.181184515952729 FALSE 0.0135666625945286 "154,11,148,15,146,142,91,95,137,97" "97,137,95,142,91,146,15,11,148,154"
676 1 TRUE 0.0809108942766312 1 TRUE 0.206313994947442 TRUE 0.0166930498329819 "154,11,148,15,146,91,142,95,137,97" "97,137,95,142,91,146,15,148,11,154"
676 1 TRUE 0.0809108942766312 2 FALSE 0.133312827910243 FALSE 0.0107864601247644 "154,11,148,15,146,91,142,95,137,97" "97,137,95,142,91,146,15,11,154,148"
676 2 FALSE 0.0732403916603615 1 TRUE 0.206313994947442 FALSE 0.0151105177949645 "154,11,148,15,146,142,91,95,137,97" "97,137,95,142,91,146,15,148,11,154"
676 2 FALSE 0.0732403916603615 2 FALSE 0.133312827910243 FALSE 0.00976388372949654 "154,11,148,15,146,142,91,95,137,97" "97,137,95,142,91,146,15,11,154,148"
677 1 TRUE 0.0721782318824579 1 TRUE 0.136443851279701 TRUE 0.00984827593660188 "154,11,148,15,146,91,142,95,137,97" "97,137,95,142,91,146,15,148,11,154"
677 1 TRUE 0.0721782318824579 2 FALSE 0.130184620875933 FALSE 0.00939649575311294 "154,11,148,15,146,91,142,95,137,97" "97,137,95,142,91,146,15,11,154,148"
677 2 FALSE 0.0704213080792684 1 TRUE 0.136443851279701 FALSE 0.00960855448648973 "154,11,148,15,146,142,91,95,137,97" "97,137,95,142,91,146,15,148,11,154"
677 2 FALSE 0.0704213080792684 2 FALSE 0.130184620875933 FALSE 0.0091677712938868 "154,11,148,15,146,142,91,95,137,97" "97,137,95,142,91,146,15,11,154,148"
678 1 TRUE 0.0876690399367638 1 TRUE 0.165309506647039 TRUE 0.014492525740166 "154,11,148,15,146,91,142,95,137,97" "97,137,95,142,91,146,15,148,11,154"
678 1 TRUE 0.0876690399367638 2 FALSE 0.148769566884639 FALSE 0.0130424851005844 "154,11,148,15,146,91,142,95,137,97" "97,137,95,142,91,146,15,11,148,154"
678 2 FALSE 0.0610360485628436 1 TRUE 0.165309506647039 FALSE 0.0100898390756084 "154,11,148,15,146,142,91,95,137,97" "97,137,95,142,91,146,15,148,11,154"
678 2 FALSE 0.0610360485628436 2 FALSE 0.148769566884639 FALSE 0.00908030650904401 "154,11,148,15,146,142,91,95,137,97" "97,137,95,142,91,146,15,11,148,154"
679 1 TRUE 0.0824734484987854 1 TRUE 0.156639156731105 TRUE 0.012918571425556 "154,11,148,15,146,91,142,95,137,97" "97,137,95,142,91,146,15,148,11,154"
679 1 TRUE 0.0824734484987854 2 FALSE 0.153983631512945 FALSE 0.0126995611032388 "154,11,148,15,146,91,142,95,137,97" "97,137,95,142,91,146,15,11,148,154"
679 2 FALSE 0.0648110931443389 1 TRUE 0.156639156731105 FALSE 0.0101519549769504 "154,11,148,15,146,142,91,95,137,97" "97,137,95,142,91,146,15,148,11,154"
679 2 FALSE 0.0648110931443389 2 FALSE 0.153983631512945 FALSE 0.00997984748468906 "154,11,148,15,146,142,91,95,137,97" "97,137,95,142,91,146,15,11,148,154"
680 1 TRUE 0.101454928803247 1 TRUE 0.184672393598002 TRUE 0.0187359245444104 "154,11,148,15,146,91,142,95,137,97" "97,137,95,142,91,146,15,148,11,154"
680 1 TRUE 0.101454928803247 2 FALSE 0.159069507455639 FALSE 0.0161383855536794 "154,11,148,15,146,91,142,95,137,97" "97,137,95,142,91,146,15,11,148,154"
680 2 FALSE 0.0695207849884613 1 TRUE 0.184672393598002 FALSE 0.0128385697686312 "154,11,148,15,146,142,91,95,137,97" "97,137,95,142,91,146,15,148,11,154"
680 2 FALSE 0.0695207849884613 2 FALSE 0.159069507455639 FALSE 0.0110586370260439 "154,11,148,15,146,142,91,95,137,97" "97,137,95,142,91,146,15,11,148,154"
681 1 TRUE 0.113217960207554 1 TRUE 0.160594068078753 TRUE 0.0181821328093095 "154,11,148,15,146,91,142,95,137,97" "97,137,95,142,91,146,15,148,11,154"
681 1 TRUE 0.113217960207554 2 FALSE 0.147978501707637 FALSE 0.0167538241179087 "154,11,148,15,146,91,142,95,137,97" "97,137,95,142,91,146,15,11,148,154"
681 2 FALSE 0.0760589541336362 1 TRUE 0.160594068078753 FALSE 0.0122146168581359 "154,11,15,148,146,91,142,95,137,97" "97,137,95,142,91,146,15,148,11,154"
681 2 FALSE 0.0760589541336362 2 FALSE 0.147978501707637 FALSE 0.0112550900741454 "154,11,15,148,146,91,142,95,137,97" "97,137,95,142,91,146,15,11,148,154"
682 1 TRUE 0.0881504588152034 1 TRUE 0.163884290822554 TRUE 0.0144464754286124 "154,11,148,15,146,91,142,95,137,97" "97,137,95,142,91,146,15,148,11,154"
682 1 TRUE 0.0881504588152034 2 FALSE 0.160114612852985 FALSE 0.0141141765860093 "154,11,148,15,146,91,142,95,137,97" "97,137,95,142,91,146,15,11,154,148"
682 2 FALSE 0.0630326725406635 1 TRUE 0.163884290822554 FALSE 0.0103300648379769 "154,11,15,148,146,91,142,95,137,97" "97,137,95,142,91,146,15,148,11,154"
682 2 FALSE 0.0630326725406635 2 FALSE 0.160114612852985 FALSE 0.0100924519609373 "154,11,15,148,146,91,142,95,137,97" "97,137,95,142,91,146,15,11,154,148"
683 1 TRUE 0.0979148094134399 1 TRUE 0.160716588813853 TRUE 0.0157365341632866 "154,11,148,15,146,91,142,95,137,97" "97,137,95,142,91,146,15,148,11,154"
683 1 TRUE 0.0979148094134399 2 FALSE 0.143818091912522 FALSE 0.0140819210598192 "154,11,148,15,146,91,142,95,137,97" "97,137,95,142,91,146,15,11,148,154"
683 2 FALSE 0.0765211234495542 1 TRUE 0.160716588813853 FALSE 0.0122982139330161 "154,11,15,148,146,91,142,95,137,97" "97,137,95,142,91,146,15,148,11,154"
683 2 FALSE 0.0765211234495542 2 FALSE 0.143818091912522 FALSE 0.0110051219655174 "154,11,15,148,146,91,142,95,137,97" "97,137,95,142,91,146,15,11,148,154"
684 1 TRUE 0.119100102481646 1 TRUE 0.153366848898273 TRUE 0.0182660074210714 "154,11,148,15,146,91,142,95,137,97" "97,137,95,142,91,146,15,148,11,154"
684 1 TRUE 0.119100102481646 2 FALSE 0.129778054365246 FALSE 0.0154565795747693 "154,11,148,15,146,91,142,95,137,97" "97,137,95,142,91,146,15,11,154,148"
684 2 FALSE 0.0780215949127447 1 FALSE 0.08716503604791 TRUE 0.00680075513308482 "154,11,148,15,146,91,142,95,97,137" "137,97,95,142,91,146,15,148,11,154"
684 2 FALSE 0.0780215949127447 2 FALSE 0.0737585004075914 FALSE 0.00575475584017261 "154,11,148,15,146,91,142,95,97,137" "137,97,95,142,91,146,15,11,154,148"
685 1 TRUE 0.0929832227151586 1 TRUE 0.18409679323815 TRUE 0.0171179131268094 "154,11,148,15,146,91,142,95,137,97" "97,137,95,142,91,146,15,148,11,154"
685 1 TRUE 0.0929832227151586 2 FALSE 0.173170458023711 FALSE 0.0161019472661047 "154,11,148,15,146,91,142,95,137,97" "97,137,95,142,91,146,15,11,154,148"
685 2 FALSE 0.0820704182680674 1 TRUE 0.18409679323815 FALSE 0.0151089008228649 "154,11,15,148,146,91,142,95,137,97" "97,137,95,142,91,146,15,148,11,154"
685 2 FALSE 0.0820704182680674 2 FALSE 0.173170458023711 FALSE 0.0142121719216787 "154,11,15,148,146,91,142,95,137,97" "97,137,95,142,91,146,15,11,154,148"
686 1 FALSE 0.105010962807465 1 FALSE 0.0859888821809827 FALSE 0.00902977530856269 "154,11,148,15,146,91,142,95,97,137" "137,97,95,142,91,146,15,11,154,148"
686 1 FALSE 0.105010962807465 2 FALSE 0.0846178138163153 TRUE 0.0088857980995141 "154,11,148,15,146,91,142,95,97,137" "137,97,95,142,91,146,15,148,11,154"
686 2 TRUE 0.0822308068545231 1 FALSE 0.178342981850039 FALSE 0.0146652872943703 "154,11,148,15,146,91,142,95,137,97" "97,137,95,142,91,146,15,11,154,148"
686 2 TRUE 0.0822308068545231 2 TRUE 0.175499353531201 TRUE 0.0144314534433179 "154,11,148,15,146,91,142,95,137,97" "97,137,95,142,91,146,15,148,11,154"
687 1 TRUE 0.11276873284196 1 TRUE 0.190669034165815 TRUE 0.0215015053750793 "154,11,148,15,146,91,142,95,137,97" "97,137,95,142,91,146,15,148,11,154"
687 1 TRUE 0.11276873284196 2 FALSE 0.130301354194552 FALSE 0.0146939186001111 "154,11,148,15,146,91,142,95,137,97" "97,137,95,142,91,146,15,11,154,148"
687 2 FALSE 0.0921582594765888 1 FALSE 0.0843617268956703 TRUE 0.0077746299171443 "154,11,148,15,146,91,142,95,97,137" "137,97,95,142,91,146,15,148,11,154"
687 2 FALSE 0.0921582594765888 2 FALSE 0.0629121720949104 FALSE 0.00579787628015856 "154,11,148,15,146,91,142,95,97,137" "137,97,142,91,146,15,148,11,154,95"
688 1 TRUE 0.0793268202105742 1 TRUE 0.189549636783641 TRUE 0.0150363699581155 "154,11,148,15,146,91,142,95,137,97" "97,137,95,142,91,146,15,148,11,154"
688 1 TRUE 0.0793268202105742 2 FALSE 0.14773771158008 FALSE 0.0117195628848347 "154,11,148,15,146,91,142,95,137,97" "97,137,95,142,91,146,15,11,154,148"
688 2 FALSE 0.0683494795548029 1 FALSE 0.0906357993963252 TRUE 0.00619490971777234 "154,11,148,15,146,91,142,95,97,137" "137,97,95,142,91,146,15,148,11,154"
688 2 FALSE 0.0683494795548029 2 FALSE 0.0706428448888483 FALSE 0.00482840168242345 "154,11,148,15,146,91,142,95,97,137" "137,97,95,142,91,146,15,11,154,148"
689 1 TRUE 0.089009449163407 1 TRUE 0.181331194076503 TRUE 0.0161401897008924 "154,11,148,15,146,91,142,95,137,97" "97,137,95,142,91,146,15,148,11,154"
689 1 TRUE 0.089009449163407 2 FALSE 0.161415052882924 FALSE 0.0143674649437912 "154,11,148,15,146,91,142,95,137,97" "97,137,95,142,91,146,15,11,148,154"
689 2 FALSE 0.0767073301733426 1 FALSE 0.0745052425558195 TRUE 0.00571509824037422 "154,11,148,15,146,91,142,95,97,137" "137,97,95,142,91,146,15,148,11,154"
689 2 FALSE 0.0767073301733426 2 FALSE 0.0741867121238221 FALSE 0.00569066462135674 "154,11,148,15,146,91,142,95,97,137" "137,97,142,91,146,15,148,11,154,95"
690 1 TRUE 0.0650168316210628 1 TRUE 0.182406683373987 TRUE 0.011859504619483 "154,11,148,15,146,91,142,95,137,97" "97,137,95,142,91,146,15,148,11,154"
690 1 TRUE 0.0650168316210628 2 FALSE 0.100130817636335 FALSE 0.00651018851034094 "154,11,148,15,146,91,142,95,137,97" "97,137,95,142,91,146,15,11,148,154"
690 2 FALSE 0.060397214637461 1 FALSE 0.0892771853151761 TRUE 0.00539209332370907 "154,11,148,15,146,91,142,95,97,137" "137,97,95,142,91,146,15,148,11,154"
690 2 FALSE 0.060397214637461 2 FALSE 0.0490080593349248 FALSE 0.00295995027861688 "154,11,148,15,146,91,142,95,97,137" "137,97,95,142,91,146,15,11,148,154"
691 1 TRUE 0.0915144808242368 1 FALSE 0.188268249946253 FALSE 0.017229271149519 "154,11,148,15,146,91,142,95,137,97" "97,137,95,142,91,146,15,11,148,154"
691 1 TRUE 0.0915144808242368 2 TRUE 0.167187453645509 TRUE 0.0153000730206949 "154,11,148,15,146,91,142,95,137,97" "97,137,95,142,91,146,15,148,11,154"
691 2 FALSE 0.0830855154851624 1 FALSE 0.093768855671733 FALSE 0.00779083370993973 "154,11,148,15,146,91,142,95,97,137" "137,97,95,142,91,146,15,11,148,154"
691 2 FALSE 0.0830855154851624 2 FALSE 0.0832693575017866 TRUE 0.00691847749215421 "154,11,148,15,146,91,142,95,97,137" "137,97,95,142,91,146,15,148,11,154"
692 1 TRUE 0.113832223679374 1 TRUE 0.208056763490127 TRUE 0.0236835640396148 "154,11,148,15,146,91,142,95,137,97" "97,137,95,142,91,146,15,148,11,154"
692 1 TRUE 0.113832223679374 2 FALSE 0.177567495575321 FALSE 0.0202129028745161 "154,11,148,15,146,91,142,95,137,97" "97,137,95,142,91,146,15,11,148,154"
692 2 FALSE 0.103987274604401 1 FALSE 0.107993313904217 TRUE 0.0112299303883971 "154,11,148,15,146,91,142,95,97,137" "137,97,95,142,91,146,15,148,11,154"
692 2 FALSE 0.103987274604401 2 FALSE 0.0921676467862634 FALSE 0.00958426239600462 "154,11,148,15,146,91,142,95,97,137" "137,97,95,142,91,146,15,11,148,154"
693 1 FALSE 0.125631260735438 1 FALSE 0.107756268298441 TRUE 0.0135375558384792 "154,11,148,15,146,91,142,95,97,137" "137,97,95,142,91,146,15,148,11,154"
693 1 FALSE 0.125631260735438 2 FALSE 0.0837476899303173 FALSE 0.0105213278696263 "154,11,148,15,146,91,142,95,97,137" "137,97,95,142,91,146,15,11,148,154"
693 2 TRUE 0.122052022537847 1 TRUE 0.229674157230488 TRUE 0.0280321954146566 "154,11,148,15,146,91,142,95,137,97" "97,137,95,142,91,146,15,148,11,154"
693 2 TRUE 0.122052022537847 2 FALSE 0.178501728098765 FALSE 0.0217864969409551 "154,11,148,15,146,91,142,95,137,97" "97,137,95,142,91,146,15,11,148,154"
694 1 FALSE 0.101328898194177 1 FALSE 0.123660095931889 FALSE 0.0125303412713645 "154,11,148,15,146,91,142,95,97,137" "137,97,95,142,91,146,15,11,148,154"
694 1 FALSE 0.101328898194177 2 FALSE 0.0797174399625224 FALSE 0.00807768035826281 "154,11,148,15,146,91,142,95,97,137" "137,97,142,91,146,15,11,148,154,95"
694 2 TRUE 0.0959208952006671 1 FALSE 0.276748925745466 FALSE 0.0265460047033281 "154,11,148,15,146,91,142,95,137,97" "97,137,95,142,91,146,15,11,148,154"
694 2 TRUE 0.0959208952006671 2 TRUE 0.176724107656317 TRUE 0.016951534609933 "154,11,148,15,146,91,142,95,137,97" "97,137,95,142,91,146,15,148,11,154"
695 1 FALSE 0.0884387276367333 1 FALSE 0.0995582739502293 FALSE 0.00880480707386761 "154,11,148,15,146,91,142,95,97,137" "137,97,95,142,91,146,15,11,148,154"
695 1 FALSE 0.0884387276367333 2 FALSE 0.0765958621254393 TRUE 0.00677404058861251 "154,11,148,15,146,91,142,95,97,137" "137,97,95,142,91,146,15,148,11,154"
695 2 TRUE 0.0861710679537402 1 FALSE 0.225266699793972 FALSE 0.0194114720956612 "154,11,148,15,146,91,142,95,137,97" "97,137,95,142,91,146,15,11,148,154"
695 2 TRUE 0.0861710679537402 2 TRUE 0.173310528540276 TRUE 0.0149343533319427 "154,11,148,15,146,91,142,95,137,97" "97,137,95,142,91,146,15,148,11,154"
696 1 TRUE 0.0897230693068399 1 TRUE 0.21267594563681 TRUE 0.0190819386102693 "154,11,148,15,146,91,142,95,137,97" "97,137,95,142,91,146,15,148,11,154"
696 1 TRUE 0.0897230693068399 2 FALSE 0.170695447377065 FALSE 0.0153153194553745 "154,11,148,15,146,91,142,95,137,97" "97,137,95,142,91,146,15,11,154,148"
696 2 FALSE 0.0821674424178429 1 FALSE 0.0931463149514587 TRUE 0.00765359447020824 "154,11,148,15,146,91,142,95,97,137" "137,97,95,142,91,146,15,148,11,154"
696 2 FALSE 0.0821674424178429 2 FALSE 0.0747599915663068 FALSE 0.00614283730218293 "154,11,148,15,146,91,142,95,97,137" "137,97,95,142,91,146,15,11,154,148"
697 1 TRUE 0.105312342117697 1 FALSE 0.1565359786326 FALSE 0.0164851705354849 "154,11,148,15,146,91,142,95,137,97" "97,137,95,142,91,146,15,11,148,154"
697 1 TRUE 0.105312342117697 2 TRUE 0.137785342737309 TRUE 0.0145104971531557 "154,11,148,15,146,91,142,95,137,97" "97,137,95,142,91,146,15,148,11,154"
697 2 FALSE 0.104186006907882 1 FALSE 0.0731035375562014 FALSE 0.00761636566882104 "154,11,148,15,146,91,142,95,97,137" "137,97,95,142,91,146,15,11,148,154"
697 2 FALSE 0.104186006907882 2 FALSE 0.064346842594775 TRUE 0.00670404058707965 "154,11,148,15,146,91,142,95,97,137" "137,97,95,142,91,146,15,148,11,154"
698 1 FALSE 0.110240679696785 1 FALSE 0.0596514728838566 TRUE 0.00657601891563066 "154,11,148,15,146,91,142,95,97,137" "137,97,95,142,91,146,15,148,11,154"
698 1 FALSE 0.110240679696785 2 FALSE 0.0572176942027617 FALSE 0.00630771749959521 "154,11,148,15,146,91,142,95,97,137" "137,97,142,91,146,15,148,11,154,95"
698 2 TRUE 0.0970954495974389 1 TRUE 0.140029335959834 TRUE 0.0135962113318509 "154,11,148,15,146,91,142,95,137,97" "97,137,95,142,91,146,15,148,11,154"
698 2 TRUE 0.0970954495974389 2 FALSE 0.120558355314756 FALSE 0.011705667712014 "154,11,148,15,146,91,142,95,137,97" "97,137,95,142,91,146,15,11,154,148"
699 1 FALSE 0.12865450468605 1 FALSE 0.09597204301776 TRUE 0.0123472356581582 "154,11,148,15,146,91,142,95,97,137" "137,97,95,142,91,146,15,148,11,154"
699 1 FALSE 0.12865450468605 2 FALSE 0.0830261936516842 FALSE 0.0106816938202255 "154,11,148,15,146,91,142,95,97,137" "137,97,95,142,91,146,15,11,154,148"
699 2 TRUE 0.120636376915248 1 TRUE 0.205015144978875 TRUE 0.0247322843030056 "154,11,148,15,146,91,142,95,137,97" "97,137,95,142,91,146,15,148,11,154"
699 2 TRUE 0.120636376915248 2 FALSE 0.17736026652464 FALSE 0.0213960999622553 "154,11,148,15,146,91,142,95,137,97" "97,137,95,142,91,146,15,11,154,148"
700 1 FALSE 0.10040434557032 1 FALSE 0.0804850416398221 TRUE 0.00808104793404629 "154,11,148,15,146,91,142,95,97,137" "137,97,95,142,91,146,15,148,11,154"
700 1 FALSE 0.10040434557032 2 FALSE 0.063369761087165 FALSE 0.00636259939090433 "154,11,148,15,146,91,142,95,97,137" "137,97,142,91,146,15,148,11,154,95"
700 2 TRUE 0.096410990916955 1 TRUE 0.188760630863688 TRUE 0.0181985994676778 "154,11,148,15,146,91,142,95,137,97" "97,137,95,142,91,146,15,148,11,154"
700 2 TRUE 0.096410990916955 2 FALSE 0.13594937781607 FALSE 0.0131070142297908 "154,11,148,15,146,91,142,95,137,97" "97,137,95,142,91,146,15,11,154,148"
701 1 TRUE 0.0538636602910299 1 FALSE 0.13844074036466 FALSE 0.00745692500944074 "154,11,148,15,146,91,142,95,137,97" "97,137,95,142,91,146,15,11,148,154"
701 1 TRUE 0.0538636602910299 2 TRUE 0.135256308729897 TRUE 0.00728539986564582 "154,11,148,15,146,91,142,95,137,97" "97,137,95,142,91,146,15,148,11,154"
701 2 FALSE 0.0519907085260643 1 FALSE 0 FALSE 0 "154,11,15,146,91,142,95,137,97,148" "0,0,0,0,0,0,0,0,0,0"
701 2 FALSE 0.0519907085260643 2 FALSE 0 FALSE 0 "154,11,15,146,91,142,95,137,97,148" "0,0,0,0,0,0,0,0,0,0"
702 1 TRUE 0.0730108267971818 1 TRUE 0.137445229307686 TRUE 0.0100349898310824 "154,11,148,15,146,91,142,95,137,97" "97,137,95,142,91,146,15,148,11,154"
702 1 TRUE 0.0730108267971818 2 FALSE 0.106590626729993 FALSE 0.00778226978638656 "154,11,148,15,146,91,142,95,137,97" "97,137,95,142,91,146,15,11,148,154"
702 2 FALSE 0.0643992933800783 1 FALSE 0.0563891158493046 TRUE 0.00363141921502259 "154,11,148,15,146,91,142,95,97,137" "137,97,95,142,91,146,15,148,11,154"
702 2 FALSE 0.0643992933800783 2 FALSE 0.043730518908534 FALSE 0.00281621451685374 "154,11,148,15,146,91,142,95,97,137" "137,97,95,142,91,146,15,11,148,154"
703 1 FALSE 0.101559107018683 1 FALSE 0.0646330393356285 FALSE 0.00656407375882982 "154,11,148,15,146,91,142,95,97,137" "137,97,95,142,91,146,15,11,148,154"
703 1 FALSE 0.101559107018683 2 FALSE 0.0612366100724039 TRUE 0.0062191354358046 "154,11,148,15,146,91,142,95,97,137" "137,97,95,142,91,146,15,148,11,154"
703 2 TRUE 0.099847436675671 1 FALSE 0.143810625758452 FALSE 0.0143591223487056 "154,11,148,15,146,91,142,95,137,97" "97,137,95,142,91,146,15,11,148,154"
703 2 TRUE 0.099847436675671 2 TRUE 0.136253459598398 TRUE 0.0136045586790921 "154,11,148,15,146,91,142,95,137,97" "97,137,95,142,91,146,15,148,11,154"
704 1 TRUE 0.0731616109119476 1 TRUE 0.149966465485598 TRUE 0.0109717881976973 "154,11,148,15,146,91,142,95,137,97" "97,137,95,142,91,146,15,148,11,154"
704 1 TRUE 0.0731616109119476 2 FALSE 0.129853610081849 FALSE 0.00950029929632 "154,11,148,15,146,91,142,95,137,97" "97,137,95,142,91,146,15,11,148,154"
704 2 FALSE 0.0628489370334018 1 FALSE 0.0613104122811951 TRUE 0.00385329424095274 "154,11,148,15,146,91,142,95,97,137" "137,97,95,142,91,146,15,148,11,154"
704 2 FALSE 0.0628489370334018 2 FALSE 0.0530877242758268 FALSE 0.00333650704025804 "154,11,148,15,146,91,142,95,97,137" "137,97,95,142,91,146,15,11,148,154"
705 1 TRUE 0.113438201769768 1 TRUE 0.170531383868508 TRUE 0.0193447735313535 "154,11,148,15,146,91,142,95,137,97" "97,137,95,142,91,146,15,148,11,154"
705 1 TRUE 0.113438201769768 2 FALSE 0.139434714597894 FALSE 0.0158172232882659 "154,11,148,15,146,91,142,95,137,97" "97,137,95,142,91,146,15,11,148,154"
705 2 FALSE 0.103908163138703 1 FALSE 0.0846503505749084 TRUE 0.00879586243728601 "154,11,148,15,146,91,142,95,97,137" "137,97,95,142,91,146,15,148,11,154"
705 2 FALSE 0.103908163138703 2 FALSE 0.0692142244158716 FALSE 0.00719192292212321 "154,11,148,15,146,91,142,95,97,137" "137,97,95,142,91,146,15,11,148,154"
706 1 TRUE 0.0953769912185856 1 FALSE 0.217129381795278 FALSE 0.0207091471407851 "154,11,148,15,146,91,142,95,137,97" "97,137,95,142,91,146,15,11,148,154"
706 1 TRUE 0.0953769912185856 2 TRUE 0.13983689569051 TRUE 0.013337222372308 "154,11,148,15,146,91,142,95,137,97" "97,137,95,142,91,146,15,148,11,154"
706 2 FALSE 0.0876016930214183 1 FALSE 0.114464197619503 FALSE 0.0100272575018067 "154,11,148,15,146,91,142,95,97,137" "137,97,95,142,91,146,15,11,148,154"
706 2 FALSE 0.0876016930214183 2 FALSE 0.0737178816172746 TRUE 0.00645781123562574 "154,11,148,15,146,91,142,95,97,137" "137,97,95,142,91,146,15,148,11,154"
707 1 TRUE 0.0943879226286909 1 TRUE 0.190804172797139 TRUE 0.0180096094992078 "154,11,148,15,146,91,142,95,137,97" "97,137,95,142,91,146,15,148,11,154"
707 1 TRUE 0.0943879226286909 2 FALSE 0.142112899741065 FALSE 0.0134137413852985 "154,11,148,15,146,91,142,95,137,97" "97,137,95,142,91,146,15,11,148,154"
707 2 FALSE 0.0751250812758968 1 FALSE 0.0880637589228069 TRUE 0.00661579704653685 "154,11,148,15,146,91,142,95,97,137" "137,97,95,142,91,146,15,148,11,154"
707 2 FALSE 0.0751250812758968 2 FALSE 0.0655907884987607 FALSE 0.00492751331691956 "154,11,148,15,146,91,142,95,97,137" "137,97,95,142,91,146,15,11,148,154"
708 1 TRUE 0.100883970467185 1 TRUE 0.162161004123155 TRUE 0.0163594459508894 "154,11,148,15,146,91,142,95,137,97" "97,137,95,142,91,146,15,148,11,154"
708 1 TRUE 0.100883970467185 2 FALSE 0.116901828013942 FALSE 0.0117935205649185 "154,11,148,15,146,91,142,95,137,97" "97,137,95,142,91,146,15,11,148,154"
708 2 FALSE 0.0928132528298105 1 FALSE 0.0699603562244574 TRUE 0.00649324823032417 "154,11,148,15,146,91,142,95,97,137" "137,97,95,142,91,146,15,148,11,154"
708 2 FALSE 0.0928132528298105 2 FALSE 0.0582369082423217 FALSE 0.00540515688872108 "154,11,148,15,146,91,142,95,97,137" "137,97,142,91,146,15,148,11,154,95"
709 1 FALSE 0.0862409972200987 1 FALSE 0.0816143945024857 TRUE 0.00703850676940891 "154,11,148,15,146,91,142,95,97,137" "137,97,95,142,91,146,15,148,11,154"
709 1 FALSE 0.0862409972200987 2 FALSE 0.0631069161032523 FALSE 0.00544240337622958 "154,11,148,15,146,91,142,95,97,137" "137,97,95,142,91,146,15,11,148,154"
709 2 TRUE 0.0833339973138032 1 TRUE 0.161773762214082 TRUE 0.0134812542657922 "154,11,148,15,146,91,142,95,137,97" "97,137,95,142,91,146,15,148,11,154"
709 2 TRUE 0.0833339973138032 2 FALSE 0.125088757957282 FALSE 0.0104241462195991 "154,11,148,15,146,91,142,95,137,97" "97,137,95,142,91,146,15,11,148,154"
710 1 TRUE 0.0948293462021826 1 FALSE 0.129894236063511 FALSE 0.0123177854813347 "154,11,148,15,146,91,142,95,137,97" "97,137,95,142,91,146,15,11,148,154"
710 1 TRUE 0.0948293462021826 2 TRUE 0.112404955654444 TRUE 0.0106592884545962 "154,11,148,15,146,91,142,95,137,97" "97,137,95,142,91,146,15,148,11,154"
710 2 FALSE 0.0786085369833882 1 FALSE 0.0587052508288276 FALSE 0.00461473388089697 "154,11,148,15,146,91,142,95,97,137" "137,97,95,142,91,146,15,11,148,154"
710 2 FALSE 0.0786085369833882 2 FALSE 0.0508010310239703 TRUE 0.00399339472604202 "154,11,148,15,146,91,142,95,97,137" "137,97,95,142,91,146,15,148,11,154"
711 1 FALSE 0.0624088606292161 1 FALSE 0.0679480257657859 TRUE 0.00424055887004732 "154,11,148,15,146,91,142,95,97,137" "137,97,95,142,91,146,15,148,11,154"
711 1 FALSE 0.0624088606292161 2 FALSE 0.064317858857417 FALSE 0.00401400428940213 "154,11,148,15,146,91,142,95,97,137" "137,97,95,142,91,146,15,11,148,154"
711 2 TRUE 0.0617016780725111 1 TRUE 0.150151605012033 TRUE 0.00926460599452333 "154,11,148,15,146,91,142,95,137,97" "97,137,95,142,91,146,15,148,11,154"
711 2 TRUE 0.0617016780725111 2 FALSE 0.142129659096606 FALSE 0.00876963847013456 "154,11,148,15,146,91,142,95,137,97" "97,137,95,142,91,146,15,11,148,154"
712 1 TRUE 0.0759803934441809 1 TRUE 0.232516269918607 TRUE 0.0176666776705891 "154,11,148,15,146,91,142,95,137,97" "97,137,95,142,91,146,15,148,11,154"
712 1 TRUE 0.0759803934441809 2 FALSE 0.200918553771865 FALSE 0.0152658707658221 "154,11,148,15,146,91,142,95,137,97" "97,137,95,142,91,146,15,11,148,154"
712 2 FALSE 0.0726858506390132 1 FALSE 0.10714044789735 TRUE 0.00778759459326375 "154,11,148,15,146,91,142,95,97,137" "137,97,95,142,91,146,15,148,11,154"
712 2 FALSE 0.0726858506390132 2 FALSE 0.0925806346779122 FALSE 0.00672930218426377 "154,11,148,15,146,91,142,95,97,137" "137,97,95,142,91,146,15,11,148,154"
713 1 TRUE 0.0844683707036089 1 TRUE 0.225726573375103 TRUE 0.0190667558775035 "154,11,148,15,146,91,142,95,137,97" "97,137,95,142,91,146,15,148,11,154"
713 1 TRUE 0.0844683707036089 2 FALSE 0.220096205331733 FALSE 0.0185911678624184 "154,11,148,15,146,91,142,95,137,97" "97,137,95,142,91,146,15,11,148,154"
713 2 FALSE 0.0744819623445615 1 FALSE 0.104850893138748 TRUE 0.0078095002745539 "154,11,148,15,146,91,142,95,97,137" "137,97,95,142,91,146,15,148,11,154"
713 2 FALSE 0.0744819623445615 2 FALSE 0.102235564738462 FALSE 0.00761470548312512 "154,11,148,15,146,91,142,95,97,137" "137,97,95,142,91,146,15,11,148,154"
714 1 TRUE 0.080642879018521 1 TRUE 0.191785397929436 TRUE 0.0154661266427424 "154,11,148,15,146,91,142,95,137,97" "97,137,95,142,91,146,15,148,11,154"
714 1 TRUE 0.080642879018521 2 FALSE 0.187232013468657 FALSE 0.015098928610547 "154,11,148,15,146,91,142,95,137,97" "97,137,95,142,91,146,15,11,148,154"
714 2 FALSE 0.0699169788534961 1 FALSE 0.083983690114085 TRUE 0.00587188588574505 "154,11,148,15,146,91,142,95,97,137" "137,97,95,142,91,146,15,148,11,154"
714 2 FALSE 0.0699169788534961 2 FALSE 0.0819897425369862 FALSE 0.00573247509516205 "154,11,148,15,146,91,142,95,97,137" "137,97,95,142,91,146,15,11,148,154"
715 1 TRUE 0.084326396208629 1 FALSE 0.194225261551295 FALSE 0.0163783163592991 "154,11,148,15,146,91,142,95,137,97" "97,137,95,142,91,146,15,11,148,154"
715 1 TRUE 0.084326396208629 2 TRUE 0.192363487116403 TRUE 0.0162213196306513 "154,11,148,15,146,91,142,95,137,97" "97,137,95,142,91,146,15,148,11,154"
715 2 FALSE 0.0630854903626267 1 FALSE 0.0827375415889258 FALSE 0.00521953838253561 "154,11,148,15,146,91,142,95,97,137" "137,97,95,142,91,146,15,11,148,154"
715 2 FALSE 0.0630854903626267 2 FALSE 0.0819444488753122 TRUE 0.00516950573979427 "154,11,148,15,146,91,142,95,97,137" "137,97,95,142,91,146,15,148,11,154"
716 1 TRUE 0.0748911939384593 1 FALSE 0.195752974549423 FALSE 0.0146601739810111 "154,11,148,15,146,91,142,95,137,97" "97,137,95,142,91,146,15,11,148,154"
716 1 TRUE 0.0748911939384593 2 TRUE 0.190554141420199 TRUE 0.0142708271608767 "154,11,148,15,146,91,142,95,137,97" "97,137,95,142,91,146,15,148,11,154"
716 2 FALSE 0.0652017672294403 1 FALSE 0.083236179531458 FALSE 0.00542714600287803 "154,11,148,15,146,91,142,95,97,137" "137,97,95,142,91,146,15,11,148,154"
716 2 FALSE 0.0652017672294403 2 FALSE 0.0810255821768367 TRUE 0.00528301114872399 "154,11,148,15,146,91,142,95,97,137" "137,97,95,142,91,146,15,148,11,154"
717 1 TRUE 0.0833976350099001 1 TRUE 0.219934112319935 TRUE 0.0183419848254843 "154,11,148,15,146,91,142,95,137,97" "97,137,95,142,91,146,15,148,11,154"
717 1 TRUE 0.0833976350099001 2 FALSE 0.177280223870008 FALSE 0.0147847514047843 "154,11,148,15,146,91,142,95,137,97" "97,137,95,142,91,146,15,11,148,154"
717 2 FALSE 0.0614304257881781 1 FALSE 0.105543425111707 TRUE 0.00648357754375485 "154,11,148,15,146,91,142,95,97,137" "137,97,95,142,91,146,15,148,11,154"
717 2 FALSE 0.0614304257881781 2 FALSE 0.0850743972112547 FALSE 0.00522615644435997 "154,11,148,15,146,91,142,95,97,137" "137,97,95,142,91,146,15,11,148,154"
718 1 TRUE 0.0859874921131323 1 TRUE 0.207138568332726 TRUE 0.0178113260108358 "154,11,148,15,146,91,142,95,137,97" "97,137,95,142,91,146,15,148,11,154"
718 1 TRUE 0.0859874921131323 2 FALSE 0.182293112379362 FALSE 0.0156749275629987 "154,11,148,15,146,91,142,95,137,97" "97,137,95,142,91,146,15,11,148,154"
718 2 FALSE 0.0595895261370917 1 FALSE 0.104181809738852 TRUE 0.00620814467444282 "154,11,148,15,146,91,142,95,97,137" "137,97,95,142,91,146,15,148,11,154"
718 2 FALSE 0.0595895261370917 2 FALSE 0.0916856117307114 FALSE 0.00546350215662247 "154,11,148,15,146,91,142,95,97,137" "137,97,95,142,91,146,15,11,148,154"
719 1 TRUE 0.082071608135722 1 TRUE 0.206568775358104 TRUE 0.0169534315842663 "154,11,148,15,146,91,142,95,137,97" "97,137,95,142,91,146,15,148,11,154"
719 1 TRUE 0.082071608135722 2 FALSE 0.193825538172665 FALSE 0.0159075736156024 "154,11,148,15,146,91,142,95,137,97" "97,137,95,142,91,146,15,11,148,154"
719 2 FALSE 0.0606616234046641 1 FALSE 0.0996457100507962 TRUE 0.00604467053699175 "154,11,148,15,146,91,142,95,97,137" "137,97,95,142,91,146,15,148,11,154"
719 2 FALSE 0.0606616234046641 2 FALSE 0.0934985616471351 FALSE 0.00567177453551628 "154,11,148,15,146,91,142,95,97,137" "137,97,95,142,91,146,15,11,148,154"
720 1 TRUE 0.0845036457971555 1 TRUE 0.20326945724543 TRUE 0.0171770102164478 "154,11,148,15,146,91,142,95,137,97" "97,137,95,142,91,146,15,148,11,154"
720 1 TRUE 0.0845036457971555 2 FALSE 0.179076158221675 FALSE 0.0151325882450798 "154,11,148,15,146,91,142,95,137,97" "97,137,95,142,91,146,15,11,148,154"
720 2 FALSE 0.0622763835140175 1 FALSE 0.0996750639081015 TRUE 0.00620740250672513 "154,11,148,15,146,91,142,95,97,137" "137,97,95,142,91,146,15,148,11,154"
720 2 FALSE 0.0622763835140175 2 FALSE 0.0878116553123431 FALSE 0.00546859232323219 "154,11,148,15,146,91,142,95,97,137" "137,97,95,142,91,146,15,11,148,154"
721 1 TRUE 0.0751526621839102 1 FALSE 0.218466540218151 FALSE 0.0164183420955023 "154,11,148,15,146,91,142,95,137,97" "97,137,95,142,91,146,15,11,148,154"
721 1 TRUE 0.0751526621839102 2 TRUE 0.208540448859905 TRUE 0.0156723699048495 "154,11,148,15,146,91,142,95,137,97" "97,137,95,142,91,146,15,148,11,154"
721 2 FALSE 0.0726475734444466 1 FALSE 0.0999528139884684 FALSE 0.00726132939520636 "154,11,148,15,146,91,142,95,97,137" "137,97,95,142,91,146,15,11,148,154"
721 2 FALSE 0.0726475734444466 2 FALSE 0.0954114285562985 TRUE 0.00693140876348326 "154,11,148,15,146,91,142,95,97,137" "137,97,95,142,91,146,15,148,11,154"
722 1 TRUE 0.109123152481086 1 TRUE 0.203563528677193 TRUE 0.0222134939794293 "154,11,148,15,146,91,142,95,137,97" "97,137,95,142,91,146,15,148,11,154"
722 1 TRUE 0.109123152481086 2 FALSE 0.184007920540215 FALSE 0.0200795243708375 "154,11,148,15,146,91,142,95,137,97" "97,137,95,142,91,146,15,11,148,154"
722 2 FALSE 0.0706534696939752 1 FALSE 0.103577994751079 TRUE 0.0073181447131081 "154,11,148,15,146,91,142,95,97,137" "137,97,95,142,91,146,15,148,11,154"
722 2 FALSE 0.0706534696939752 2 FALSE 0.0936276333571279 FALSE 0.00661511715591645 "154,11,148,15,146,91,142,95,97,137" "137,97,95,142,91,146,15,11,148,154"
723 1 TRUE 0.0946902206722021 1 TRUE 0.194311441945066 TRUE 0.0183993933169121 "154,11,148,15,146,91,142,95,137,97" "97,137,95,142,91,146,15,148,11,154"
723 1 TRUE 0.0946902206722021 2 FALSE 0.182816314733288 FALSE 0.0173109171845738 "154,11,148,15,146,91,142,95,137,97" "97,137,95,142,91,146,15,11,148,154"
723 2 FALSE 0.0724646432039102 1 FALSE 0.0899263720370598 TRUE 0.00651648246428762 "154,11,148,15,146,91,142,95,97,137" "137,97,95,142,91,146,15,148,11,154"
723 2 FALSE 0.0724646432039102 2 FALSE 0.084606484150314 FALSE 0.00613097868668978 "154,11,148,15,146,91,142,95,97,137" "137,97,95,142,91,146,15,11,148,154"
724 1 TRUE 0.0920581956643576 1 FALSE 0.172951184149067 FALSE 0.0159215739507771 "154,11,148,15,146,91,142,95,137,97" "97,137,95,142,91,146,15,11,148,154"
724 1 TRUE 0.0920581956643576 2 FALSE 0.155705339575798 FALSE 0.0143339526166541 "154,11,148,15,146,91,142,95,137,97" "97,137,95,142,91,146,15,11,154,148"
724 2 FALSE 0.0805509212063129 1 FALSE 0.073521872577142 FALSE 0.00592225456490194 "154,11,148,15,146,91,142,95,97,137" "137,97,95,142,91,146,15,11,148,154"
724 2 FALSE 0.0805509212063129 2 FALSE 0.0661906317218715 FALSE 0.00533171636042454 "154,11,148,15,146,91,142,95,97,137" "137,97,95,142,91,146,15,11,154,148"
725 1 TRUE 0.116937607565248 1 TRUE 0.184729889516417 TRUE 0.0216018713258424 "154,11,148,15,146,91,142,95,137,97" "97,137,95,142,91,146,15,148,11,154"
725 1 TRUE 0.116937607565248 2 FALSE 0.173582887427333 FALSE 0.0202983675700201 "154,11,148,15,146,91,142,95,137,97" "97,137,95,142,91,146,15,11,148,154"
725 2 FALSE 0.0893883967604027 1 FALSE 0.0874445742781927 TRUE 0.00781653030012359 "154,11,148,15,146,91,142,95,97,137" "137,97,95,142,91,146,15,148,11,154"
725 2 FALSE 0.0893883967604027 2 FALSE 0.0821679790574101 FALSE 0.00734486391298423 "154,11,148,15,146,91,142,95,97,137" "137,97,95,142,91,146,15,11,148,154"
726 1 TRUE 0.10995009575998 1 FALSE 0.163998852653319 FALSE 0.0180316895537594 "154,11,148,15,146,91,142,95,137,97" "97,137,95,142,91,146,15,11,148,154"
726 1 TRUE 0.10995009575998 2 TRUE 0.162463804970267 TRUE 0.0178629109140116 "154,11,148,15,146,91,142,95,137,97" "97,137,95,142,91,146,15,148,11,154"
726 2 FALSE 0.106264617689814 1 FALSE 0.084004210216531 FALSE 0.00892667528299439 "154,11,148,15,146,91,142,95,97,137" "137,97,95,142,91,146,15,11,148,154"
726 2 FALSE 0.106264617689814 2 FALSE 0.0832179213725956 TRUE 0.00884312059959983 "154,11,148,15,146,91,142,95,97,137" "137,97,95,142,91,146,15,148,11,154"
727 1 TRUE 0.1250130349237 1 FALSE 0.205829519908995 FALSE 0.0257313729607115 "154,11,148,15,146,91,142,95,137,97" "97,137,95,142,91,146,15,11,148,154"
727 1 TRUE 0.1250130349237 2 TRUE 0.184458573882896 TRUE 0.0230597261387983 "154,11,148,15,146,91,142,95,137,97" "97,137,95,142,91,146,15,148,11,154"
727 2 FALSE 0.0872911856039919 1 FALSE 0.205829519908995 FALSE 0.0179671028251566 "154,11,148,15,146,142,91,95,137,97" "97,137,95,142,91,146,15,11,148,154"
727 2 FALSE 0.0872911856039919 2 TRUE 0.184458573882896 FALSE 0.0161016076090595 "154,11,148,15,146,142,91,95,137,97" "97,137,95,142,91,146,15,148,11,154"
728 1 TRUE 0.137768156605617 1 FALSE 0.202684846454938 FALSE 0.0279235176679892 "154,11,148,15,146,91,142,95,137,97" "97,137,95,142,91,146,15,11,148,154"
728 1 TRUE 0.137768156605617 2 TRUE 0.139587343743075 TRUE 0.0192306910329581 "154,11,148,15,146,91,142,95,137,97" "97,137,95,142,91,146,15,148,11,154"
728 2 FALSE 0.0909366424862977 1 FALSE 0.202684846454938 FALSE 0.0184314794194628 "154,11,148,15,146,142,91,95,137,97" "97,137,95,142,91,146,15,11,148,154"
728 2 FALSE 0.0909366424862977 2 TRUE 0.139587343743075 FALSE 0.012693604373576 "154,11,148,15,146,142,91,95,137,97" "97,137,95,142,91,146,15,148,11,154"
729 1 TRUE 0.132606290933962 1 FALSE 0.189533832251661 FALSE 0.0251333785013925 "154,11,148,15,146,91,142,95,137,97" "97,137,95,142,91,146,15,11,148,154"
729 1 TRUE 0.132606290933962 2 TRUE 0.0990063289302686 TRUE 0.0131288620584307 "154,11,148,15,146,91,142,95,137,97" "97,137,95,142,91,146,15,148,11,154"
729 2 FALSE 0.0884516111688826 1 FALSE 0.189533832251661 FALSE 0.0167645728336721 "154,11,148,15,146,142,91,95,137,97" "97,137,95,142,91,146,15,11,148,154"
729 2 FALSE 0.0884516111688826 2 TRUE 0.0990063289302686 FALSE 0.00875726930979861 "154,11,148,15,146,142,91,95,137,97" "97,137,95,142,91,146,15,148,11,154"
730 1 TRUE 0.100844946789732 1 FALSE 0.229140040780309 FALSE 0.0231076152198872 "154,11,148,15,146,91,142,95,137,97" "97,137,95,142,91,146,15,11,148,154"
730 1 TRUE 0.100844946789732 2 TRUE 0.140745439159052 TRUE 0.0141934663228921 "154,11,148,15,146,91,142,95,137,97" "97,137,95,142,91,146,15,148,11,154"
730 2 FALSE 0.0724150964923005 1 FALSE 0.229140040780309 FALSE 0.0165931981633557 "154,11,148,15,146,142,91,95,137,97" "97,137,95,142,91,146,15,11,148,154"
730 2 FALSE 0.0724150964923005 2 TRUE 0.140745439159052 FALSE 0.010192094557554 "154,11,148,15,146,142,91,95,137,97" "97,137,95,142,91,146,15,148,11,154"
731 1 TRUE 0.129846441574059 1 TRUE 0.189077190361889 TRUE 0.0245510003513123 "154,11,148,15,146,91,142,95,137,97" "97,137,95,142,91,146,15,148,11,154"
731 1 TRUE 0.129846441574059 2 FALSE 0.157129226954781 FALSE 0.020402670987361 "154,11,148,15,146,91,142,95,137,97" "97,137,95,142,91,146,15,11,154,148"
731 2 FALSE 0.0835148703760423 1 FALSE 0.0852135738859157 TRUE 0.00711660057736155 "154,11,148,15,146,91,142,95,97,137" "137,97,95,142,91,146,15,148,11,154"
731 2 FALSE 0.0835148703760423 2 FALSE 0.070815220837166 FALSE 0.00591412398886673 "154,11,148,15,146,91,142,95,97,137" "137,97,95,142,91,146,15,11,154,148"
732 1 TRUE 0.125515511475496 1 FALSE 0.176546671612483 FALSE 0.0221593457867373 "154,11,148,15,146,91,142,95,137,97" "97,137,95,142,91,146,15,11,148,154"
732 1 TRUE 0.125515511475496 2 TRUE 0.137490443259057 TRUE 0.0172571833086532 "154,11,148,15,146,91,142,95,137,97" "97,137,95,142,91,146,15,148,11,154"
732 2 FALSE 0.0659244314859831 1 FALSE 0.0722117246755103 FALSE 0.00476051689585536 "154,11,148,15,146,91,142,95,97,137" "137,97,95,142,91,146,15,11,148,154"
732 2 FALSE 0.0659244314859831 2 FALSE 0.0562368123026958 TRUE 0.00370737987963916 "154,11,148,15,146,91,142,95,97,137" "137,97,95,142,91,146,15,148,11,154"
733 1 TRUE 0.146368486069114 1 FALSE 0.200101028080669 FALSE 0.0292884845410409 "154,11,148,15,146,91,142,95,137,97" "97,137,95,142,91,146,15,11,148,154"
733 1 TRUE 0.146368486069114 2 TRUE 0.180299314879796 TRUE 0.0263901377582543 "154,11,148,15,146,91,142,95,137,97" "97,137,95,142,91,146,15,148,11,154"
733 2 FALSE 0.121702511119646 1 FALSE 0.200101028080669 FALSE 0.0243527975950402 "154,11,148,15,146,142,91,95,137,97" "97,137,95,142,91,146,15,11,148,154"
733 2 FALSE 0.121702511119646 2 TRUE 0.180299314879796 FALSE 0.0219428793740229 "154,11,148,15,146,142,91,95,137,97" "97,137,95,142,91,146,15,148,11,154"
734 1 TRUE 0.12717479454199 1 FALSE 0.187641158849305 FALSE 0.0238632258242813 "154,11,148,15,146,91,142,95,137,97" "97,137,95,142,91,146,15,11,148,154"
734 1 TRUE 0.12717479454199 2 TRUE 0.176138306864652 TRUE 0.0224003529864862 "154,11,148,15,146,91,142,95,137,97" "97,137,95,142,91,146,15,148,11,154"
734 2 FALSE 0.111472216713177 1 FALSE 0.187641158849305 FALSE 0.0209167759235613 "154,11,148,15,146,142,91,95,137,97" "97,137,95,142,91,146,15,11,148,154"
734 2 FALSE 0.111472216713177 2 TRUE 0.176138306864652 FALSE 0.0196345275143085 "154,11,148,15,146,142,91,95,137,97" "97,137,95,142,91,146,15,148,11,154"
735 1 TRUE 0.135248230700877 1 TRUE 0.137364545617063 TRUE 0.0185783117557376 "154,11,148,15,146,91,142,95,137,97" "97,137,95,142,91,146,15,148,11,154"
735 1 TRUE 0.135248230700877 2 FALSE 0.13172369619091 FALSE 0.0178153968512004 "154,11,148,15,146,91,142,95,137,97" "97,137,95,142,91,146,15,11,148,154"
735 2 FALSE 0.0899513173307493 1 FALSE 0.0651123403291642 TRUE 0.00585694078709639 "154,11,148,15,146,91,142,95,97,137" "137,97,95,142,91,146,15,148,11,154"
735 2 FALSE 0.0899513173307493 2 FALSE 0.0624385142270119 FALSE 0.00561642660689445 "154,11,148,15,146,91,142,95,97,137" "137,97,95,142,91,146,15,11,148,154"
736 1 TRUE 0.130400743352836 1 TRUE 0.140449773694785 TRUE 0.0183147548935376 "154,11,148,15,146,91,142,95,137,97" "97,137,95,142,91,146,15,148,11,154"
736 1 TRUE 0.130400743352836 2 FALSE 0.131371428826146 FALSE 0.0171309319742537 "154,11,148,15,146,91,142,95,137,97" "97,137,95,142,91,146,15,11,148,154"
736 2 FALSE 0.101422053304799 1 TRUE 0.140449773694785 FALSE 0.0142447044343195 "154,11,148,15,146,142,91,95,137,97" "97,137,95,142,91,146,15,148,11,154"
736 2 FALSE 0.101422053304799 2 FALSE 0.131371428826146 FALSE 0.013323960057133 "154,11,148,15,146,142,91,95,137,97" "97,137,95,142,91,146,15,11,148,154"
737 1 TRUE 0.162911777708657 1 FALSE 0.198488987531839 FALSE 0.0323361938144033 "154,11,148,15,146,91,142,95,137,97" "97,137,95,142,91,146,15,11,148,154"
737 1 TRUE 0.162911777708657 2 TRUE 0.171317633781934 TRUE 0.0279096602722556 "154,11,148,15,146,91,142,95,137,97" "97,137,95,142,91,146,15,148,11,154"
737 2 FALSE 0.11318932446259 1 FALSE 0.0949380817515147 FALSE 0.0107459773392281 "154,11,148,15,146,91,142,95,97,137" "137,97,95,142,91,146,15,11,148,154"
737 2 FALSE 0.11318932446259 2 FALSE 0.081941913874977 TRUE 0.0092749498766804 "154,11,148,15,146,91,142,95,97,137" "137,97,95,142,91,146,15,148,11,154"
738 1 TRUE 0.130834869804987 1 FALSE 0.150958909791729 FALSE 0.0197506893085037 "154,11,148,15,146,91,142,95,137,97" "97,137,95,142,91,146,15,11,148,154"
738 1 TRUE 0.130834869804987 2 TRUE 0.117165071735619 TRUE 0.0153292769062217 "154,11,148,15,146,91,142,95,137,97" "97,137,95,142,91,146,15,148,11,154"
738 2 FALSE 0.103312153184886 1 FALSE 0.150958909791729 FALSE 0.0155958900130266 "154,11,148,15,146,142,91,95,137,97" "97,137,95,142,91,146,15,11,148,154"
738 2 FALSE 0.103312153184886 2 TRUE 0.117165071735619 FALSE 0.0121045758390685 "154,11,148,15,146,142,91,95,137,97" "97,137,95,142,91,146,15,148,11,154"
739 1 TRUE 0.126735426794401 1 FALSE 0.192946342253476 FALSE 0.0244531370339128 "154,11,148,15,146,91,142,95,137,97" "97,137,95,142,91,146,15,11,148,154"
739 1 TRUE 0.126735426794401 2 TRUE 0.159331667143955 TRUE 0.0201929668373525 "154,11,148,15,146,91,142,95,137,97" "97,137,95,142,91,146,15,148,11,154"
739 2 FALSE 0.100209407232782 1 FALSE 0.0963898615938089 FALSE 0.0096591708935655 "154,11,148,15,146,91,142,95,97,137" "137,97,95,142,91,146,15,11,148,154"
739 2 FALSE 0.100209407232782 2 FALSE 0.0795970380373459 TRUE 0.00797637199920764 "154,11,148,15,146,91,142,95,97,137" "137,97,95,142,91,146,15,148,11,154"
740 1 TRUE 0.117041898077265 1 TRUE 0.168833203077343 TRUE 0.0197605585466366 "154,11,148,15,146,91,142,95,137,97" "97,137,95,142,91,146,15,148,11,154"
740 1 TRUE 0.117041898077265 2 FALSE 0.153351284980077 FALSE 0.0179485254666559 "154,11,148,15,146,91,142,95,137,97" "97,137,95,142,91,146,15,11,148,154"
740 2 FALSE 0.0911632874471163 1 FALSE 0.0761202895834742 TRUE 0.00693937583985599 "154,11,148,15,146,91,142,95,97,137" "137,97,95,142,91,146,15,148,11,154"
740 2 FALSE 0.0911632874471163 2 FALSE 0.069140098084462 FALSE 0.00630303863579563 "154,11,148,15,146,91,142,95,97,137" "137,97,95,142,91,146,15,11,148,154"
741 1 TRUE 0.122394181687469 1 TRUE 0.181621507300878 TRUE 0.0222294157629357 "154,11,148,15,146,91,142,95,137,97" "97,137,95,142,91,146,15,148,11,154"
741 1 TRUE 0.122394181687469 2 FALSE 0.166670066588123 FALSE 0.0203994464118494 "154,11,148,15,146,91,142,95,137,97" "97,137,95,142,91,146,15,11,148,154"
741 2 FALSE 0.0934306730438698 1 FALSE 0.0949232196731088 TRUE 0.00886874030154965 "154,11,148,15,146,91,142,95,97,137" "137,97,95,142,91,146,15,148,11,154"
741 2 FALSE 0.0934306730438698 2 FALSE 0.0871089530022836 FALSE 0.00813864810715017 "154,11,148,15,146,91,142,95,97,137" "137,97,95,142,91,146,15,11,148,154"
742 1 TRUE 0.124136755298522 1 FALSE 0.1703356784559 FALSE 0.0211449184350877 "154,11,148,15,146,91,142,95,137,97" "97,137,95,142,91,146,15,11,148,154"
742 1 TRUE 0.124136755298522 2 TRUE 0.136464116616331 TRUE 0.0169402126514304 "154,11,148,15,146,91,142,95,137,97" "97,137,95,142,91,146,15,148,11,154"
742 2 FALSE 0.0876301412876966 1 FALSE 0.1703356784559 FALSE 0.0149265395694262 "154,11,148,15,146,142,91,95,137,97" "97,137,95,142,91,146,15,11,148,154"
742 2 FALSE 0.0876301412876966 2 TRUE 0.136464116616331 FALSE 0.0119583698197898 "154,11,148,15,146,142,91,95,137,97" "97,137,95,142,91,146,15,148,11,154"
743 1 TRUE 0.141917830538362 1 FALSE 0.168998872518197 FALSE 0.0239839533512118 "154,11,148,15,146,91,142,95,137,97" "97,137,95,142,91,146,15,11,148,154"
743 1 TRUE 0.141917830538362 2 TRUE 0.13953848261045 TRUE 0.0198029987286901 "154,11,148,15,146,91,142,95,137,97" "97,137,95,142,91,146,15,148,11,154"
743 2 FALSE 0.0913911754029993 1 FALSE 0.168998872518197 FALSE 0.0154450056012197 "154,11,148,15,146,142,91,95,137,97" "97,137,95,142,91,146,15,11,148,154"
743 2 FALSE 0.0913911754029993 2 TRUE 0.13953848261045 FALSE 0.01275258593972 "154,11,148,15,146,142,91,95,137,97" "97,137,95,142,91,146,15,148,11,154"
744 1 TRUE 0.11863499155244 1 FALSE 0.17303659316082 FALSE 0.0205281947678969 "154,11,148,15,146,91,142,95,137,97" "97,137,95,142,91,146,15,11,148,154"
744 1 TRUE 0.11863499155244 2 TRUE 0.168524055858827 TRUE 0.0199928499431949 "154,11,148,15,146,91,142,95,137,97" "97,137,95,142,91,146,15,148,11,154"
744 2 FALSE 0.0849144513178964 1 FALSE 0.0773636145921847 FALSE 0.00656928888506457 "154,11,148,15,146,91,142,95,97,137" "137,97,95,142,91,146,15,11,148,154"
744 2 FALSE 0.0849144513178964 2 FALSE 0.0753460864480667 TRUE 0.00639797158968838 "154,11,148,15,146,91,142,95,97,137" "137,97,95,142,91,146,15,148,11,154"
745 1 TRUE 0.0888901159638118 1 TRUE 0.205796918660482 TRUE 0.0182933119647254 "154,11,148,15,146,91,142,95,137,97" "97,137,95,142,91,146,15,148,11,154"
745 1 TRUE 0.0888901159638118 2 FALSE 0.149439220174455 FALSE 0.0132836696108489 "154,11,148,15,146,91,142,95,137,97" "97,137,95,142,91,146,15,11,148,154"
745 2 FALSE 0.0801266240506638 1 TRUE 0.205796918660482 FALSE 0.0164898123322935 "154,11,148,15,146,142,91,95,137,97" "97,137,95,142,91,146,15,148,11,154"
745 2 FALSE 0.0801266240506638 2 FALSE 0.149439220174455 FALSE 0.011974060213343 "154,11,148,15,146,142,91,95,137,97" "97,137,95,142,91,146,15,11,148,154"
746 1 TRUE 0.102616039968143 1 TRUE 0.227875592984835 TRUE 0.0233836909574961 "154,11,148,15,146,91,142,95,137,97" "97,137,95,142,91,146,15,148,11,154"
746 1 TRUE 0.102616039968143 2 FALSE 0.211766922171866 FALSE 0.0217306829495188 "154,11,148,15,146,91,142,95,137,97" "97,137,95,142,91,146,15,11,148,154"
746 2 FALSE 0.0699116207635154 1 FALSE 0.0991146896663671 TRUE 0.00692926859604857 "154,11,148,15,146,91,142,95,97,137" "137,97,95,142,91,146,15,148,11,154"
746 2 FALSE 0.0699116207635154 2 FALSE 0.0921082091229625 FALSE 0.00643943418541112 "154,11,148,15,146,91,142,95,97,137" "137,97,95,142,91,146,15,11,148,154"
747 1 TRUE 0.109402161039981 1 TRUE 0.178719658503977 TRUE 0.0195523168606626 "154,11,148,15,146,91,142,95,137,97" "97,137,95,142,91,146,15,148,11,154"
747 1 TRUE 0.109402161039981 2 FALSE 0.176471165641374 FALSE 0.0193063268824109 "154,11,148,15,146,91,142,95,137,97" "97,137,95,142,91,146,15,11,148,154"
747 2 FALSE 0.0635538398447765 1 TRUE 0.178719658503977 FALSE 0.0113583205536749 "154,11,148,15,146,142,91,95,137,97" "97,137,95,142,91,146,15,148,11,154"
747 2 FALSE 0.0635538398447765 2 FALSE 0.176471165641374 FALSE 0.0112154201983929 "154,11,148,15,146,142,91,95,137,97" "97,137,95,142,91,146,15,11,148,154"
748 1 TRUE 0.112184370532541 1 FALSE 0.217281307168167 FALSE 0.0243755666731484 "154,11,148,15,146,91,142,95,137,97" "97,137,95,142,91,146,15,11,148,154"
748 1 TRUE 0.112184370532541 2 TRUE 0.183954742675501 TRUE 0.0206368470135266 "154,11,148,15,146,91,142,95,137,97" "97,137,95,142,91,146,15,148,11,154"
748 2 FALSE 0.0639219868709443 1 FALSE 0.0971573217306872 FALSE 0.00621048904408509 "154,11,148,15,146,91,142,95,97,137" "137,97,95,142,91,146,15,11,148,154"
748 2 FALSE 0.0639219868709443 2 FALSE 0.0822553506831437 TRUE 0.00525792544643283 "154,11,148,15,146,91,142,95,97,137" "137,97,95,142,91,146,15,148,11,154"
749 1 TRUE 0.114100491874655 1 TRUE 0.18111997355002 TRUE 0.0206658780703818 "154,11,148,15,146,91,142,95,137,97" "97,137,95,142,91,146,15,148,11,154"
749 1 TRUE 0.114100491874655 2 FALSE 0.154849723340849 FALSE 0.0176684295998451 "154,11,148,15,146,91,142,95,137,97" "97,137,95,142,91,146,15,11,148,154"
749 2 FALSE 0.0707400783044334 1 TRUE 0.18111997355002 FALSE 0.0128124411114253 "154,11,148,15,146,142,91,95,137,97" "97,137,95,142,91,146,15,148,11,154"
749 2 FALSE 0.0707400783044334 2 FALSE 0.154849723340849 FALSE 0.0109540815545515 "154,11,148,15,146,142,91,95,137,97" "97,137,95,142,91,146,15,11,148,154"
750 1 TRUE 0.0970573189059325 1 TRUE 0.188147337749204 TRUE 0.0182610761612267 "154,11,148,15,146,91,142,95,137,97" "97,137,95,142,91,146,15,148,11,154"
750 1 TRUE 0.0970573189059325 2 FALSE 0.187104373039002 FALSE 0.018159848802741 "154,11,148,15,146,91,142,95,137,97" "97,137,95,142,91,146,15,11,148,154"
750 2 FALSE 0.0762569561659269 1 TRUE 0.188147337749204 FALSE 0.0143475432874769 "154,11,148,15,146,142,91,95,137,97" "97,137,95,142,91,146,15,148,11,154"
750 2 FALSE 0.0762569561659269 2 FALSE 0.187104373039002 FALSE 0.0142680099732884 "154,11,148,15,146,142,91,95,137,97" "97,137,95,142,91,146,15,11,148,154"
