"expNo" "Rank" "isCorrect" "prob" "verifyRank" "verifyIsCorrect" "verifyProb" "match" "jointProb" "computedSeq" "verifySeq"
428 1 FALSE 0.0728453601820511 1 FALSE 0.085709068911928 FALSE 0.00624350799575763 "154,11,15,146,91,142,95,137,97,148" "148,11,15,146,91,142,95,137,97,154"
428 1 FALSE 0.0728453601820511 2 FALSE 0.0772892863236026 FALSE 0.0056301659004565 "154,11,15,146,91,142,95,137,97,148" "148,11,15,146,91,142,95,97,137,NA"
428 2 FALSE 0.0656892668644189 1 FALSE 0 FALSE 0 "154,11,15,146,91,142,95,97,137,NA" "0,0,0,0,0,0,0,0,0,0"
428 2 FALSE 0.0656892668644189 2 FALSE 0 FALSE 0 "154,11,15,146,91,142,95,97,137,NA" "0,0,0,0,0,0,0,0,0,0"
429 1 FALSE 0.0531613157069846 1 FALSE 0.0622119781968348 FALSE 0.00330727061367798 "154,11,15,146,91,142,95,137,97,148" "148,15,11,154,146,91,142,95,137,97"
429 1 FALSE 0.0531613157069846 2 FALSE 0.0589314100176274 FALSE 0.00313287129300485 "154,11,15,146,91,142,95,137,97,148" "148,11,15,146,91,142,95,137,97,154"
429 2 FALSE 0.0448616301414519 1 FALSE 0.110521235897274 FALSE 0.00495816280759967 "154,11,15,148,146,91,142,95,137,97" "97,137,95,142,91,146,15,11,148,154"
429 2 FALSE 0.0448616301414519 2 TRUE 0.097418437500718 FALSE 0.00437034991211536 "154,11,15,148,146,91,142,95,137,97" "97,137,95,142,91,146,15,148,11,154"
430 1 FALSE 0.0960929039074097 1 FALSE 0 FALSE 0 "154,11,15,146,91,142,95,137,97,148" "0,0,0,0,0,0,0,0,0,0"
430 1 FALSE 0.0960929039074097 2 FALSE 0 FALSE 0 "154,11,15,146,91,142,95,137,97,148" "0,0,0,0,0,0,0,0,0,0"
430 2 TRUE 0.0726709268169148 1 TRUE 0.163969157114076 TRUE 0.0119157906168682 "154,11,148,15,146,91,142,95,137,97" "97,137,95,142,91,146,15,148,11,154"
430 2 TRUE 0.0726709268169148 2 FALSE 0.129178024886111 FALSE 0.00938748679285221 "154,11,148,15,146,91,142,95,137,97" "97,137,95,142,91,146,15,11,154,148"
431 1 TRUE 0.0738333742790107 1 TRUE 0.134367557670956 TRUE 0.00992081017647622 "154,11,148,15,146,91,142,95,137,97" "97,137,95,142,91,146,15,148,11,154"
431 1 TRUE 0.0738333742790107 2 FALSE 0.12350293798903 FALSE 0.00911863864510147 "154,11,148,15,146,91,142,95,137,97" "97,137,95,142,91,146,15,11,154,148"
431 2 FALSE 0.0487688104953735 1 TRUE 0.134367557670956 FALSE 0.006552945956781 "154,11,148,15,146,142,91,95,137,97" "97,137,95,142,91,146,15,148,11,154"
431 2 FALSE 0.0487688104953735 2 FALSE 0.12350293798903 FALSE 0.00602309137840885 "154,11,148,15,146,142,91,95,137,97" "97,137,95,142,91,146,15,11,154,148"
432 1 TRUE 0.0965992274168922 1 TRUE 0.155990928394993 TRUE 0.0150686031670001 "154,11,148,15,146,91,142,95,137,97" "97,137,95,142,91,146,15,148,11,154"
432 1 TRUE 0.0965992274168922 2 FALSE 0.117993777446878 FALSE 0.0113981077413691 "154,11,148,15,146,91,142,95,137,97" "97,137,95,142,91,146,15,11,148,154"
432 2 FALSE 0.0708706196303107 1 FALSE 0.0834596239257119 TRUE 0.00591483526172791 "154,11,148,15,146,91,142,95,97,137" "137,97,95,142,91,146,15,148,11,154"
432 2 FALSE 0.0708706196303107 2 FALSE 0.0631300575784423 FALSE 0.0044740662978814 "154,11,148,15,146,91,142,95,97,137" "137,97,95,142,91,146,15,11,148,154"
433 1 TRUE 0.0921941383496589 1 TRUE 0.161000228333216 TRUE 0.0148432773252792 "154,11,148,15,146,91,142,95,137,97" "97,137,95,142,91,146,15,148,11,154"
433 1 TRUE 0.0921941383496589 2 FALSE 0.108104318179002 FALSE 0.00996658446639046 "154,11,148,15,146,91,142,95,137,97" "97,137,95,142,91,146,15,11,154,148"
433 2 FALSE 0.064210505768233 1 FALSE 0.0915202924821907 TRUE 0.00587656426833808 "154,11,148,15,146,91,142,95,97,137" "137,97,95,142,91,146,15,148,11,154"
433 2 FALSE 0.064210505768233 2 FALSE 0.0614517067507095 FALSE 0.0039458451707842 "154,11,148,15,146,91,142,95,97,137" "137,97,95,142,91,146,15,11,154,148"
434 1 TRUE 0.0907181449017566 1 TRUE 0.168857739511616 TRUE 0.0153184608807978 "154,11,148,15,146,91,142,95,137,97" "97,137,95,142,91,146,15,148,11,154"
434 1 TRUE 0.0907181449017566 2 FALSE 0.130833771955462 FALSE 0.011868997082299 "154,11,148,15,146,91,142,95,137,97" "97,137,95,142,91,146,15,11,148,154"
434 2 FALSE 0.0674403475288838 1 FALSE 0.101141936458142 TRUE 0.00682104734448138 "154,11,148,15,146,91,142,95,97,137" "137,97,95,142,91,146,15,148,11,154"
434 2 FALSE 0.0674403475288838 2 FALSE 0.0783664467377767 FALSE 0.00528506040259942 "154,11,148,15,146,91,142,95,97,137" "137,97,95,142,91,146,15,11,148,154"
435 1 TRUE 0.104235229734062 1 TRUE 0.216349135500452 TRUE 0.0225512018416553 "154,11,148,15,146,91,142,95,137,97" "97,137,95,142,91,146,15,148,11,154"
435 1 TRUE 0.104235229734062 2 FALSE 0.141288112436425 FALSE 0.0147271988585026 "154,11,148,15,146,91,142,95,137,97" "97,137,95,142,91,146,15,11,154,148"
435 2 FALSE 0.0948843120270481 1 FALSE 0.103122018696903 TRUE 0.00978466179889607 "154,11,148,15,146,91,142,95,97,137" "137,97,95,142,91,146,15,148,11,154"
435 2 FALSE 0.0948843120270481 2 FALSE 0.0673444584773425 FALSE 0.00638993261145675 "154,11,148,15,146,91,142,95,97,137" "137,97,95,142,91,146,15,11,154,148"
436 1 TRUE 0.103981499675796 1 TRUE 0.193120215685032 TRUE 0.0200809296446429 "154,11,148,15,146,91,142,95,137,97" "97,137,95,142,91,146,15,148,11,154"
436 1 TRUE 0.103981499675796 2 FALSE 0.118487964226172 FALSE 0.0123205562137695 "154,11,148,15,146,91,142,95,137,97" "97,137,95,142,91,146,15,11,154,148"
436 2 FALSE 0.0816089520682898 1 FALSE 0.111974733006892 TRUE 0.00913814061881899 "154,11,148,15,146,91,142,95,97,137" "137,97,95,142,91,146,15,148,11,154"
436 2 FALSE 0.0816089520682898 2 FALSE 0.0687015500251645 FALSE 0.00560666150302086 "154,11,148,15,146,91,142,95,97,137" "137,97,95,142,91,146,15,11,154,148"
437 1 TRUE 0.0746215456293726 1 FALSE 0.1520196219686 FALSE 0.0113439391572899 "154,11,148,15,146,91,142,95,137,97" "97,137,95,142,91,146,15,11,154,148"
437 1 TRUE 0.0746215456293726 2 TRUE 0.122826945127042 TRUE 0.00916553649031401 "154,11,148,15,146,91,142,95,137,97" "97,137,95,142,91,146,15,148,11,154"
437 2 FALSE 0.0643942271928596 1 FALSE 0.0805634875283705 FALSE 0.005187823519351 "154,11,148,15,146,91,142,95,97,137" "137,97,95,142,91,146,15,11,154,148"
437 2 FALSE 0.0643942271928596 2 FALSE 0.0650926961516468 TRUE 0.00419159386458492 "154,11,148,15,146,91,142,95,97,137" "137,97,95,142,91,146,15,148,11,154"
438 1 FALSE 0.0630254417832752 1 FALSE 0.0943692375577071 TRUE 0.00594766288782533 "154,11,148,15,146,91,142,95,97,137" "137,97,95,142,91,146,15,148,11,154"
438 1 FALSE 0.0630254417832752 2 FALSE 0.0716664145105595 FALSE 0.00451680743555133 "154,11,148,15,146,91,142,95,97,137" "137,97,95,142,91,146,15,11,154,148"
438 2 TRUE 0.0619720917813263 1 TRUE 0.184309103542043 TRUE 0.0114220206808415 "154,11,148,15,146,91,142,95,137,97" "97,137,95,142,91,146,15,148,11,154"
438 2 TRUE 0.0619720917813263 2 FALSE 0.139969050872499 FALSE 0.00867417486721566 "154,11,148,15,146,91,142,95,137,97" "97,137,95,142,91,146,15,11,154,148"
439 1 TRUE 0.095121236929233 1 TRUE 0.126948061338885 TRUE 0.0120754566203229 "154,11,148,15,146,91,142,95,137,97" "97,137,95,142,91,146,15,148,11,154"
439 1 TRUE 0.095121236929233 2 FALSE 0.122059679816343 FALSE 0.0116104677233167 "154,11,148,15,146,91,142,95,137,97" "97,137,95,142,91,146,15,11,154,148"
439 2 FALSE 0.0753652877208539 1 FALSE 0.0750338813882411 TRUE 0.00565495005963721 "154,11,148,15,146,91,142,95,97,137" "137,97,95,142,91,146,15,148,11,154"
439 2 FALSE 0.0753652877208539 2 FALSE 0.0721445561360521 FALSE 0.00543719523068686 "154,11,148,15,146,91,142,95,97,137" "137,97,95,142,91,146,15,11,154,148"
440 1 FALSE 0.0725949961652021 1 FALSE 0 FALSE 0 "154,11,15,146,91,142,95,137,97,148" "0,0,0,0,0,0,0,0,0,0"
440 1 FALSE 0.0725949961652021 2 FALSE 0 FALSE 0 "154,11,15,146,91,142,95,137,97,148" "0,0,0,0,0,0,0,0,0,0"
440 2 TRUE 0.0664120140273972 1 FALSE 0.146839542380423 FALSE 0.00975190974834525 "154,11,148,15,146,91,142,95,137,97" "97,137,95,142,91,146,15,11,154,148"
440 2 TRUE 0.0664120140273972 2 TRUE 0.136917511753034 TRUE 0.00909296771113879 "154,11,148,15,146,91,142,95,137,97" "97,137,95,142,91,146,15,148,11,154"
441 1 TRUE 0.0800857942098596 1 FALSE 0.163516235190548 FALSE 0.0130953275614412 "154,11,148,15,146,91,142,95,137,97" "97,137,95,142,91,146,15,11,154,148"
441 1 TRUE 0.0800857942098596 2 TRUE 0.146995662483038 TRUE 0.0117722643753586 "154,11,148,15,146,91,142,95,137,97" "97,137,95,142,91,146,15,148,11,154"
441 2 FALSE 0.0655958191789923 1 FALSE 0 FALSE 0 "154,11,15,146,91,142,95,137,97,148" "0,0,0,0,0,0,0,0,0,0"
441 2 FALSE 0.0655958191789923 2 FALSE 0 FALSE 0 "154,11,15,146,91,142,95,137,97,148" "0,0,0,0,0,0,0,0,0,0"
442 1 FALSE 0.0978813620232646 1 FALSE 0.0803991715485854 TRUE 0.00786958041671764 "154,11,148,15,146,91,142,95,97,137" "137,97,95,142,91,146,15,148,11,154"
442 1 FALSE 0.0978813620232646 2 FALSE 0.0709852406628966 FALSE 0.00694813203963354 "154,11,148,15,146,91,142,95,97,137" "137,97,95,142,91,146,15,11,154,148"
442 2 TRUE 0.0881458502091227 1 TRUE 0.147530314530332 TRUE 0.0130041850058954 "154,11,148,15,146,91,142,95,137,97" "97,137,95,142,91,146,15,148,11,154"
442 2 TRUE 0.0881458502091227 2 FALSE 0.130256004885323 FALSE 0.0114815262954605 "154,11,148,15,146,91,142,95,137,97" "97,137,95,142,91,146,15,11,154,148"
443 1 TRUE 0.091488126845151 1 TRUE 0.163256296949814 TRUE 0.0149360128036142 "154,11,148,15,146,91,142,95,137,97" "97,137,95,142,91,146,15,148,11,154"
443 1 TRUE 0.091488126845151 2 FALSE 0.146491057750964 FALSE 0.0134021924732005 "154,11,148,15,146,91,142,95,137,97" "97,137,95,142,91,146,15,11,154,148"
443 2 FALSE 0.0894730909589158 1 FALSE 0.070025163513679 FALSE 0.00626536782447235 "154,11,15,146,91,142,95,137,97,148" "148,11,154,15,146,91,142,95,137,97"
443 2 FALSE 0.0894730909589158 2 FALSE 0.0684488742833149 FALSE 0.00612433235478643 "154,11,15,146,91,142,95,137,97,148" "148,11,15,146,91,142,95,137,97,154"
444 1 FALSE 0.0913991702413278 1 FALSE 0.0659883670610686 TRUE 0.00603128199496183 "154,11,148,15,146,91,142,95,97,137" "137,97,95,142,91,146,15,148,11,154"
444 1 FALSE 0.0913991702413278 2 FALSE 0.0653131041041577 FALSE 0.00596956352100548 "154,11,148,15,146,91,142,95,97,137" "137,97,95,142,91,146,15,11,154,148"
444 2 TRUE 0.081497593465184 1 TRUE 0.139542513838737 TRUE 0.0113723790639392 "154,11,148,15,146,91,142,95,137,97" "97,137,95,142,91,146,15,148,11,154"
444 2 TRUE 0.081497593465184 2 FALSE 0.138114566842832 FALSE 0.0112560048201771 "154,11,148,15,146,91,142,95,137,97" "97,137,95,142,91,146,15,11,154,148"
445 1 FALSE 0.0898451313405015 1 FALSE 0.0821910899412997 TRUE 0.00738446927079505 "154,11,148,15,146,91,142,95,97,137" "137,97,95,142,91,146,15,148,11,154"
445 1 FALSE 0.0898451313405015 2 FALSE 0.0593666925610485 FALSE 0.00533380829039857 "154,11,148,15,146,91,142,95,97,137" "137,97,95,142,91,146,15,11,148,154"
445 2 TRUE 0.0863414214832117 1 TRUE 0.147666910056296 TRUE 0.0127497709202942 "154,11,148,15,146,91,142,95,137,97" "97,137,95,142,91,146,15,148,11,154"
445 2 TRUE 0.0863414214832117 2 FALSE 0.106659931837053 FALSE 0.00920917013011363 "154,11,148,15,146,91,142,95,137,97" "97,137,95,142,91,146,15,11,148,154"
446 1 FALSE 0.0753814089555458 1 FALSE 0.0879251006467363 TRUE 0.00662791796930916 "154,11,148,15,146,91,142,95,97,137" "137,97,95,142,91,146,15,148,11,154"
446 1 FALSE 0.0753814089555458 2 FALSE 0.0676675607086477 FALSE 0.0051008760668028 "154,11,148,15,146,91,142,95,97,137" "137,97,95,142,91,146,15,11,154,148"
446 2 TRUE 0.0687070133709402 1 TRUE 0.165200928321138 TRUE 0.0113504623910522 "154,11,148,15,146,91,142,95,137,97" "97,137,95,142,91,146,15,148,11,154"
446 2 TRUE 0.0687070133709402 2 FALSE 0.127139392097022 FALSE 0.00873536791278333 "154,11,148,15,146,91,142,95,137,97" "97,137,95,142,91,146,15,11,154,148"
447 1 FALSE 0.0746899256851979 1 FALSE 0.0913868399567276 TRUE 0.00682567628497307 "154,11,148,15,146,91,142,95,97,137" "137,97,95,142,91,146,15,148,11,154"
447 1 FALSE 0.0746899256851979 2 FALSE 0.0655753732953851 FALSE 0.00489781975821143 "154,11,148,15,146,91,142,95,97,137" "137,97,95,142,91,146,15,11,154,148"
447 2 TRUE 0.0703208771075123 1 TRUE 0.163895131023406 TRUE 0.0115252493672166 "154,11,148,15,146,91,142,95,137,97" "97,137,95,142,91,146,15,148,11,154"
447 2 TRUE 0.0703208771075123 2 FALSE 0.117604289668457 FALSE 0.00827003680109184 "154,11,148,15,146,91,142,95,137,97" "97,137,95,142,91,146,15,11,154,148"
448 1 FALSE 0.0896735727309136 1 FALSE 0.0881522380457361 TRUE 0.00790492612978712 "154,11,148,15,146,91,142,95,97,137" "137,97,95,142,91,146,15,148,11,154"
448 1 FALSE 0.0896735727309136 2 FALSE 0.0591610641598821 FALSE 0.00530518398977943 "154,11,148,15,146,91,142,95,97,137" "137,97,95,142,91,146,15,11,154,148"
448 2 TRUE 0.0889114743790928 1 TRUE 0.169520511669195 TRUE 0.0150723186300063 "154,11,148,15,146,91,142,95,137,97" "97,137,95,142,91,146,15,148,11,154"
448 2 TRUE 0.0889114743790928 2 FALSE 0.113769248400408 FALSE 0.0101153916142815 "154,11,148,15,146,91,142,95,137,97" "97,137,95,142,91,146,15,11,154,148"
449 1 TRUE 0.102421929389882 1 TRUE 0.188671713927813 TRUE 0.0193241209617824 "154,11,148,15,146,91,142,95,137,97" "97,137,95,142,91,146,15,148,11,154"
449 1 TRUE 0.102421929389882 2 FALSE 0.13232530767436 FALSE 0.0135530133191177 "154,11,148,15,146,91,142,95,137,97" "97,137,95,142,91,146,15,11,154,148"
449 2 FALSE 0.0840454354624096 1 FALSE 0.084227619326377 TRUE 0.00707894694424742 "154,11,148,15,146,91,142,95,97,137" "137,97,95,142,91,146,15,148,11,154"
449 2 FALSE 0.0840454354624096 2 FALSE 0.0590732198802523 FALSE 0.00496483448900247 "154,11,148,15,146,91,142,95,97,137" "137,97,95,142,91,146,15,11,154,148"
450 1 TRUE 0.0844671029765421 1 TRUE 0.169608011016261 TRUE 0.014326297332157 "154,11,148,15,146,91,142,95,137,97" "97,137,95,142,91,146,15,148,11,154"
450 1 TRUE 0.0844671029765421 2 FALSE 0.100458711671178 FALSE 0.00848545634362016 "154,11,148,15,146,91,142,95,137,97" "97,137,95,142,91,146,15,11,154,148"
450 2 FALSE 0.0769589160452939 1 FALSE 0.0962629086179815 TRUE 0.00740828910260703 "154,11,148,15,146,91,142,95,97,137" "137,97,95,142,91,146,15,148,11,154"
450 2 FALSE 0.0769589160452939 2 FALSE 0.0570164564960062 FALSE 0.00438792468867629 "154,11,148,15,146,91,142,95,97,137" "137,97,95,142,91,146,15,11,154,148"
451 1 FALSE 0.0816944327418129 1 FALSE 0.0893677535811618 TRUE 0.00730084793422313 "154,11,148,15,146,91,142,95,97,137" "137,97,95,142,91,146,15,148,11,154"
451 1 FALSE 0.0816944327418129 2 FALSE 0.0764341587275809 FALSE 0.0062442452393474 "154,11,148,15,146,91,142,95,97,137" "137,97,95,142,91,146,15,11,154,148"
451 2 TRUE 0.0768888778746474 1 TRUE 0.162562032457664 TRUE 0.0124992122606918 "154,11,148,15,146,91,142,95,137,97" "97,137,95,142,91,146,15,148,11,154"
451 2 TRUE 0.0768888778746474 2 FALSE 0.139035521136412 FALSE 0.0106902852048955 "154,11,148,15,146,91,142,95,137,97" "97,137,95,142,91,146,15,11,154,148"
452 1 FALSE 0.0930024745382628 1 FALSE 0.0975675650173337 TRUE 0.00907402498128488 "154,11,148,15,146,91,142,95,97,137" "137,97,95,142,91,146,15,148,11,154"
452 1 FALSE 0.0930024745382628 2 FALSE 0.0626289432544505 FALSE 0.00582464670038034 "154,11,148,15,146,91,142,95,97,137" "137,97,95,142,91,146,15,11,148,154"
452 2 TRUE 0.090845895418535 1 TRUE 0.163622187615356 TRUE 0.0148644041442565 "154,11,148,15,146,91,142,95,137,97" "97,137,95,142,91,146,15,148,11,154"
452 2 TRUE 0.090845895418535 2 FALSE 0.105029624358368 FALSE 0.00954151027030829 "154,11,148,15,146,91,142,95,137,97" "97,137,95,142,91,146,15,11,148,154"
453 1 FALSE 0.0956118247492731 1 FALSE 0.104186126937162 TRUE 0.00996142571002141 "154,11,148,15,146,91,142,95,97,137" "137,97,95,142,91,146,15,148,11,154"
453 1 FALSE 0.0956118247492731 2 FALSE 0.0710319972152634 FALSE 0.00679149886933662 "154,11,148,15,146,91,142,95,97,137" "137,97,95,142,91,146,15,11,154,148"
453 2 TRUE 0.0896865849056562 1 TRUE 0.195264708308228 TRUE 0.0175126248407641 "154,11,148,15,146,91,142,95,137,97" "97,137,95,142,91,146,15,148,11,154"
453 2 TRUE 0.0896865849056562 2 FALSE 0.133127534581978 FALSE 0.0119397539335672 "154,11,148,15,146,91,142,95,137,97" "97,137,95,142,91,146,15,11,154,148"
454 1 FALSE 0.0917247619677307 1 FALSE 0.120739209036159 TRUE 0.0110747752090138 "154,11,148,15,146,91,142,95,97,137" "137,97,95,142,91,146,15,148,11,154"
454 1 FALSE 0.0917247619677307 2 FALSE 0.0721073261397763 FALSE 0.00661402732630051 "154,11,148,15,146,91,142,95,97,137" "137,97,95,142,91,146,15,11,148,154"
454 2 TRUE 0.0825267356979861 1 TRUE 0.207688436512517 TRUE 0.0171398487075964 "154,11,148,15,146,91,142,95,137,97" "97,137,95,142,91,146,15,148,11,154"
454 2 TRUE 0.0825267356979861 2 FALSE 0.124034751814411 FALSE 0.0102361831803532 "154,11,148,15,146,91,142,95,137,97" "97,137,95,142,91,146,15,11,148,154"
455 1 TRUE 0.0874067043166134 1 TRUE 0.17004690320212 TRUE 0.0148632393881435 "154,11,148,15,146,91,142,95,137,97" "97,137,95,142,91,146,15,148,11,154"
455 1 TRUE 0.0874067043166134 2 FALSE 0.16710367799697 FALSE 0.0146059817728997 "154,11,148,15,146,91,142,95,137,97" "97,137,95,142,91,146,15,11,148,154"
455 2 FALSE 0.0765412300231117 1 FALSE 0.0950044347635474 TRUE 0.00727175629445239 "154,11,148,15,146,91,142,95,97,137" "137,97,95,142,91,146,15,148,11,154"
455 2 FALSE 0.0765412300231117 2 FALSE 0.0933600681697922 FALSE 0.00714589445275746 "154,11,148,15,146,91,142,95,97,137" "137,97,95,142,91,146,15,11,148,154"
456 1 TRUE 0.118092631674651 1 FALSE 0.152832508838506 FALSE 0.0180483931741786 "154,11,148,15,146,91,142,95,137,97" "97,137,95,142,91,146,15,11,148,154"
456 1 TRUE 0.118092631674651 2 TRUE 0.141211579192156 TRUE 0.0166760470097351 "154,11,148,15,146,91,142,95,137,97" "97,137,95,142,91,146,15,148,11,154"
456 2 FALSE 0.0939981652624427 1 FALSE 0.0945351146164532 FALSE 0.00888612732682133 "154,11,148,15,146,91,142,95,97,137" "137,97,95,142,91,146,15,11,148,154"
456 2 FALSE 0.0939981652624427 2 FALSE 0.0873469455258818 TRUE 0.00821045262071141 "154,11,148,15,146,91,142,95,97,137" "137,97,95,142,91,146,15,148,11,154"
457 1 TRUE 0.0886767522307184 1 TRUE 0.178654139527705 TRUE 0.0158424688658905 "154,11,148,15,146,91,142,95,137,97" "97,137,95,142,91,146,15,148,11,154"
457 1 TRUE 0.0886767522307184 2 FALSE 0.123879607481185 FALSE 0.0109852412590477 "154,11,148,15,146,91,142,95,137,97" "97,137,95,142,91,146,15,11,148,154"
457 2 FALSE 0.0649463537464417 1 FALSE 0.1018741226764 TRUE 0.00661635280894987 "154,11,148,15,146,91,142,95,97,137" "137,97,95,142,91,146,15,148,11,154"
457 2 FALSE 0.0649463537464417 2 FALSE 0.0706399883204797 FALSE 0.00458780967010639 "154,11,148,15,146,91,142,95,97,137" "137,97,95,142,91,146,15,11,148,154"
458 1 TRUE 0.0893909822028306 1 TRUE 0.164747940531266 TRUE 0.0147269802199834 "154,11,148,15,146,91,142,95,137,97" "97,137,95,142,91,146,15,148,11,154"
458 1 TRUE 0.0893909822028306 2 FALSE 0.155377857730103 FALSE 0.0138893793150656 "154,11,148,15,146,91,142,95,137,97" "97,137,95,142,91,146,15,11,148,154"
458 2 FALSE 0.0781019148627824 1 FALSE 0.0902198572578875 TRUE 0.00704634361048791 "154,11,148,15,146,91,142,95,97,137" "137,97,95,142,91,146,15,148,11,154"
458 2 FALSE 0.0781019148627824 2 FALSE 0.0850885789542595 FALSE 0.00664558094928071 "154,11,148,15,146,91,142,95,97,137" "137,97,95,142,91,146,15,11,148,154"
459 1 TRUE 0.0679920663427769 1 TRUE 0.143203655512948 TRUE 0.00973671244616451 "154,11,148,15,146,91,142,95,137,97" "97,137,95,142,91,146,15,148,11,154"
459 1 TRUE 0.0679920663427769 2 FALSE 0.122861066142571 FALSE 0.00835357776011001 "154,11,148,15,146,91,142,95,137,97" "97,137,95,142,91,146,15,11,154,148"
459 2 FALSE 0.0540140019423583 1 FALSE 0.0779375436847709 TRUE 0.00420971863597185 "154,11,148,15,146,91,142,95,97,137" "137,97,95,142,91,146,15,148,11,154"
459 2 FALSE 0.0540140019423583 2 FALSE 0.0668662379835577 FALSE 0.00361171310832208 "154,11,148,15,146,91,142,95,97,137" "137,97,95,142,91,146,15,11,154,148"
460 1 TRUE 0.0705889721014394 1 FALSE 0.171964496622744 FALSE 0.012138797054541 "154,11,148,15,146,91,142,95,137,97" "97,137,95,142,91,146,15,11,148,154"
460 1 TRUE 0.0705889721014394 2 TRUE 0.169358318535193 TRUE 0.0119548296222274 "154,11,148,15,146,91,142,95,137,97" "97,137,95,142,91,146,15,148,11,154"
460 2 FALSE 0.0611385359457822 1 FALSE 0.0993938267583144 FALSE 0.00607679305005205 "154,11,148,15,146,91,142,95,97,137" "137,97,95,142,91,146,15,11,148,154"
460 2 FALSE 0.0611385359457822 2 FALSE 0.0978874808646983 TRUE 0.00598469726748842 "154,11,148,15,146,91,142,95,97,137" "137,97,95,142,91,146,15,148,11,154"
461 1 TRUE 0.0811255309903127 1 FALSE 0.184487503964354 FALSE 0.0149666467201857 "154,11,148,15,146,91,142,95,137,97" "97,137,95,142,91,146,15,11,154,148"
461 1 TRUE 0.0811255309903127 2 TRUE 0.167498816234933 TRUE 0.0135884304073078 "154,11,148,15,146,91,142,95,137,97" "97,137,95,142,91,146,15,148,11,154"
461 2 FALSE 0.072948421765825 1 FALSE 0.103544503907787 FALSE 0.00755340814259836 "154,11,148,15,146,91,142,95,97,137" "137,97,95,142,91,146,15,11,154,148"
461 2 FALSE 0.072948421765825 2 FALSE 0.0940095207507324 TRUE 0.0068578461697275 "154,11,148,15,146,91,142,95,97,137" "137,97,95,142,91,146,15,148,11,154"
462 1 TRUE 0.084649525006098 1 TRUE 0.17140275003766 TRUE 0.0145091613754269 "154,11,148,15,146,91,142,95,137,97" "97,137,95,142,91,146,15,148,11,154"
462 1 TRUE 0.084649525006098 2 FALSE 0.146210517238562 FALSE 0.0123766508351401 "154,11,148,15,146,91,142,95,137,97" "97,137,95,142,91,146,15,11,154,148"
462 2 FALSE 0.0787331603551342 1 FALSE 0.114025497886955 TRUE 0.00897758780970761 "154,11,148,15,146,91,142,95,97,137" "137,97,95,142,91,146,15,148,11,154"
462 2 FALSE 0.0787331603551342 2 FALSE 0.0972663917047603 FALSE 0.00765809041525618 "154,11,148,15,146,91,142,95,97,137" "137,97,95,142,91,146,15,11,154,148"
463 1 TRUE 0.0788968825245091 1 TRUE 0.177436933541571 TRUE 0.0139992209011385 "154,11,148,15,146,91,142,95,137,97" "97,137,95,142,91,146,15,148,11,154"
463 1 TRUE 0.0788968825245091 2 FALSE 0.152763240422591 FALSE 0.0120525434336845 "154,11,148,15,146,91,142,95,137,97" "97,137,95,142,91,146,15,11,154,148"
463 2 FALSE 0.0722177813584131 1 FALSE 0.0986761783827538 TRUE 0.00712617467572948 "154,11,148,15,146,91,142,95,97,137" "137,97,95,142,91,146,15,148,11,154"
463 2 FALSE 0.0722177813584131 2 FALSE 0.0849546509928578 FALSE 0.0061352364107825 "154,11,148,15,146,91,142,95,97,137" "137,97,95,142,91,146,15,11,154,148"
464 1 TRUE 0.0937397428512098 1 TRUE 0.164733180947848 TRUE 0.0154420460211131 "154,11,148,15,146,91,142,95,137,97" "97,137,95,142,91,146,15,148,11,154"
464 1 TRUE 0.0937397428512098 2 FALSE 0.145234398837863 FALSE 0.0136142352002114 "154,11,148,15,146,91,142,95,137,97" "97,137,95,142,91,146,15,11,148,154"
464 2 FALSE 0.0851058191675458 1 FALSE 0.0948755355408328 TRUE 0.00807446017116218 "154,11,148,15,146,91,142,95,97,137" "137,97,95,142,91,146,15,148,11,154"
464 2 FALSE 0.0851058191675458 2 FALSE 0.0836455126369197 FALSE 0.00711871987265435 "154,11,148,15,146,91,142,95,97,137" "137,97,95,142,91,146,15,11,148,154"
465 1 TRUE 0.101058472625963 1 FALSE 0.170373529085678 FALSE 0.0172176886252937 "154,11,148,15,146,91,142,95,137,97" "97,137,95,142,91,146,15,11,148,154"
465 1 TRUE 0.101058472625963 2 TRUE 0.153412990862239 TRUE 0.0155036825375186 "154,11,148,15,146,91,142,95,137,97" "97,137,95,142,91,146,15,148,11,154"
465 2 FALSE 0.0862883881652453 1 FALSE 0.098686582790385 FALSE 0.00851550616251836 "154,11,148,15,146,91,142,95,97,137" "137,97,95,142,91,146,15,11,148,154"
465 2 FALSE 0.0862883881652453 2 FALSE 0.0888624183879724 TRUE 0.00766779485116379 "154,11,148,15,146,91,142,95,97,137" "137,97,95,142,91,146,15,148,11,154"
466 1 TRUE 0.106080249804667 1 TRUE 0.145436696145486 TRUE 0.0154279610578786 "154,11,148,15,146,91,142,95,137,97" "97,137,95,142,91,146,15,148,11,154"
466 1 TRUE 0.106080249804667 2 FALSE 0.134367420284719 FALSE 0.0142537295094117 "154,11,148,15,146,91,142,95,137,97" "97,137,95,142,91,146,15,11,148,154"
466 2 FALSE 0.0793051867530082 1 FALSE 0.0704374647879704 TRUE 0.00558605629941843 "154,11,148,15,146,91,142,95,97,137" "137,97,95,142,91,146,15,148,11,154"
466 2 FALSE 0.0793051867530082 2 FALSE 0.0650764262788782 FALSE 0.0051608981392648 "154,11,148,15,146,91,142,95,97,137" "137,97,95,142,91,146,15,11,148,154"
467 1 TRUE 0.0978116154539698 1 TRUE 0.152116227014537 TRUE 0.0148787339010547 "154,11,148,15,146,91,142,95,137,97" "97,137,95,142,91,146,15,148,11,154"
467 1 TRUE 0.0978116154539698 2 FALSE 0.145836838506723 FALSE 0.0142645367670423 "154,11,148,15,146,91,142,95,137,97" "97,137,95,142,91,146,15,11,148,154"
467 2 FALSE 0.0819778813595935 1 FALSE 0.0860804984160121 TRUE 0.00705669688652251 "154,11,148,15,146,91,142,95,97,137" "137,97,95,142,91,146,15,148,11,154"
467 2 FALSE 0.0819778813595935 2 FALSE 0.0825270780932167 FALSE 0.00676539501687962 "154,11,148,15,146,91,142,95,97,137" "137,97,95,142,91,146,15,11,148,154"
468 1 TRUE 0.0931713530807974 1 TRUE 0.168673169329738 TRUE 0.0157155074148781 "154,11,148,15,146,91,142,95,137,97" "97,137,95,142,91,146,15,148,11,154"
468 1 TRUE 0.0931713530807974 2 FALSE 0.161390135402138 FALSE 0.0150369372893103 "154,11,148,15,146,91,142,95,137,97" "97,137,95,142,91,146,15,11,148,154"
468 2 FALSE 0.0843320195833884 1 FALSE 0.0919784698569325 TRUE 0.00775673012122493 "154,11,148,15,146,91,142,95,97,137" "137,97,95,142,91,146,15,148,11,154"
468 2 FALSE 0.0843320195833884 2 FALSE 0.0880069886827856 FALSE 0.00742180709307171 "154,11,148,15,146,91,142,95,97,137" "137,97,95,142,91,146,15,11,148,154"
469 1 TRUE 0.0984072368017891 1 TRUE 0.169530111185104 TRUE 0.0166829897964261 "154,11,148,15,146,91,142,95,137,97" "97,137,95,142,91,146,15,148,11,154"
469 1 TRUE 0.0984072368017891 2 FALSE 0.162373581338087 FALSE 0.0159787354690917 "154,11,148,15,146,91,142,95,137,97" "97,137,95,142,91,146,15,11,148,154"
469 2 FALSE 0.0844558310779912 1 FALSE 0.085689916097805 TRUE 0.00723701307904345 "154,11,148,15,146,91,142,95,97,137" "137,97,95,142,91,146,15,148,11,154"
469 2 FALSE 0.0844558310779912 2 FALSE 0.0820726091907579 FALSE 0.00693151041794464 "154,11,148,15,146,91,142,95,97,137" "137,97,95,142,91,146,15,11,148,154"
470 1 TRUE 0.112976026827761 1 TRUE 0.151237772442094 TRUE 0.0170862426367888 "154,11,148,15,146,91,142,95,137,97" "97,137,95,142,91,146,15,148,11,154"
470 1 TRUE 0.112976026827761 2 FALSE 0.146144500818862 FALSE 0.0165108250452414 "154,11,148,15,146,91,142,95,137,97" "97,137,95,142,91,146,15,11,148,154"
470 2 FALSE 0.103241799973149 1 FALSE 0.08196080957975 TRUE 0.00846178150826993 "154,11,148,15,146,91,142,95,97,137" "137,97,95,142,91,146,15,148,11,154"
470 2 FALSE 0.103241799973149 2 FALSE 0.0792005952569061 FALSE 0.00817681201326786 "154,11,148,15,146,91,142,95,97,137" "137,97,95,142,91,146,15,11,148,154"
471 1 TRUE 0.107977140267864 1 TRUE 0.138835134066415 TRUE 0.0149910207451971 "154,11,148,15,146,91,142,95,137,97" "97,137,95,142,91,146,15,148,11,154"
471 1 TRUE 0.107977140267864 2 FALSE 0.130103323918828 FALSE 0.0140481848560987 "154,11,148,15,146,91,142,95,137,97" "97,137,95,142,91,146,15,11,148,154"
471 2 FALSE 0.0820210969342429 1 FALSE 0.0713925038974743 TRUE 0.00585569148255306 "154,11,148,15,146,91,142,95,97,137" "137,97,95,142,91,146,15,148,11,154"
471 2 FALSE 0.0820210969342429 2 FALSE 0.0669023883789097 FALSE 0.00548740728235892 "154,11,148,15,146,91,142,95,97,137" "137,97,95,142,91,146,15,11,148,154"
472 1 TRUE 0.0820675213538139 1 TRUE 0.140485663407762 TRUE 0.0115293101816212 "154,11,148,15,146,91,142,95,137,97" "97,137,95,142,91,146,15,148,11,154"
472 1 TRUE 0.0820675213538139 2 FALSE 0.131614271668353 FALSE 0.0108012570506092 "154,11,148,15,146,91,142,95,137,97" "97,137,95,142,91,146,15,11,148,154"
472 2 FALSE 0.0687315491338192 1 FALSE 0.0772202876440796 TRUE 0.0053074699943367 "154,11,148,15,146,91,142,95,97,137" "137,97,95,142,91,146,15,148,11,154"
472 2 FALSE 0.0687315491338192 2 FALSE 0.0723439792343588 FALSE 0.00497231376328232 "154,11,148,15,146,91,142,95,97,137" "137,97,95,142,91,146,15,11,148,154"
473 1 TRUE 0.0831418391822539 1 TRUE 0.149114749033561 TRUE 0.0123976744838505 "154,11,148,15,146,91,142,95,137,97" "97,137,95,142,91,146,15,148,11,154"
473 1 TRUE 0.0831418391822539 2 FALSE 0.136288347125348 FALSE 0.0113312638391109 "154,11,148,15,146,91,142,95,137,97" "97,137,95,142,91,146,15,11,148,154"
473 2 FALSE 0.0708893576185533 1 FALSE 0.0820268514018858 TRUE 0.00581483080335221 "154,11,148,15,146,91,142,95,97,137" "137,97,95,142,91,146,15,148,11,154"
473 2 FALSE 0.0708893576185533 2 FALSE 0.0749711485276579 FALSE 0.00531465655905082 "154,11,148,15,146,91,142,95,97,137" "137,97,95,142,91,146,15,11,148,154"
474 1 TRUE 0.0858320225476195 1 TRUE 0.127400598596451 TRUE 0.0109350510513108 "154,11,148,15,146,91,142,95,137,97" "97,137,95,142,91,146,15,148,11,154"
474 1 TRUE 0.0858320225476195 2 FALSE 0.111269283237864 FALSE 0.00955046762772979 "154,11,148,15,146,91,142,95,137,97" "97,137,95,142,91,146,15,11,148,154"
474 2 FALSE 0.0689537831018046 1 FALSE 0.0683539373004946 TRUE 0.00471326256677266 "154,11,148,15,146,91,142,95,97,137" "137,97,95,142,91,146,15,148,11,154"
474 2 FALSE 0.0689537831018046 2 FALSE 0.0596990413993535 FALSE 0.00411647475203667 "154,11,148,15,146,91,142,95,97,137" "137,97,95,142,91,146,15,11,148,154"
475 1 TRUE 0.0945585967966317 1 TRUE 0.123438816379128 TRUE 0.0116722012670475 "154,11,148,15,146,91,142,95,137,97" "97,137,95,142,91,146,15,148,11,154"
475 1 TRUE 0.0945585967966317 2 FALSE 0.105309399589206 FALSE 0.00995790905465111 "154,11,148,15,146,91,142,95,137,97" "97,137,95,142,91,146,15,11,148,154"
475 2 FALSE 0.0826768882986256 1 FALSE 0.0677642973489148 TRUE 0.00560254124255108 "154,11,148,15,146,91,142,95,97,137" "137,97,95,142,91,146,15,148,11,154"
475 2 FALSE 0.0826768882986256 2 FALSE 0.0578117781482979 FALSE 0.00477969792431175 "154,11,148,15,146,91,142,95,97,137" "137,97,95,142,91,146,15,11,148,154"
476 1 TRUE 0.102959325445925 1 TRUE 0.123513085685489 TRUE 0.0127168239859226 "154,11,148,15,146,91,142,95,137,97" "97,137,95,142,91,146,15,148,11,154"
476 1 TRUE 0.102959325445925 2 FALSE 0.112761207732853 FALSE 0.0116098178846423 "154,11,148,15,146,91,142,95,137,97" "97,137,95,142,91,146,15,11,148,154"
476 2 FALSE 0.0760795015532823 1 FALSE 0.069823991585901 TRUE 0.00531217447631592 "154,11,148,15,146,91,142,95,97,137" "137,97,95,142,91,146,15,148,11,154"
476 2 FALSE 0.0760795015532823 2 FALSE 0.0637457770264402 FALSE 0.00484974694229824 "154,11,148,15,146,91,142,95,97,137" "137,97,95,142,91,146,15,11,148,154"
477 1 TRUE 0.0923479090710392 1 TRUE 0.145283565437807 TRUE 0.0134166334905669 "154,11,148,15,146,91,142,95,137,97" "97,137,95,142,91,146,15,148,11,154"
477 1 TRUE 0.0923479090710392 2 FALSE 0.132346180919947 FALSE 0.0122218930814946 "154,11,148,15,146,91,142,95,137,97" "97,137,95,142,91,146,15,11,154,148"
477 2 FALSE 0.0708390289836073 1 FALSE 0.0760489964449414 TRUE 0.00538723706333745 "154,11,148,15,146,91,142,95,97,137" "137,97,95,142,91,146,15,148,11,154"
477 2 FALSE 0.0708390289836073 2 FALSE 0.0692768945472444 FALSE 0.00490750794072655 "154,11,148,15,146,91,142,95,97,137" "137,97,95,142,91,146,15,11,154,148"
478 1 TRUE 0.106558816028608 1 TRUE 0.135916669903145 TRUE 0.0144831194234303 "154,11,148,15,146,91,142,95,137,97" "97,137,95,142,91,146,15,148,11,154"
478 1 TRUE 0.106558816028608 2 FALSE 0.113648058710851 FALSE 0.012110202580178 "154,11,148,15,146,91,142,95,137,97" "97,137,95,142,91,146,15,11,148,154"
478 2 FALSE 0.0955936608172209 1 FALSE 0.0720652228933729 TRUE 0.00688897847398651 "154,11,148,15,146,91,142,95,97,137" "137,97,95,142,91,146,15,148,11,154"
478 2 FALSE 0.0955936608172209 2 FALSE 0.0602580440517921 FALSE 0.00576028702459617 "154,11,148,15,146,91,142,95,97,137" "137,97,95,142,91,146,15,11,148,154"
479 1 TRUE 0.0730734893768163 1 TRUE 0.125082694295808 TRUE 0.00914022893284829 "154,11,148,15,146,91,142,95,137,97" "97,137,95,142,91,146,15,148,11,154"
479 1 TRUE 0.0730734893768163 2 FALSE 0.0980761624825485 FALSE 0.00716676741728741 "154,11,148,15,146,91,142,95,137,97" "97,137,95,142,91,146,15,11,154,148"
479 2 FALSE 0.0638259758328519 1 FALSE 0.0607387446194644 TRUE 0.0038767096461997 "154,11,148,15,146,91,142,95,97,137" "137,97,95,142,91,146,15,148,11,154"
479 2 FALSE 0.0638259758328519 2 FALSE 0.0476246775768744 FALSE 0.00303969152006895 "154,11,148,15,146,91,142,95,97,137" "137,97,95,142,91,146,15,11,154,148"
480 1 TRUE 0.0745091625996466 1 TRUE 0.163730478540385 TRUE 0.0121994208480835 "154,11,148,15,146,91,142,95,137,97" "97,137,95,142,91,146,15,148,11,154"
480 1 TRUE 0.0745091625996466 2 FALSE 0.127727096267728 FALSE 0.00951683898419286 "154,11,148,15,146,91,142,95,137,97" "97,137,95,142,91,146,15,11,154,148"
480 2 FALSE 0.0709038805383734 1 FALSE 0.0870805058689413 TRUE 0.00617434578535254 "154,11,148,15,146,91,142,95,97,137" "137,97,95,142,91,146,15,148,11,154"
480 2 FALSE 0.0709038805383734 2 FALSE 0.0679320078663381 FALSE 0.00481664297048668 "154,11,148,15,146,91,142,95,97,137" "137,97,95,142,91,146,15,11,154,148"
481 1 TRUE 0.104719511317631 1 TRUE 0.166442329106398 TRUE 0.0174297593665904 "154,11,148,15,146,91,142,95,137,97" "97,137,95,142,91,146,15,148,11,154"
481 1 TRUE 0.104719511317631 2 FALSE 0.141501933821259 FALSE 0.014818013360262 "154,11,148,15,146,91,142,95,137,97" "97,137,95,142,91,146,15,11,154,148"
481 2 FALSE 0.0854223040723674 1 FALSE 0.0912676006470516 TRUE 0.00779628873442784 "154,11,148,15,146,91,142,95,97,137" "137,97,95,142,91,146,15,148,11,154"
481 2 FALSE 0.0854223040723674 2 FALSE 0.0775916923063998 FALSE 0.00662806113368686 "154,11,148,15,146,91,142,95,97,137" "137,97,95,142,91,146,15,11,154,148"
482 1 TRUE 0.0931264813151738 1 TRUE 0.149065343137004 TRUE 0.0138819308923882 "154,11,148,15,146,91,142,95,137,97" "97,137,95,142,91,146,15,148,11,154"
482 1 TRUE 0.0931264813151738 2 FALSE 0.145111765029713 FALSE 0.0135137480746515 "154,11,148,15,146,91,142,95,137,97" "97,137,95,142,91,146,15,11,154,148"
482 2 FALSE 0.0656014129461569 1 FALSE 0.0712503481131705 TRUE 0.00467412350912953 "154,11,148,15,146,91,142,95,97,137" "137,97,95,142,91,146,15,148,11,154"
482 2 FALSE 0.0656014129461569 2 FALSE 0.0693606143191913 FALSE 0.0045501543021524 "154,11,148,15,146,91,142,95,97,137" "137,97,95,142,91,146,15,11,154,148"
483 1 TRUE 0.0935160673080989 1 TRUE 0.174843608520643 TRUE 0.0163506866628074 "154,11,148,15,146,91,142,95,137,97" "97,137,95,142,91,146,15,148,11,154"
483 1 TRUE 0.0935160673080989 2 FALSE 0.170132253800027 FALSE 0.0159100992976419 "154,11,148,15,146,91,142,95,137,97" "97,137,95,142,91,146,15,11,154,148"
483 2 FALSE 0.0839736114603337 1 FALSE 0.0910490347562055 TRUE 0.00764571626845602 "154,11,148,15,146,91,142,95,97,137" "137,97,95,142,91,146,15,148,11,154"
483 2 FALSE 0.0839736114603337 2 FALSE 0.0885956176519964 FALSE 0.00743969397379703 "154,11,148,15,146,91,142,95,97,137" "137,97,95,142,91,146,15,11,154,148"
484 1 TRUE 0.14035680696229 1 TRUE 0.142178876872955 TRUE 0.0199557731753725 "154,11,148,15,146,91,142,95,137,97" "97,137,95,142,91,146,15,148,11,154"
484 1 TRUE 0.14035680696229 2 FALSE 0.130699252685302 FALSE 0.0183445297792664 "154,11,148,15,146,91,142,95,137,97" "97,137,95,142,91,146,15,11,154,148"
484 2 FALSE 0.121985497150472 1 FALSE 0.075551549744443 TRUE 0.00921619335606447 "154,11,148,15,146,91,142,95,97,137" "137,97,95,142,91,146,15,148,11,154"
484 2 FALSE 0.121985497150472 2 FALSE 0.0694514635928554 FALSE 0.00847207131420235 "154,11,148,15,146,91,142,95,97,137" "137,97,95,142,91,146,15,11,154,148"
485 1 TRUE 0.135338352332568 1 TRUE 0.142269982837273 TRUE 0.0192545850635793 "154,11,148,15,146,91,142,95,137,97" "97,137,95,142,91,146,15,148,11,154"
485 1 TRUE 0.135338352332568 2 FALSE 0.131795468828621 FALSE 0.0178369815961639 "154,11,148,15,146,91,142,95,137,97" "97,137,95,142,91,146,15,11,154,148"
485 2 FALSE 0.11708661524955 1 FALSE 0.0720364755435896 TRUE 0.00843450709590592 "154,11,148,15,146,91,142,95,97,137" "137,97,95,142,91,146,15,148,11,154"
485 2 FALSE 0.11708661524955 2 FALSE 0.0667328474896079 FALSE 0.00781352323852263 "154,11,148,15,146,91,142,95,97,137" "137,97,95,142,91,146,15,11,154,148"
486 1 TRUE 0.117856952832283 1 TRUE 0.155621269912438 TRUE 0.0183410486677701 "154,11,148,15,146,91,142,95,137,97" "97,137,95,142,91,146,15,148,11,154"
486 1 TRUE 0.117856952832283 2 FALSE 0.138772367669201 FALSE 0.0163552883908132 "154,11,148,15,146,91,142,95,137,97" "97,137,95,142,91,146,15,11,154,148"
486 2 FALSE 0.0936437669781257 1 FALSE 0.0814193870264664 TRUE 0.00762441810620826 "154,11,148,15,146,91,142,95,97,137" "137,97,95,142,91,146,15,148,11,154"
486 2 FALSE 0.0936437669781257 2 FALSE 0.0726042212494162 FALSE 0.00679893277630861 "154,11,148,15,146,91,142,95,97,137" "137,97,95,142,91,146,15,11,154,148"
487 1 TRUE 0.116685148688915 1 TRUE 0.135413142456356 TRUE 0.0158007026619531 "154,11,148,15,146,91,142,95,137,97" "97,137,95,142,91,146,15,148,11,154"
487 1 TRUE 0.116685148688915 2 FALSE 0.124686617399391 FALSE 0.0145490764907658 "154,11,148,15,146,91,142,95,137,97" "97,137,95,142,91,146,15,11,154,148"
487 2 FALSE 0.109296115526556 1 FALSE 0.0692424460828855 TRUE 0.00756793038641638 "154,11,148,15,146,91,142,95,97,137" "137,97,95,142,91,146,15,148,11,154"
487 2 FALSE 0.109296115526556 2 FALSE 0.063757521802711 FALSE 0.00696844946863602 "154,11,148,15,146,91,142,95,97,137" "137,97,95,142,91,146,15,11,154,148"
488 1 TRUE 0.0931106535991727 1 TRUE 0.144643445668041 TRUE 0.0134678457649878 "154,11,148,15,146,91,142,95,137,97" "97,137,95,142,91,146,15,148,11,154"
488 1 TRUE 0.0931106535991727 2 FALSE 0.134980302244835 FALSE 0.0125681041650305 "154,11,148,15,146,91,142,95,137,97" "97,137,95,142,91,146,15,11,154,148"
488 2 FALSE 0.084397089759678 1 FALSE 0.0743938540445608 TRUE 0.00627862477736718 "154,11,148,15,146,91,142,95,97,137" "137,97,95,142,91,146,15,148,11,154"
488 2 FALSE 0.084397089759678 2 FALSE 0.0694238501973938 FALSE 0.00585917091657188 "154,11,148,15,146,91,142,95,97,137" "137,97,95,142,91,146,15,11,154,148"
489 1 TRUE 0.0985450186552309 1 TRUE 0.136415451786289 TRUE 0.0134430632411416 "154,11,148,15,146,91,142,95,137,97" "97,137,95,142,91,146,15,148,11,154"
489 1 TRUE 0.0985450186552309 2 FALSE 0.119021734026035 FALSE 0.0117289989999735 "154,11,148,15,146,91,142,95,137,97" "97,137,95,142,91,146,15,11,154,148"
489 2 FALSE 0.086442998820378 1 FALSE 0.0680282557190952 TRUE 0.00588056642887811 "154,11,148,15,146,91,142,95,97,137" "137,97,95,142,91,146,15,148,11,154"
489 2 FALSE 0.086442998820378 2 FALSE 0.0593542802697884 FALSE 0.0051307619793457 "154,11,148,15,146,91,142,95,97,137" "137,97,95,142,91,146,15,11,154,148"
490 1 TRUE 0.106234653176419 1 TRUE 0.158566419609838 TRUE 0.0168452485926777 "154,11,148,15,146,91,142,95,137,97" "97,137,95,142,91,146,15,148,11,154"
490 1 TRUE 0.106234653176419 2 FALSE 0.136046671410317 FALSE 0.0144528709530813 "154,11,148,15,146,91,142,95,137,97" "97,137,95,142,91,146,15,11,154,148"
490 2 FALSE 0.0922493317455996 1 FALSE 0.0861643634035979 TRUE 0.00794860494426691 "154,11,148,15,146,91,142,95,97,137" "137,97,95,142,91,146,15,148,11,154"
490 2 FALSE 0.0922493317455996 2 FALSE 0.0739272215648936 FALSE 0.00681973678717032 "154,11,148,15,146,91,142,95,97,137" "137,97,95,142,91,146,15,11,154,148"
491 1 TRUE 0.102931630204518 1 TRUE 0.146638503525522 TRUE 0.0150937402186329 "154,11,148,15,146,91,142,95,137,97" "97,137,95,142,91,146,15,148,11,154"
491 1 TRUE 0.102931630204518 2 FALSE 0.12860423300491 FALSE 0.0132374433543971 "154,11,148,15,146,91,142,95,137,97" "97,137,95,142,91,146,15,11,154,148"
491 2 FALSE 0.0930137387525204 1 FALSE 0.0738206041582165 TRUE 0.00686633038972557 "154,11,148,15,146,91,142,95,97,137" "137,97,95,142,91,146,15,148,11,154"
491 2 FALSE 0.0930137387525204 2 FALSE 0.064741810298645 FALSE 0.0060218778294834 "154,11,148,15,146,91,142,95,97,137" "137,97,95,142,91,146,15,11,154,148"
492 1 TRUE 0.166125436686945 1 TRUE 0.135696726785048 TRUE 0.0225426779941551 "154,11,148,15,146,91,142,95,137,97" "97,137,95,142,91,146,15,148,11,154"
492 1 TRUE 0.166125436686945 2 FALSE 0.111812850767288 FALSE 0.0185749586609278 "154,11,148,15,146,91,142,95,137,97" "97,137,95,142,91,146,15,11,154,148"
492 2 FALSE 0.0633258855995498 1 TRUE 0.135696726785048 FALSE 0.00859311539662331 "154,11,148,15,146,142,91,95,137,97" "97,137,95,142,91,146,15,148,11,154"
492 2 FALSE 0.0633258855995498 2 FALSE 0.111812850767288 FALSE 0.00708064779624878 "154,11,148,15,146,142,91,95,137,97" "97,137,95,142,91,146,15,11,154,148"
493 1 TRUE 0.166175698962881 1 TRUE 0.151839130188965 TRUE 0.0252319735890672 "154,11,148,15,146,91,142,95,137,97" "97,137,95,142,91,146,15,148,11,154"
493 1 TRUE 0.166175698962881 2 FALSE 0.137992792791697 FALSE 0.0229310487940004 "154,11,148,15,146,91,142,95,137,97" "97,137,95,142,91,146,15,11,154,148"
493 2 FALSE 0.0512086854934739 1 TRUE 0.151839130188965 FALSE 0.00777548226344933 "154,11,148,15,146,142,91,95,137,97" "97,137,95,142,91,146,15,148,11,154"
493 2 FALSE 0.0512086854934739 2 FALSE 0.137992792791697 FALSE 0.00706642952643613 "154,11,148,15,146,142,91,95,137,97" "97,137,95,142,91,146,15,11,154,148"
494 1 TRUE 0.114832867362598 1 TRUE 0.150478630510718 TRUE 0.0172798926183426 "154,11,148,15,146,91,142,95,137,97" "97,137,95,142,91,146,15,148,11,154"
494 1 TRUE 0.114832867362598 2 FALSE 0.136127232369443 FALSE 0.0156318804191178 "154,11,148,15,146,91,142,95,137,97" "97,137,95,142,91,146,15,11,154,148"
494 2 FALSE 0.0677355162323158 1 FALSE 0.0821220018952466 TRUE 0.00556257619240575 "154,11,148,15,146,91,142,95,97,137" "137,97,95,142,91,146,15,148,11,154"
494 2 FALSE 0.0677355162323158 2 FALSE 0.0742898895125303 FALSE 0.00503206401697294 "154,11,148,15,146,91,142,95,97,137" "137,97,95,142,91,146,15,11,154,148"
495 1 TRUE 0.0913162359256394 1 TRUE 0.149189551896714 TRUE 0.0136234283186408 "154,11,148,15,146,91,142,95,137,97" "97,137,95,142,91,146,15,148,11,154"
495 1 TRUE 0.0913162359256394 2 FALSE 0.135971069905315 FALSE 0.0124163662985353 "154,11,148,15,146,91,142,95,137,97" "97,137,95,142,91,146,15,11,154,148"
495 2 FALSE 0.0717655013410377 1 FALSE 0.0825836703442841 TRUE 0.00592665850484053 "154,11,148,15,146,91,142,95,97,137" "137,97,95,142,91,146,15,148,11,154"
495 2 FALSE 0.0717655013410377 2 FALSE 0.0752665978995236 FALSE 0.00540154513249361 "154,11,148,15,146,91,142,95,97,137" "137,97,95,142,91,146,15,11,154,148"
496 1 TRUE 0.0827860270869597 1 TRUE 0.146160244168149 TRUE 0.012100025932741 "154,11,148,15,146,91,142,95,137,97" "97,137,95,142,91,146,15,148,11,154"
496 1 TRUE 0.0827860270869597 2 FALSE 0.132355420666331 FALSE 0.0109571794403889 "154,11,148,15,146,91,142,95,137,97" "97,137,95,142,91,146,15,11,154,148"
496 2 FALSE 0.0820171166186598 1 FALSE 0.0979459114098264 TRUE 0.00803324123842065 "154,11,148,15,146,91,142,95,97,137" "137,97,95,142,91,146,15,148,11,154"
496 2 FALSE 0.0820171166186598 2 FALSE 0.0886949278237444 FALSE 0.00727450223880365 "154,11,148,15,146,91,142,95,97,137" "137,97,95,142,91,146,15,11,154,148"
497 1 TRUE 0.127162733254983 1 TRUE 0.184343358597543 TRUE 0.023441605336667 "154,11,148,15,146,91,142,95,137,97" "97,137,95,142,91,146,15,148,11,154"
497 1 TRUE 0.127162733254983 2 FALSE 0.174926235953878 FALSE 0.0222440982819013 "154,11,148,15,146,91,142,95,137,97" "97,137,95,142,91,146,15,11,154,148"
497 2 FALSE 0.113231984387162 1 FALSE 0.111029192523046 TRUE 0.0125720557942888 "154,11,148,15,146,91,142,95,97,137" "137,97,95,142,91,146,15,148,11,154"
497 2 FALSE 0.113231984387162 2 FALSE 0.105357301053936 FALSE 0.0119298162680128 "154,11,148,15,146,91,142,95,97,137" "137,97,95,142,91,146,15,11,154,148"
498 1 TRUE 0.10403261221454 1 TRUE 0.148927972162867 TRUE 0.0154933659759174 "154,11,148,15,146,91,142,95,137,97" "97,137,95,142,91,146,15,148,11,154"
498 1 TRUE 0.10403261221454 2 FALSE 0.137760953238856 FALSE 0.0143316318266034 "154,11,148,15,146,91,142,95,137,97" "97,137,95,142,91,146,15,11,154,148"
498 2 FALSE 0.0972411657198224 1 FALSE 0.0909027002157452 TRUE 0.00883948453605862 "154,11,148,15,146,91,142,95,97,137" "137,97,95,142,91,146,15,148,11,154"
498 2 FALSE 0.0972411657198224 2 FALSE 0.0840865718631561 FALSE 0.00817667626935692 "154,11,148,15,146,91,142,95,97,137" "137,97,95,142,91,146,15,11,154,148"
499 1 TRUE 0.112452553089125 1 TRUE 0.162507282079426 TRUE 0.0182743587654061 "154,11,148,15,146,91,142,95,137,97" "97,137,95,142,91,146,15,148,11,154"
499 1 TRUE 0.112452553089125 2 FALSE 0.146191709817797 FALSE 0.0164396310094757 "154,11,148,15,146,91,142,95,137,97" "97,137,95,142,91,146,15,11,154,148"
499 2 FALSE 0.110711801493318 1 FALSE 0.102484512582312 TRUE 0.0113462450131524 "154,11,148,15,146,91,142,95,97,137" "137,97,95,142,91,146,15,148,11,154"
499 2 FALSE 0.110711801493318 2 FALSE 0.0921951677028787 FALSE 0.0102070931053643 "154,11,148,15,146,91,142,95,97,137" "137,97,95,142,91,146,15,11,154,148"
500 1 TRUE 0.0889439002119194 1 TRUE 0.1554085239098 TRUE 0.0138226402427149 "154,11,148,15,146,91,142,95,137,97" "97,137,95,142,91,146,15,148,11,154"
500 1 TRUE 0.0889439002119194 2 FALSE 0.139817353353531 FALSE 0.0124359007245711 "154,11,148,15,146,91,142,95,137,97" "97,137,95,142,91,146,15,11,154,148"
500 2 FALSE 0.0782307693740692 1 FALSE 0.0925746622061036 TRUE 0.00724218704892805 "154,11,148,15,146,91,142,95,97,137" "137,97,95,142,91,146,15,148,11,154"
500 2 FALSE 0.0782307693740692 2 FALSE 0.083287222165285 FALSE 0.00651562346901927 "154,11,148,15,146,91,142,95,97,137" "137,97,95,142,91,146,15,11,154,148"
