"expNo" "Rank" "isCorrect" "prob" "verifyRank" "verifyIsCorrect" "verifyProb" "match" "jointProb" "computedSeq" "verifySeq"
1501 1 TRUE 0.123427300301803 1 TRUE 0.0946850851574764 TRUE 0.0116867244398336 "97,137,95,142,91,146,15,148,11,154" "154,11,148,15,146,91,142,95,137,97"
1501 1 TRUE 0.123427300301803 2 FALSE 0.0705285258462296 FALSE 0.00870514553946604 "97,137,95,142,91,146,15,148,11,154" "154,11,148,15,146,91,142,95,97,137"
1501 2 FALSE 0.114865731998037 1 TRUE 0.0946850851574764 FALSE 0.01087607161591 "97,137,95,142,91,146,15,11,148,154" "154,11,148,15,146,91,142,95,137,97"
1501 2 FALSE 0.114865731998037 2 FALSE 0.0705285258462296 FALSE 0.00810131074806966 "97,137,95,142,91,146,15,11,148,154" "154,11,148,15,146,91,142,95,97,137"
1502 1 TRUE 0.120243291041973 1 TRUE 0.0949459027023959 TRUE 0.011416607811887 "97,137,95,142,91,146,15,148,11,154" "154,11,148,15,146,91,142,95,137,97"
1502 1 TRUE 0.120243291041973 2 FALSE 0.0735997512751593 FALSE 0.0088498763131958 "97,137,95,142,91,146,15,148,11,154" "154,11,148,15,146,91,142,95,97,137"
1502 2 FALSE 0.111203499268608 1 TRUE 0.0949459027023959 FALSE 0.0105583166217232 "97,137,95,142,91,146,15,11,148,154" "154,11,148,15,146,91,142,95,137,97"
1502 2 FALSE 0.111203499268608 2 FALSE 0.0735997512751593 FALSE 0.00818454988709689 "97,137,95,142,91,146,15,11,148,154" "154,11,148,15,146,91,142,95,97,137"
1503 1 TRUE 0.118226258728697 1 TRUE 0.0949015503932906 TRUE 0.0112198552505516 "97,137,95,142,91,146,15,148,11,154" "154,11,148,15,146,91,142,95,137,97"
1503 1 TRUE 0.118226258728697 2 FALSE 0.071341304704005 FALSE 0.0084344155479785 "97,137,95,142,91,146,15,148,11,154" "154,11,148,15,146,91,142,95,97,137"
1503 2 FALSE 0.111538817035435 1 TRUE 0.0949015503932906 FALSE 0.0105852066656963 "97,137,95,142,91,146,15,11,148,154" "154,11,148,15,146,91,142,95,137,97"
1503 2 FALSE 0.111538817035435 2 FALSE 0.071341304704005 FALSE 0.00795732473244921 "97,137,95,142,91,146,15,11,148,154" "154,11,148,15,146,91,142,95,97,137"
1504 1 TRUE 0.131575019729327 1 TRUE 0.0912874926457662 TRUE 0.0120111536459075 "97,137,95,142,91,146,15,148,11,154" "154,11,148,15,146,91,142,95,137,97"
1504 1 TRUE 0.131575019729327 2 FALSE 0.068680920174527 FALSE 0.00903669342699175 "97,137,95,142,91,146,15,148,11,154" "154,11,148,15,146,91,142,95,97,137"
1504 2 FALSE 0.122716725621912 1 TRUE 0.0912874926457662 FALSE 0.0112025021877228 "97,137,95,142,91,146,15,11,148,154" "154,11,148,15,146,91,142,95,137,97"
1504 2 FALSE 0.122716725621912 2 FALSE 0.068680920174527 FALSE 0.00842829763651783 "97,137,95,142,91,146,15,11,148,154" "154,11,148,15,146,91,142,95,97,137"
1505 1 TRUE 0.118152702556403 1 TRUE 0.0938844852001721 TRUE 0.011092705654517 "97,137,95,142,91,146,15,148,11,154" "154,11,148,15,146,91,142,95,137,97"
1505 1 TRUE 0.118152702556403 2 FALSE 0.0715841324210339 FALSE 0.00845785870570058 "97,137,95,142,91,146,15,148,11,154" "154,11,148,15,146,91,142,95,97,137"
1505 2 FALSE 0.10853003586745 1 TRUE 0.0938844852001721 FALSE 0.0101892865461717 "97,137,95,142,91,146,15,11,148,154" "154,11,148,15,146,91,142,95,137,97"
1505 2 FALSE 0.10853003586745 2 FALSE 0.0715841324210339 FALSE 0.00776902845919507 "97,137,95,142,91,146,15,11,148,154" "154,11,148,15,146,91,142,95,97,137"
1506 1 TRUE 0.13824045436386 1 TRUE 0.0984925645444667 TRUE 0.0136156568740889 "97,137,95,142,91,146,15,148,11,154" "154,11,148,15,146,91,142,95,137,97"
1506 1 TRUE 0.13824045436386 2 FALSE 0.0704809177474166 FALSE 0.0097433140933847 "97,137,95,142,91,146,15,148,11,154" "154,11,148,15,146,91,142,95,97,137"
1506 2 FALSE 0.12317843470929 1 TRUE 0.0984925645444667 FALSE 0.0121321599310911 "97,137,95,142,91,146,15,11,148,154" "154,11,148,15,146,91,142,95,137,97"
1506 2 FALSE 0.12317843470929 2 FALSE 0.0704809177474166 FALSE 0.00868172912500099 "97,137,95,142,91,146,15,11,148,154" "154,11,148,15,146,91,142,95,97,137"
1507 1 TRUE 0.127921744843455 1 TRUE 0.0975167493102199 TRUE 0.0124745127232251 "97,137,95,142,91,146,15,148,11,154" "154,11,148,15,146,91,142,95,137,97"
1507 1 TRUE 0.127921744843455 2 FALSE 0.0690083724817101 FALSE 0.00882767141666741 "97,137,95,142,91,146,15,148,11,154" "154,11,148,15,146,91,142,95,97,137"
1507 2 FALSE 0.115744590351712 1 TRUE 0.0975167493102199 FALSE 0.011287036201342 "97,137,95,142,91,146,15,11,148,154" "154,11,148,15,146,91,142,95,137,97"
1507 2 FALSE 0.115744590351712 2 FALSE 0.0690083724817101 FALSE 0.00798734580373386 "97,137,95,142,91,146,15,11,148,154" "154,11,148,15,146,91,142,95,97,137"
1508 1 TRUE 0.128299468095346 1 TRUE 0.0944910068721628 TRUE 0.0121231459214922 "97,137,95,142,91,146,15,148,11,154" "154,11,148,15,146,91,142,95,137,97"
1508 1 TRUE 0.128299468095346 2 FALSE 0.0747034783742275 FALSE 0.00958441654028561 "97,137,95,142,91,146,15,148,11,154" "154,11,148,15,146,91,142,95,97,137"
1508 2 FALSE 0.118826366128955 1 TRUE 0.0944910068721628 FALSE 0.0112280229784852 "97,137,95,142,91,146,15,11,148,154" "154,11,148,15,146,91,142,95,137,97"
1508 2 FALSE 0.118826366128955 2 FALSE 0.0747034783742275 FALSE 0.00887674287240242 "97,137,95,142,91,146,15,11,148,154" "154,11,148,15,146,91,142,95,97,137"
1509 1 TRUE 0.136897656965947 1 TRUE 0.0959323329602803 TRUE 0.0131329116095394 "97,137,95,142,91,146,15,148,11,154" "154,11,148,15,146,91,142,95,137,97"
1509 1 TRUE 0.136897656965947 2 FALSE 0.0698903771450766 FALSE 0.00956782887562733 "97,137,95,142,91,146,15,148,11,154" "154,11,148,15,146,91,142,95,97,137"
1509 2 FALSE 0.124148409523316 1 TRUE 0.0959323329602803 FALSE 0.01190984655888 "97,137,95,142,91,146,15,11,148,154" "154,11,148,15,146,91,142,95,137,97"
1509 2 FALSE 0.124148409523316 2 FALSE 0.0698903771450766 FALSE 0.008676779163546 "97,137,95,142,91,146,15,11,148,154" "154,11,148,15,146,91,142,95,97,137"
1510 1 TRUE 0.132554202391939 1 TRUE 0.0899489711480052 TRUE 0.0119231141264994 "97,137,95,142,91,146,15,148,11,154" "154,11,148,15,146,91,142,95,137,97"
1510 1 TRUE 0.132554202391939 2 FALSE 0.0715745969942559 FALSE 0.00948751361609808 "97,137,95,142,91,146,15,148,11,154" "154,11,148,15,146,91,142,95,97,137"
1510 2 FALSE 0.115453799115705 1 TRUE 0.0899489711480052 FALSE 0.0103849504455861 "97,137,95,142,91,146,15,11,148,154" "154,11,148,15,146,91,142,95,137,97"
1510 2 FALSE 0.115453799115705 2 FALSE 0.0715745969942559 FALSE 0.00826355914316237 "97,137,95,142,91,146,15,11,148,154" "154,11,148,15,146,91,142,95,97,137"
1511 1 TRUE 0.126184168587027 1 TRUE 0.0969332847940695 TRUE 0.0122314459501492 "97,137,95,142,91,146,15,148,11,154" "154,11,148,15,146,91,142,95,137,97"
1511 1 TRUE 0.126184168587027 2 FALSE 0.0728686410052866 FALSE 0.00919486888131864 "97,137,95,142,91,146,15,148,11,154" "154,11,148,15,146,91,142,95,97,137"
1511 2 FALSE 0.115544387658771 1 TRUE 0.0969332847940695 FALSE 0.011200097035284 "97,137,95,142,91,146,15,11,148,154" "154,11,148,15,146,91,142,95,137,97"
1511 2 FALSE 0.115544387658771 2 FALSE 0.0728686410052866 FALSE 0.00841956250448267 "97,137,95,142,91,146,15,11,148,154" "154,11,148,15,146,91,142,95,97,137"
1512 1 TRUE 0.127633570236255 1 TRUE 0.0942427485500181 TRUE 0.0120285384663164 "97,137,95,142,91,146,15,148,11,154" "154,11,148,15,146,91,142,95,137,97"
1512 1 TRUE 0.127633570236255 2 FALSE 0.0736202176908377 FALSE 0.00939641122545187 "97,137,95,142,91,146,15,148,11,154" "154,11,148,15,146,91,142,95,97,137"
1512 2 FALSE 0.120326256925075 1 TRUE 0.0942427485500181 FALSE 0.0113398771753548 "97,137,95,142,91,146,15,11,148,154" "154,11,148,15,146,91,142,95,137,97"
1512 2 FALSE 0.120326256925075 2 FALSE 0.0736202176908377 FALSE 0.00885844522874772 "97,137,95,142,91,146,15,11,148,154" "154,11,148,15,146,91,142,95,97,137"
1513 1 TRUE 0.123763293392611 1 TRUE 0.0944426396712038 TRUE 0.0116885321223998 "97,137,95,142,91,146,15,148,11,154" "154,11,148,15,146,91,142,95,137,97"
1513 1 TRUE 0.123763293392611 2 FALSE 0.0719671076340664 FALSE 0.00890688625673258 "97,137,95,142,91,146,15,148,11,154" "154,11,148,15,146,91,142,95,97,137"
1513 2 FALSE 0.115912777308488 1 TRUE 0.0944426396712038 FALSE 0.0109471086606341 "97,137,95,142,91,146,15,11,148,154" "154,11,148,15,146,91,142,95,137,97"
1513 2 FALSE 0.115912777308488 2 FALSE 0.0719671076340664 FALSE 0.00834190732072355 "97,137,95,142,91,146,15,11,148,154" "154,11,148,15,146,91,142,95,97,137"
1514 1 TRUE 0.125445079769525 1 TRUE 0.0940025795899012 TRUE 0.0117921610951962 "97,137,95,142,91,146,15,148,11,154" "154,11,148,15,146,91,142,95,137,97"
1514 1 TRUE 0.125445079769525 2 FALSE 0.0712742563557232 FALSE 0.00894100477405725 "97,137,95,142,91,146,15,148,11,154" "154,11,148,15,146,91,142,95,97,137"
1514 2 FALSE 0.113406315458162 1 TRUE 0.0940025795899012 FALSE 0.0106604861948533 "97,137,95,142,91,146,15,11,148,154" "154,11,148,15,146,91,142,95,137,97"
1514 2 FALSE 0.113406315458162 2 FALSE 0.0712742563557232 FALSE 0.00808295080032305 "97,137,95,142,91,146,15,11,148,154" "154,11,148,15,146,91,142,95,97,137"
1515 1 TRUE 0.125848568271729 1 TRUE 0.0940023015548153 TRUE 0.0118300550649209 "97,137,95,142,91,146,15,148,11,154" "154,11,148,15,146,91,142,95,137,97"
1515 1 TRUE 0.125848568271729 2 FALSE 0.0741426603812628 FALSE 0.00933074765683899 "97,137,95,142,91,146,15,148,11,154" "154,11,148,15,146,91,142,95,97,137"
1515 2 FALSE 0.114525499451346 1 TRUE 0.0940023015548153 FALSE 0.0107656605351412 "97,137,95,142,91,146,15,11,148,154" "154,11,148,15,146,91,142,95,137,97"
1515 2 FALSE 0.114525499451346 2 FALSE 0.0741426603812628 FALSE 0.00849122521081563 "97,137,95,142,91,146,15,11,148,154" "154,11,148,15,146,91,142,95,97,137"
1516 1 TRUE 0.129500513054599 1 TRUE 0.0987644391245923 TRUE 0.0127900455381844 "97,137,95,142,91,146,15,148,11,154" "154,11,148,15,146,91,142,95,137,97"
1516 1 TRUE 0.129500513054599 2 FALSE 0.0728590124689615 FALSE 0.00943527949538196 "97,137,95,142,91,146,15,148,11,154" "154,11,148,15,146,91,142,95,97,137"
1516 2 FALSE 0.116599287700864 1 TRUE 0.0987644391245923 FALSE 0.0115158632521028 "97,137,95,142,91,146,15,11,148,154" "154,11,148,15,146,91,142,95,137,97"
1516 2 FALSE 0.116599287700864 2 FALSE 0.0728590124689615 FALSE 0.00849530895646929 "97,137,95,142,91,146,15,11,148,154" "154,11,148,15,146,91,142,95,97,137"
1517 1 TRUE 0.126376773868797 1 TRUE 0.0980453794910211 TRUE 0.0123906587528172 "97,137,95,142,91,146,15,148,11,154" "154,11,148,15,146,91,142,95,137,97"
1517 1 TRUE 0.126376773868797 2 FALSE 0.0719453363394762 FALSE 0.00909221950148853 "97,137,95,142,91,146,15,148,11,154" "154,11,148,15,146,91,142,95,97,137"
1517 2 FALSE 0.114358898784225 1 TRUE 0.0980453794910211 FALSE 0.0112123616294747 "97,137,95,142,91,146,15,11,148,154" "154,11,148,15,146,91,142,95,137,97"
1517 2 FALSE 0.114358898784225 2 FALSE 0.0719453363394762 FALSE 0.00822758943644321 "97,137,95,142,91,146,15,11,148,154" "154,11,148,15,146,91,142,95,97,137"
1518 1 TRUE 0.141330603532529 1 TRUE 0.0923585570089514 TRUE 0.0130530906034686 "97,137,95,142,91,146,15,148,11,154" "154,11,148,15,146,91,142,95,137,97"
1518 1 TRUE 0.141330603532529 2 FALSE 0.0712110369461541 FALSE 0.0100642988297772 "97,137,95,142,91,146,15,148,11,154" "154,11,148,15,146,91,142,95,97,137"
1518 2 FALSE 0.12656471958137 1 TRUE 0.0923585570089514 FALSE 0.0116893348687779 "97,137,95,142,91,146,15,11,148,154" "154,11,148,15,146,91,142,95,137,97"
1518 2 FALSE 0.12656471958137 2 FALSE 0.0712110369461541 FALSE 0.00901280492218855 "97,137,95,142,91,146,15,11,148,154" "154,11,148,15,146,91,142,95,97,137"
1519 1 TRUE 0.126483174779131 1 TRUE 0.0943696429075188 TRUE 0.0119361720377159 "97,137,95,142,91,146,15,148,11,154" "154,11,148,15,146,91,142,95,137,97"
1519 1 TRUE 0.126483174779131 2 FALSE 0.0721782066893612 FALSE 0.00912932873193473 "97,137,95,142,91,146,15,148,11,154" "154,11,148,15,146,91,142,95,97,137"
1519 2 FALSE 0.117852461646667 1 TRUE 0.0943696429075188 FALSE 0.011121694721368 "97,137,95,142,91,146,15,11,148,154" "154,11,148,15,146,91,142,95,137,97"
1519 2 FALSE 0.117852461646667 2 FALSE 0.0721782066893612 FALSE 0.00850637933558313 "97,137,95,142,91,146,15,11,148,154" "154,11,148,15,146,91,142,95,97,137"
1520 1 TRUE 0.127718614306498 1 TRUE 0.0959297618902632 TRUE 0.0122520162593767 "97,137,95,142,91,146,15,148,11,154" "154,11,148,15,146,91,142,95,137,97"
1520 1 TRUE 0.127718614306498 2 FALSE 0.0725651360434543 FALSE 0.00926791862243251 "97,137,95,142,91,146,15,148,11,154" "154,11,148,15,146,91,142,95,97,137"
1520 2 FALSE 0.116394470037754 1 TRUE 0.0959297618902632 FALSE 0.0111656937960651 "97,137,95,142,91,146,15,11,148,154" "154,11,148,15,146,91,142,95,137,97"
1520 2 FALSE 0.116394470037754 2 FALSE 0.0725651360434543 FALSE 0.00844618055299541 "97,137,95,142,91,146,15,11,148,154" "154,11,148,15,146,91,142,95,97,137"
1521 1 TRUE 0.12294983640902 1 TRUE 0.099292962899912 TRUE 0.0122080535451111 "97,137,95,142,91,146,15,148,11,154" "154,11,148,15,146,91,142,95,137,97"
1521 1 TRUE 0.12294983640902 2 FALSE 0.0742944992992283 FALSE 0.00913449653493016 "97,137,95,142,91,146,15,148,11,154" "154,11,148,15,146,91,142,95,97,137"
1521 2 FALSE 0.108742299757311 1 TRUE 0.099292962899912 FALSE 0.0107973451354538 "97,137,95,142,91,146,15,11,148,154" "154,11,148,15,146,91,142,95,137,97"
1521 2 FALSE 0.108742299757311 2 FALSE 0.0742944992992283 FALSE 0.008078954713116 "97,137,95,142,91,146,15,11,148,154" "154,11,148,15,146,91,142,95,97,137"
1522 1 TRUE 0.128111121890002 1 TRUE 0.098860683969808 TRUE 0.012665153134185 "97,137,95,142,91,146,15,148,11,154" "154,11,148,15,146,91,142,95,137,97"
1522 1 TRUE 0.128111121890002 2 FALSE 0.0713093458142878 FALSE 0.00913552029351051 "97,137,95,142,91,146,15,148,11,154" "154,11,148,15,146,91,142,95,97,137"
1522 2 FALSE 0.115682051914903 1 TRUE 0.098860683969808 FALSE 0.0114364067753382 "97,137,95,142,91,146,15,11,148,154" "154,11,148,15,146,91,142,95,137,97"
1522 2 FALSE 0.115682051914903 2 FALSE 0.0713093458142878 FALSE 0.00824921144450624 "97,137,95,142,91,146,15,11,148,154" "154,11,148,15,146,91,142,95,97,137"
1523 1 TRUE 0.134330362384775 1 TRUE 0.0946990223678582 TRUE 0.0127209539921583 "97,137,95,142,91,146,15,148,11,154" "154,11,148,15,146,91,142,95,137,97"
1523 1 TRUE 0.134330362384775 2 FALSE 0.0685904133972804 FALSE 0.0092137750877782 "97,137,95,142,91,146,15,148,11,154" "154,11,148,15,146,91,142,95,97,137"
1523 2 FALSE 0.126609010846122 1 TRUE 0.0946990223678582 FALSE 0.0119897495500893 "97,137,95,142,91,146,15,11,148,154" "154,11,148,15,146,91,142,95,137,97"
1523 2 FALSE 0.126609010846122 2 FALSE 0.0685904133972804 FALSE 0.0086841643937563 "97,137,95,142,91,146,15,11,148,154" "154,11,148,15,146,91,142,95,97,137"
1524 1 TRUE 0.127200282408062 1 TRUE 0.0929669970532655 TRUE 0.0118254282798048 "97,137,95,142,91,146,15,148,11,154" "154,11,148,15,146,91,142,95,137,97"
1524 1 TRUE 0.127200282408062 2 FALSE 0.0706462495090082 FALSE 0.00898622288861624 "97,137,95,142,91,146,15,148,11,154" "154,11,148,15,146,91,142,95,97,137"
1524 2 FALSE 0.115200255765792 1 TRUE 0.0929669970532655 FALSE 0.0107098218383138 "97,137,95,142,91,146,15,11,148,154" "154,11,148,15,146,91,142,95,137,97"
1524 2 FALSE 0.115200255765792 2 FALSE 0.0706462495090082 FALSE 0.00813846601233169 "97,137,95,142,91,146,15,11,148,154" "154,11,148,15,146,91,142,95,97,137"
1525 1 TRUE 0.127678570477027 1 TRUE 0.0926123022148802 TRUE 0.0118246063553823 "97,137,95,142,91,146,15,148,11,154" "154,11,148,15,146,91,142,95,137,97"
1525 1 TRUE 0.127678570477027 2 FALSE 0.0715245244805061 FALSE 0.00913214903972012 "97,137,95,142,91,146,15,148,11,154" "154,11,148,15,146,91,142,95,97,137"
1525 2 FALSE 0.11930063240769 1 TRUE 0.0926123022148802 FALSE 0.0110487062229673 "97,137,95,142,91,146,15,11,148,154" "154,11,148,15,146,91,142,95,137,97"
1525 2 FALSE 0.11930063240769 2 FALSE 0.0715245244805061 FALSE 0.00853292100318369 "97,137,95,142,91,146,15,11,148,154" "154,11,148,15,146,91,142,95,97,137"
1526 1 TRUE 0.127101449975119 1 TRUE 0.0921834123133687 TRUE 0.0117166453686834 "97,137,95,142,91,146,15,148,11,154" "154,11,148,15,146,91,142,95,137,97"
1526 1 TRUE 0.127101449975119 2 FALSE 0.0695153601051633 FALSE 0.00883550306490883 "97,137,95,142,91,146,15,148,11,154" "154,11,148,15,146,91,142,95,97,137"
1526 2 FALSE 0.113222256193321 1 TRUE 0.0921834123133687 FALSE 0.0104372139257188 "97,137,95,142,91,146,15,11,148,154" "154,11,148,15,146,91,142,95,137,97"
1526 2 FALSE 0.113222256193321 2 FALSE 0.0695153601051633 FALSE 0.0078706859111978 "97,137,95,142,91,146,15,11,148,154" "154,11,148,15,146,91,142,95,97,137"
1527 1 TRUE 0.1268283997134 1 TRUE 0.0972670775231219 TRUE 0.0123362277870567 "97,137,95,142,91,146,15,148,11,154" "154,11,148,15,146,91,142,95,137,97"
1527 1 TRUE 0.1268283997134 2 FALSE 0.0639624772827786 FALSE 0.00811225863547949 "97,137,95,142,91,146,15,148,11,154" "154,11,148,15,146,91,142,95,97,137"
1527 2 FALSE 0.116642952941049 1 TRUE 0.0972670775231219 FALSE 0.0113455191462429 "97,137,95,142,91,146,15,11,148,154" "154,11,148,15,146,91,142,95,137,97"
1527 2 FALSE 0.116642952941049 2 FALSE 0.0639624772827786 FALSE 0.00746077222768809 "97,137,95,142,91,146,15,11,148,154" "154,11,148,15,146,91,142,95,97,137"
1528 1 TRUE 0.134517116355989 1 TRUE 0.0918942944276779 TRUE 0.0123613554959794 "97,137,95,142,91,146,15,148,11,154" "154,11,148,15,146,91,142,95,137,97"
1528 1 TRUE 0.134517116355989 2 FALSE 0.0705539132572693 FALSE 0.00949070895899843 "97,137,95,142,91,146,15,148,11,154" "154,11,148,15,146,91,142,95,97,137"
1528 2 FALSE 0.119851716452516 1 TRUE 0.0918942944276779 FALSE 0.0110136889193501 "97,137,95,142,91,146,15,11,148,154" "154,11,148,15,146,91,142,95,137,97"
1528 2 FALSE 0.119851716452516 2 FALSE 0.0705539132572693 FALSE 0.00845600760632567 "97,137,95,142,91,146,15,11,148,154" "154,11,148,15,146,91,142,95,97,137"
1529 1 TRUE 0.131527910838007 1 TRUE 0.0945876667148795 TRUE 0.0124409181940498 "97,137,95,142,91,146,15,148,11,154" "154,11,148,15,146,91,142,95,137,97"
1529 1 TRUE 0.131527910838007 2 FALSE 0.0727254229930442 FALSE 0.00956542295108549 "97,137,95,142,91,146,15,148,11,154" "154,11,148,15,146,91,142,95,97,137"
1529 2 FALSE 0.121320273991801 1 TRUE 0.0945876667148795 FALSE 0.0114754016420943 "97,137,95,142,91,146,15,11,148,154" "154,11,148,15,146,91,142,95,137,97"
1529 2 FALSE 0.121320273991801 2 FALSE 0.0727254229930442 FALSE 0.00882306824368573 "97,137,95,142,91,146,15,11,148,154" "154,11,148,15,146,91,142,95,97,137"
1530 1 TRUE 0.151302901423505 1 TRUE 0.093514140685261 TRUE 0.0141489608098058 "97,137,95,142,91,146,15,148,11,154" "154,11,148,15,146,91,142,95,137,97"
1530 1 TRUE 0.151302901423505 2 FALSE 0.0668901147489867 FALSE 0.0101206684380728 "97,137,95,142,91,146,15,148,11,154" "154,11,148,15,146,91,142,95,97,137"
1530 2 FALSE 0.137610083446808 1 TRUE 0.093514140685261 FALSE 0.0128684887031553 "97,137,95,142,91,146,15,11,148,154" "154,11,148,15,146,91,142,95,137,97"
1530 2 FALSE 0.137610083446808 2 FALSE 0.0668901147489867 FALSE 0.0092047542723746 "97,137,95,142,91,146,15,11,148,154" "154,11,148,15,146,91,142,95,97,137"
1531 1 TRUE 0.122323835504388 1 TRUE 0.0968407670115124 TRUE 0.011845934054035 "97,137,95,142,91,146,15,148,11,154" "154,11,148,15,146,91,142,95,137,97"
1531 1 TRUE 0.122323835504388 2 FALSE 0.0705128989114558 FALSE 0.00862540824738248 "97,137,95,142,91,146,15,148,11,154" "154,11,148,15,146,91,142,95,97,137"
1531 2 FALSE 0.112914309696358 1 TRUE 0.0968407670115124 FALSE 0.0109347083575708 "97,137,95,142,91,146,15,11,148,154" "154,11,148,15,146,91,142,95,137,97"
1531 2 FALSE 0.112914309696358 2 FALSE 0.0705128989114558 FALSE 0.00796191530527614 "97,137,95,142,91,146,15,11,148,154" "154,11,148,15,146,91,142,95,97,137"
1532 1 TRUE 0.13720349948991 1 TRUE 0.0927829222660016 TRUE 0.0127301416277957 "97,137,95,142,91,146,15,148,11,154" "154,11,148,15,146,91,142,95,137,97"
1532 1 TRUE 0.13720349948991 2 FALSE 0.0708250149083864 FALSE 0.00971743989685563 "97,137,95,142,91,146,15,148,11,154" "154,11,148,15,146,91,142,95,97,137"
1532 2 FALSE 0.128483692129332 1 TRUE 0.0927829222660016 FALSE 0.0119210924192847 "97,137,95,142,91,146,15,11,148,154" "154,11,148,15,146,91,142,95,137,97"
1532 2 FALSE 0.128483692129332 2 FALSE 0.0708250149083864 FALSE 0.00909985941054445 "97,137,95,142,91,146,15,11,148,154" "154,11,148,15,146,91,142,95,97,137"
1533 1 TRUE 0.133922023332594 1 TRUE 0.0940207633885356 TRUE 0.0125914508682677 "97,137,95,142,91,146,15,148,11,154" "154,11,148,15,146,91,142,95,137,97"
1533 1 TRUE 0.133922023332594 2 FALSE 0.0699072028959465 FALSE 0.00936211405734731 "97,137,95,142,91,146,15,148,11,154" "154,11,148,15,146,91,142,95,97,137"
1533 2 FALSE 0.124717291323668 1 TRUE 0.0940207633885356 FALSE 0.0117260149380017 "97,137,95,142,91,146,15,11,148,154" "154,11,148,15,146,91,142,95,137,97"
1533 2 FALSE 0.124717291323668 2 FALSE 0.0699072028959465 FALSE 0.00871863698919656 "97,137,95,142,91,146,15,11,148,154" "154,11,148,15,146,91,142,95,97,137"
1534 1 TRUE 0.141534555427336 1 TRUE 0.0943269131740647 TRUE 0.0133505177209242 "97,137,95,142,91,146,15,148,11,154" "154,11,148,15,146,91,142,95,137,97"
1534 1 TRUE 0.141534555427336 2 FALSE 0.0703604014351998 FALSE 0.00995842813681988 "97,137,95,142,91,146,15,148,11,154" "154,11,148,15,146,91,142,95,97,137"
1534 2 FALSE 0.132875970860016 1 TRUE 0.0943269131740647 FALSE 0.0125337801662323 "97,137,95,142,91,146,15,11,148,154" "154,11,148,15,146,91,142,95,137,97"
1534 2 FALSE 0.132875970860016 2 FALSE 0.0703604014351998 FALSE 0.00934920665080266 "97,137,95,142,91,146,15,11,148,154" "154,11,148,15,146,91,142,95,97,137"
1535 1 TRUE 0.130615814904427 1 TRUE 0.0949402519501481 TRUE 0.0124006983757002 "97,137,95,142,91,146,15,148,11,154" "154,11,148,15,146,91,142,95,137,97"
1535 1 TRUE 0.130615814904427 2 FALSE 0.0731326302725039 FALSE 0.00955227809914725 "97,137,95,142,91,146,15,148,11,154" "154,11,148,15,146,91,142,95,97,137"
1535 2 FALSE 0.119049834348004 1 TRUE 0.0949402519501481 FALSE 0.0113026212676229 "97,137,95,142,91,146,15,11,148,154" "154,11,148,15,146,91,142,95,137,97"
1535 2 FALSE 0.119049834348004 2 FALSE 0.0731326302725039 FALSE 0.00870642751937543 "97,137,95,142,91,146,15,11,148,154" "154,11,148,15,146,91,142,95,97,137"
1536 1 TRUE 0.132247918078843 1 TRUE 0.0950226344253405 TRUE 0.0125665455731183 "97,137,95,142,91,146,15,148,11,154" "154,11,148,15,146,91,142,95,137,97"
1536 1 TRUE 0.132247918078843 2 FALSE 0.0722613987374101 FALSE 0.00955641954048761 "97,137,95,142,91,146,15,148,11,154" "154,11,148,15,146,91,142,95,97,137"
1536 2 FALSE 0.121564654308131 1 TRUE 0.0950226344253405 FALSE 0.0115513937053644 "97,137,95,142,91,146,15,11,148,154" "154,11,148,15,146,91,142,95,137,97"
1536 2 FALSE 0.121564654308131 2 FALSE 0.0722613987374101 FALSE 0.00878443195733528 "97,137,95,142,91,146,15,11,148,154" "154,11,148,15,146,91,142,95,97,137"
1537 1 TRUE 0.139416937987362 1 TRUE 0.098995052914219 TRUE 0.0138015871531973 "97,137,95,142,91,146,15,148,11,154" "154,11,148,15,146,91,142,95,137,97"
1537 1 TRUE 0.139416937987362 2 FALSE 0.0761862164945534 FALSE 0.0106216490205129 "97,137,95,142,91,146,15,148,11,154" "154,11,148,15,146,91,142,95,97,137"
1537 2 FALSE 0.122725598948231 1 TRUE 0.098995052914219 FALSE 0.0121492271618094 "97,137,95,142,91,146,15,11,148,154" "154,11,148,15,146,91,142,95,137,97"
1537 2 FALSE 0.122725598948231 2 FALSE 0.0761862164945534 FALSE 0.00934999905089369 "97,137,95,142,91,146,15,11,148,154" "154,11,148,15,146,91,142,95,97,137"
1538 1 TRUE 0.134403593507423 1 TRUE 0.0982780622512024 TRUE 0.0132089247295079 "97,137,95,142,91,146,15,148,11,154" "154,11,148,15,146,91,142,95,137,97"
1538 1 TRUE 0.134403593507423 2 FALSE 0.0735942698718306 FALSE 0.00989133433232914 "97,137,95,142,91,146,15,148,11,154" "154,11,148,15,146,91,142,95,97,137"
1538 2 FALSE 0.121039073174961 1 TRUE 0.0982780622512024 FALSE 0.0118954855683167 "97,137,95,142,91,146,15,11,148,154" "154,11,148,15,146,91,142,95,137,97"
1538 2 FALSE 0.121039073174961 2 FALSE 0.0735942698718306 FALSE 0.00890778221627434 "97,137,95,142,91,146,15,11,148,154" "154,11,148,15,146,91,142,95,97,137"
1539 1 TRUE 0.128661274924455 1 TRUE 0.096358592406853 TRUE 0.0123976193489917 "97,137,95,142,91,146,15,148,11,154" "154,11,148,15,146,91,142,95,137,97"
1539 1 TRUE 0.128661274924455 2 FALSE 0.0750485190861066 FALSE 0.00965583814681081 "97,137,95,142,91,146,15,148,11,154" "154,11,148,15,146,91,142,95,97,137"
1539 2 FALSE 0.118410114183814 1 TRUE 0.096358592406853 FALSE 0.0114098319294871 "97,137,95,142,91,146,15,11,148,154" "154,11,148,15,146,91,142,95,137,97"
1539 2 FALSE 0.118410114183814 2 FALSE 0.0750485190861066 FALSE 0.00888650371431205 "97,137,95,142,91,146,15,11,148,154" "154,11,148,15,146,91,142,95,97,137"
1540 1 TRUE 0.131392084823727 1 TRUE 0.0996590938154135 TRUE 0.0130944161080506 "97,137,95,142,91,146,15,148,11,154" "154,11,148,15,146,91,142,95,137,97"
1540 1 TRUE 0.131392084823727 2 FALSE 0.0742786236614881 FALSE 0.00975962322071997 "97,137,95,142,91,146,15,148,11,154" "154,11,148,15,146,91,142,95,97,137"
1540 2 FALSE 0.119279512022086 1 TRUE 0.0996590938154135 FALSE 0.0118872880788659 "97,137,95,142,91,146,15,11,148,154" "154,11,148,15,146,91,142,95,137,97"
1540 2 FALSE 0.119279512022086 2 FALSE 0.0742786236614881 FALSE 0.0088599179840145 "97,137,95,142,91,146,15,11,148,154" "154,11,148,15,146,91,142,95,97,137"
1541 1 TRUE 0.127245625439249 1 TRUE 0.0995978204596129 TRUE 0.0126733869567694 "97,137,95,142,91,146,15,148,11,154" "154,11,148,15,146,91,142,95,137,97"
1541 1 TRUE 0.127245625439249 2 FALSE 0.0738800733925767 FALSE 0.00940091614633601 "97,137,95,142,91,146,15,148,11,154" "154,11,148,15,146,91,142,95,97,137"
1541 2 FALSE 0.120422454500341 1 TRUE 0.0995978204596129 FALSE 0.0119938140026309 "97,137,95,142,91,146,15,11,148,154" "154,11,148,15,146,91,142,95,137,97"
1541 2 FALSE 0.120422454500341 2 FALSE 0.0738800733925767 FALSE 0.00889681977659941 "97,137,95,142,91,146,15,11,148,154" "154,11,148,15,146,91,142,95,97,137"
1542 1 TRUE 0.135562210618332 1 TRUE 0.0985189092097995 TRUE 0.0133554411201872 "97,137,95,142,91,146,15,148,11,154" "154,11,148,15,146,91,142,95,137,97"
1542 1 TRUE 0.135562210618332 2 FALSE 0.0724335242653609 FALSE 0.00981924867228894 "97,137,95,142,91,146,15,148,11,154" "154,11,148,15,146,91,142,95,97,137"
1542 2 FALSE 0.122357660618842 1 TRUE 0.0985189092097995 FALSE 0.0120545432576312 "97,137,95,142,91,146,15,11,148,154" "154,11,148,15,146,91,142,95,137,97"
1542 2 FALSE 0.122357660618842 2 FALSE 0.0724335242653609 FALSE 0.00886279657948771 "97,137,95,142,91,146,15,11,148,154" "154,11,148,15,146,91,142,95,97,137"
1543 1 TRUE 0.131119164582177 1 TRUE 0.0949843603155697 TRUE 0.01245426997295 "97,137,95,142,91,146,15,148,11,154" "154,11,148,15,146,91,142,95,137,97"
1543 1 TRUE 0.131119164582177 2 FALSE 0.0739760547398908 FALSE 0.00969967849657986 "97,137,95,142,91,146,15,148,11,154" "154,11,148,15,146,91,142,95,97,137"
1543 2 FALSE 0.119087025619222 1 TRUE 0.0949843603155697 FALSE 0.0113114049503257 "97,137,95,142,91,146,15,11,148,154" "154,11,148,15,146,91,142,95,137,97"
1543 2 FALSE 0.119087025619222 2 FALSE 0.0739760547398908 FALSE 0.00880958832601835 "97,137,95,142,91,146,15,11,148,154" "154,11,148,15,146,91,142,95,97,137"
1544 1 TRUE 0.130405418662057 1 TRUE 0.0990474452324065 TRUE 0.0129163235629391 "97,137,95,142,91,146,15,148,11,154" "154,11,148,15,146,91,142,95,137,97"
1544 1 TRUE 0.130405418662057 2 FALSE 0.0693332116626845 FALSE 0.00904142649405738 "97,137,95,142,91,146,15,148,11,154" "154,11,148,15,146,91,142,95,97,137"
1544 2 FALSE 0.113193836491811 1 TRUE 0.0990474452324065 FALSE 0.0112115603205686 "97,137,95,142,91,146,15,11,148,154" "154,11,148,15,146,91,142,95,137,97"
1544 2 FALSE 0.113193836491811 2 FALSE 0.0693332116626845 FALSE 0.007848092224398 "97,137,95,142,91,146,15,11,148,154" "154,11,148,15,146,91,142,95,97,137"
1545 1 TRUE 0.127261366559379 1 TRUE 0.0907152945621911 TRUE 0.011544552353821 "97,137,95,142,91,146,15,148,11,154" "154,11,148,15,146,91,142,95,137,97"
1545 1 TRUE 0.127261366559379 2 FALSE 0.0725722356497529 FALSE 0.00923564188305681 "97,137,95,142,91,146,15,148,11,154" "154,11,148,15,146,91,142,95,97,137"
1545 2 FALSE 0.116003767682759 1 TRUE 0.0907152945621911 FALSE 0.0105233159556655 "97,137,95,142,91,146,15,11,148,154" "154,11,148,15,146,91,142,95,137,97"
1545 2 FALSE 0.116003767682759 2 FALSE 0.0725722356497529 FALSE 0.00841865276453239 "97,137,95,142,91,146,15,11,148,154" "154,11,148,15,146,91,142,95,97,137"
1546 1 TRUE 0.138333230685181 1 TRUE 0.0863845915102939 TRUE 0.0119498596250387 "97,137,95,142,91,146,15,148,11,154" "154,11,148,15,146,91,142,95,137,97"
1546 1 TRUE 0.138333230685181 2 FALSE 0.0692706630035376 FALSE 0.00958243460498383 "97,137,95,142,91,146,15,148,11,154" "154,11,148,15,146,91,142,95,97,137"
1546 2 FALSE 0.12363269423849 1 TRUE 0.0863845915102939 FALSE 0.010679959789109 "97,137,95,142,91,146,15,11,148,154" "154,11,148,15,146,91,142,95,137,97"
1546 2 FALSE 0.12363269423849 2 FALSE 0.0692706630035376 FALSE 0.00856411869881385 "97,137,95,142,91,146,15,11,148,154" "154,11,148,15,146,91,142,95,97,137"
1547 1 TRUE 0.127959795778654 1 TRUE 0.091372016824327 TRUE 0.0116919446127246 "97,137,95,142,91,146,15,148,11,154" "154,11,148,15,146,91,142,95,137,97"
1547 1 TRUE 0.127959795778654 2 FALSE 0.0736526771130673 FALSE 0.00942458152193924 "97,137,95,142,91,146,15,148,11,154" "154,11,148,15,146,91,142,95,97,137"
1547 2 FALSE 0.114148677201251 1 TRUE 0.091372016824327 FALSE 0.0104299948537074 "97,137,95,142,91,146,15,11,148,154" "154,11,148,15,146,91,142,95,137,97"
1547 2 FALSE 0.114148677201251 2 FALSE 0.0736526771130673 FALSE 0.00840735566478748 "97,137,95,142,91,146,15,11,148,154" "154,11,148,15,146,91,142,95,97,137"
1548 1 TRUE 0.14266368605498 1 TRUE 0.0937814683574167 TRUE 0.0133792099595176 "97,137,95,142,91,146,15,148,11,154" "154,11,148,15,146,91,142,95,137,97"
1548 1 TRUE 0.14266368605498 2 FALSE 0.0752458369644214 FALSE 0.0107348484616364 "97,137,95,142,91,146,15,148,11,154" "154,11,148,15,146,91,142,95,97,137"
1548 2 FALSE 0.128397317449482 1 TRUE 0.0937814683574167 FALSE 0.0120412889635658 "97,137,95,142,91,146,15,11,148,154" "154,11,148,15,146,91,142,95,137,97"
1548 2 FALSE 0.128397317449482 2 FALSE 0.0752458369644214 FALSE 0.0096613636154728 "97,137,95,142,91,146,15,11,148,154" "154,11,148,15,146,91,142,95,97,137"
1549 1 TRUE 0.134408528609344 1 TRUE 0.0939501902016128 TRUE 0.0126277068275668 "97,137,95,142,91,146,15,148,11,154" "154,11,148,15,146,91,142,95,137,97"
1549 1 TRUE 0.134408528609344 2 FALSE 0.0711273845630135 FALSE 0.00956012710294563 "97,137,95,142,91,146,15,148,11,154" "154,11,148,15,146,91,142,95,97,137"
1549 2 FALSE 0.120379765496983 1 TRUE 0.0939501902016128 FALSE 0.0113097018648671 "97,137,95,142,91,146,15,11,148,154" "154,11,148,15,146,91,142,95,137,97"
1549 2 FALSE 0.120379765496983 2 FALSE 0.0711273845630135 FALSE 0.00856229787410927 "97,137,95,142,91,146,15,11,148,154" "154,11,148,15,146,91,142,95,97,137"
1550 1 TRUE 0.133696502730061 1 TRUE 0.0906001021521956 TRUE 0.0121129168047349 "97,137,95,142,91,146,15,148,11,154" "154,11,148,15,146,91,142,95,137,97"
1550 1 TRUE 0.133696502730061 2 FALSE 0.0747977587535569 FALSE 0.0100001987573974 "97,137,95,142,91,146,15,148,11,154" "154,11,148,15,146,91,142,95,97,137"
1550 2 FALSE 0.118388253167469 1 TRUE 0.0906001021521956 FALSE 0.0107259878305927 "97,137,95,142,91,146,15,11,148,154" "154,11,148,15,146,91,142,95,137,97"
1550 2 FALSE 0.118388253167469 2 FALSE 0.0747977587535569 FALSE 0.00885517599967539 "97,137,95,142,91,146,15,11,148,154" "154,11,148,15,146,91,142,95,97,137"
1551 1 TRUE 0.132955393387045 1 TRUE 0.0924081500026128 TRUE 0.0122861619357665 "97,137,95,142,91,146,15,148,11,154" "154,11,148,15,146,91,142,95,137,97"
1551 1 TRUE 0.132955393387045 2 FALSE 0.0749434517963774 FALSE 0.00996413611537044 "97,137,95,142,91,146,15,148,11,154" "154,11,148,15,146,91,142,95,97,137"
1551 2 FALSE 0.119696071850077 1 TRUE 0.0924081500026128 FALSE 0.0110608925622455 "97,137,95,142,91,146,15,11,148,154" "154,11,148,15,146,91,142,95,137,97"
1551 2 FALSE 0.119696071850077 2 FALSE 0.0749434517963774 FALSE 0.00897043679091199 "97,137,95,142,91,146,15,11,148,154" "154,11,148,15,146,91,142,95,97,137"
1552 1 TRUE 0.13333081355056 1 TRUE 0.0900459031562 TRUE 0.0120058935247111 "97,137,95,142,91,146,15,148,11,154" "154,11,148,15,146,91,142,95,137,97"
1552 1 TRUE 0.13333081355056 2 FALSE 0.0767914828318061 FALSE 0.0102386708797186 "97,137,95,142,91,146,15,148,11,154" "154,11,148,15,146,91,142,95,97,137"
1552 2 FALSE 0.12113554339194 1 TRUE 0.0900459031562 FALSE 0.0109077594090443 "97,137,95,142,91,146,15,11,148,154" "154,11,148,15,146,91,142,95,137,97"
1552 2 FALSE 0.12113554339194 2 FALSE 0.0767914828318061 FALSE 0.00930217800070365 "97,137,95,142,91,146,15,11,148,154" "154,11,148,15,146,91,142,95,97,137"
1553 1 TRUE 0.130384870628987 1 TRUE 0.0925590159498704 TRUE 0.0120682953201702 "97,137,95,142,91,146,15,148,11,154" "154,11,148,15,146,91,142,95,137,97"
1553 1 TRUE 0.130384870628987 2 FALSE 0.0800569687718074 FALSE 0.0104382175162609 "97,137,95,142,91,146,15,148,11,154" "154,11,148,15,146,91,142,95,97,137"
1553 2 FALSE 0.113977975635015 1 TRUE 0.0925590159498704 FALSE 0.0105496892647353 "97,137,95,142,91,146,15,11,148,154" "154,11,148,15,146,91,142,95,137,97"
1553 2 FALSE 0.113977975635015 2 FALSE 0.0800569687718074 FALSE 0.00912473123608624 "97,137,95,142,91,146,15,11,148,154" "154,11,148,15,146,91,142,95,97,137"
1554 1 TRUE 0.128758528962993 1 TRUE 0.0927728398482956 TRUE 0.0119452943865858 "97,137,95,142,91,146,15,148,11,154" "154,11,148,15,146,91,142,95,137,97"
1554 1 TRUE 0.128758528962993 2 FALSE 0.0731268267039507 FALSE 0.00941570263413237 "97,137,95,142,91,146,15,148,11,154" "154,11,148,15,146,91,142,95,97,137"
1554 2 FALSE 0.115579067571433 1 TRUE 0.0927728398482956 FALSE 0.0107225983256199 "97,137,95,142,91,146,15,11,148,154" "154,11,148,15,146,91,142,95,137,97"
1554 2 FALSE 0.115579067571433 2 FALSE 0.0731268267039507 FALSE 0.0084519304449004 "97,137,95,142,91,146,15,11,148,154" "154,11,148,15,146,91,142,95,97,137"
1555 1 TRUE 0.133300979449748 1 TRUE 0.0921957853175446 TRUE 0.0122897884839674 "97,137,95,142,91,146,15,148,11,154" "154,11,148,15,146,91,142,95,137,97"
1555 1 TRUE 0.133300979449748 2 FALSE 0.0765357356583444 FALSE 0.0102022885261643 "97,137,95,142,91,146,15,148,11,154" "154,11,148,15,146,91,142,95,97,137"
1555 2 FALSE 0.11903407529775 1 TRUE 0.0921957853175446 FALSE 0.0109744400516238 "97,137,95,142,91,146,15,11,148,154" "154,11,148,15,146,91,142,95,137,97"
1555 2 FALSE 0.11903407529775 2 FALSE 0.0765357356583444 FALSE 0.00911036052132403 "97,137,95,142,91,146,15,11,148,154" "154,11,148,15,146,91,142,95,97,137"
1556 1 TRUE 0.1321552201069 1 TRUE 0.0882769548671972 TRUE 0.0116662604008413 "97,137,95,142,91,146,15,148,11,154" "154,11,148,15,146,91,142,95,137,97"
1556 1 TRUE 0.1321552201069 2 FALSE 0.0767066743748947 FALSE 0.0101371874356825 "97,137,95,142,91,146,15,148,11,154" "154,11,148,15,146,91,142,95,97,137"
1556 2 FALSE 0.117016945099786 1 TRUE 0.0882769548671972 FALSE 0.0103298995812711 "97,137,95,142,91,146,15,11,148,154" "154,11,148,15,146,91,142,95,137,97"
1556 2 FALSE 0.117016945099786 2 FALSE 0.0767066743748947 FALSE 0.00897598070411423 "97,137,95,142,91,146,15,11,148,154" "154,11,148,15,146,91,142,95,97,137"
1557 1 TRUE 0.134517568855708 1 TRUE 0.0927898159580022 TRUE 0.012481860457239 "97,137,95,142,91,146,15,148,11,154" "154,11,148,15,146,91,142,95,137,97"
1557 1 TRUE 0.134517568855708 2 FALSE 0.0764677519461126 FALSE 0.0102862560876524 "97,137,95,142,91,146,15,148,11,154" "154,11,148,15,146,91,142,95,97,137"
1557 2 FALSE 0.120348530788622 1 TRUE 0.0927898159580022 FALSE 0.0111671180226922 "97,137,95,142,91,146,15,11,148,154" "154,11,148,15,146,91,142,95,137,97"
1557 2 FALSE 0.120348530788622 2 FALSE 0.0764677519461126 FALSE 0.00920278159942348 "97,137,95,142,91,146,15,11,148,154" "154,11,148,15,146,91,142,95,97,137"
1558 1 TRUE 0.144113480702148 1 TRUE 0.0902140727539636 TRUE 0.0130010640328905 "97,137,95,142,91,146,15,148,11,154" "154,11,148,15,146,91,142,95,137,97"
1558 1 TRUE 0.144113480702148 2 FALSE 0.0726426856617427 FALSE 0.0104687902782657 "97,137,95,142,91,146,15,148,11,154" "154,11,148,15,146,91,142,95,97,137"
1558 2 FALSE 0.114475457298052 1 TRUE 0.0902140727539636 FALSE 0.0103272972332297 "97,137,95,142,91,146,15,11,148,154" "154,11,148,15,146,91,142,95,137,97"
1558 2 FALSE 0.114475457298052 2 FALSE 0.0726426856617427 FALSE 0.00831580466048666 "97,137,95,142,91,146,15,11,148,154" "154,11,148,15,146,91,142,95,97,137"
1559 1 TRUE 0.120423951985059 1 TRUE 0.0888863686773376 TRUE 0.010704047793726 "97,137,95,142,91,146,15,148,11,154" "154,11,148,15,146,91,142,95,137,97"
1559 1 TRUE 0.120423951985059 2 FALSE 0.0791305477249469 FALSE 0.00952921327978046 "97,137,95,142,91,146,15,148,11,154" "154,11,148,15,146,91,142,95,97,137"
1559 2 FALSE 0.108240539891106 1 TRUE 0.0888863686773376 FALSE 0.00962110853459494 "97,137,95,142,91,146,15,11,148,154" "154,11,148,15,146,91,142,95,137,97"
1559 2 FALSE 0.108240539891106 2 FALSE 0.0791305477249469 FALSE 0.0085651332076272 "97,137,95,142,91,146,15,11,148,154" "154,11,148,15,146,91,142,95,97,137"
1560 1 TRUE 0.122887358602358 1 TRUE 0.0892593483398893 TRUE 0.0109688455480568 "97,137,95,142,91,146,15,148,11,154" "154,11,148,15,146,91,142,95,137,97"
1560 1 TRUE 0.122887358602358 2 FALSE 0.0773296979651069 FALSE 0.00950284232445015 "97,137,95,142,91,146,15,148,11,154" "154,11,148,15,146,91,142,95,97,137"
1560 2 FALSE 0.108529981223003 1 TRUE 0.0892593483398893 FALSE 0.00968731539930565 "97,137,95,142,91,146,15,11,148,154" "154,11,148,15,146,91,142,95,137,97"
1560 2 FALSE 0.108529981223003 2 FALSE 0.0773296979651069 FALSE 0.00839259066813353 "97,137,95,142,91,146,15,11,148,154" "154,11,148,15,146,91,142,95,97,137"
1561 1 TRUE 0.135983310207185 1 FALSE 0.0899814735726657 FALSE 0.0122359786337314 "97,137,95,142,91,146,15,148,11,154" "154,11,148,15,146,91,142,95,97,137"
1561 1 TRUE 0.135983310207185 2 TRUE 0.0814222602328268 TRUE 0.0110720684710106 "97,137,95,142,91,146,15,148,11,154" "154,11,148,15,146,91,142,95,137,97"
1561 2 FALSE 0.118274994266645 1 FALSE 0.0899814735726657 FALSE 0.0106425582709113 "97,137,95,142,91,146,15,11,148,154" "154,11,148,15,146,91,142,95,97,137"
1561 2 FALSE 0.118274994266645 2 TRUE 0.0814222602328268 FALSE 0.00963021736221487 "97,137,95,142,91,146,15,11,148,154" "154,11,148,15,146,91,142,95,137,97"
1562 1 TRUE 0.128445199963665 1 TRUE 0.0909962767879715 TRUE 0.01168803496798 "97,137,95,142,91,146,15,148,11,154" "154,11,148,15,146,91,142,95,137,97"
1562 1 TRUE 0.128445199963665 2 FALSE 0.0792967554866609 FALSE 0.010185287614954 "97,137,95,142,91,146,15,148,11,154" "154,11,148,15,146,91,142,95,97,137"
1562 2 FALSE 0.116276803512419 1 TRUE 0.0909962767879715 FALSE 0.0105807561964367 "97,137,95,142,91,146,15,11,148,154" "154,11,148,15,146,91,142,95,137,97"
1562 2 FALSE 0.116276803512419 2 FALSE 0.0792967554866609 FALSE 0.00922037325689484 "97,137,95,142,91,146,15,11,148,154" "154,11,148,15,146,91,142,95,97,137"
1563 1 TRUE 0.129287197803441 1 TRUE 0.0864105955394274 TRUE 0.0111717837578191 "97,137,95,142,91,146,15,148,11,154" "154,11,148,15,146,91,142,95,137,97"
1563 1 TRUE 0.129287197803441 2 FALSE 0.0775803157032816 FALSE 0.0100301416219835 "97,137,95,142,91,146,15,148,11,154" "154,11,148,15,146,91,142,95,97,137"
1563 2 FALSE 0.109288925711693 1 TRUE 0.0864105955394274 FALSE 0.0094437211566116 "97,137,95,142,91,146,15,11,148,154" "154,11,148,15,146,91,142,95,137,97"
1563 2 FALSE 0.109288925711693 2 FALSE 0.0775803157032816 FALSE 0.0084786693595856 "97,137,95,142,91,146,15,11,148,154" "154,11,148,15,146,91,142,95,97,137"
1564 1 TRUE 0.134393255143919 1 TRUE 0.0870835088514326 TRUE 0.0117034362238983 "97,137,95,142,91,146,15,148,11,154" "154,11,148,15,146,91,142,95,137,97"
1564 1 TRUE 0.134393255143919 2 FALSE 0.069831115588413 FALSE 0.00938483093425807 "97,137,95,142,91,146,15,148,11,154" "154,11,148,15,146,91,142,95,97,137"
1564 2 FALSE 0.120622183155092 1 TRUE 0.0870835088514326 FALSE 0.0105042029544656 "97,137,95,142,91,146,15,11,148,154" "154,11,148,15,146,91,142,95,137,97"
1564 2 FALSE 0.120622183155092 2 FALSE 0.069831115588413 FALSE 0.00842318161442993 "97,137,95,142,91,146,15,11,148,154" "154,11,148,15,146,91,142,95,97,137"
1565 1 TRUE 0.132715417937465 1 TRUE 0.0991977499064677 TRUE 0.013165070837293 "97,137,95,142,91,146,15,148,11,154" "154,11,148,15,146,91,142,95,137,97"
1565 1 TRUE 0.132715417937465 2 FALSE 0.0764121878629867 FALSE 0.0101410754477524 "97,137,95,142,91,146,15,148,11,154" "154,11,148,15,146,91,142,95,97,137"
1565 2 FALSE 0.117169408572635 1 TRUE 0.0991977499064677 FALSE 0.0116229416882769 "97,137,95,142,91,146,15,11,148,154" "154,11,148,15,146,91,142,95,137,97"
1565 2 FALSE 0.117169408572635 2 FALSE 0.0764121878629867 FALSE 0.00895317085964721 "97,137,95,142,91,146,15,11,148,154" "154,11,148,15,146,91,142,95,97,137"
1566 1 TRUE 0.131443822097477 1 TRUE 0.0997218210850976 TRUE 0.013107817309946 "97,137,95,142,91,146,15,148,11,154" "154,11,148,15,146,91,142,95,137,97"
1566 1 TRUE 0.131443822097477 2 FALSE 0.0812288073157954 FALSE 0.0106770248980077 "97,137,95,142,91,146,15,148,11,154" "154,11,148,15,146,91,142,95,97,137"
1566 2 FALSE 0.117578719509911 1 TRUE 0.0997218210850976 FALSE 0.0117251640303822 "97,137,95,142,91,146,15,11,148,154" "154,11,148,15,146,91,142,95,137,97"
1566 2 FALSE 0.117578719509911 2 FALSE 0.0812288073157954 FALSE 0.00955077915150852 "97,137,95,142,91,146,15,11,148,154" "154,11,148,15,146,91,142,95,97,137"
1567 1 TRUE 0.137698584941778 1 TRUE 0.0960369775848511 TRUE 0.0132241559155193 "97,137,95,142,91,146,15,148,11,154" "154,11,148,15,146,91,142,95,137,97"
1567 1 TRUE 0.137698584941778 2 FALSE 0.0778429218793277 FALSE 0.0107188601905168 "97,137,95,142,91,146,15,148,11,154" "154,11,148,15,146,91,142,95,97,137"
1567 2 FALSE 0.125481090609515 1 TRUE 0.0960369775848511 FALSE 0.0120508246861887 "97,137,95,142,91,146,15,11,148,154" "154,11,148,15,146,91,142,95,137,97"
1567 2 FALSE 0.125481090609515 2 FALSE 0.0778429218793277 FALSE 0.00976781473364936 "97,137,95,142,91,146,15,11,148,154" "154,11,148,15,146,91,142,95,97,137"
1568 1 TRUE 0.129681328557972 1 TRUE 0.0997051812669735 TRUE 0.0129299003708146 "97,137,95,142,91,146,15,148,11,154" "154,11,148,15,146,91,142,95,137,97"
1568 1 TRUE 0.129681328557972 2 FALSE 0.0776259453220726 FALSE 0.0100666357199349 "97,137,95,142,91,146,15,148,11,154" "154,11,148,15,146,91,142,95,97,137"
1568 2 FALSE 0.117931867632511 1 TRUE 0.0997051812669735 FALSE 0.0117584182394522 "97,137,95,142,91,146,15,11,148,154" "154,11,148,15,146,91,142,95,137,97"
1568 2 FALSE 0.117931867632511 2 FALSE 0.0776259453220726 FALSE 0.0091545727085712 "97,137,95,142,91,146,15,11,148,154" "154,11,148,15,146,91,142,95,97,137"
1569 1 TRUE 0.129843640990744 1 TRUE 0.0976932622691197 TRUE 0.0126848488732862 "97,137,95,142,91,146,15,148,11,154" "154,11,148,15,146,91,142,95,137,97"
1569 1 TRUE 0.129843640990744 2 FALSE 0.080521524958158 FALSE 0.0104552079786943 "97,137,95,142,91,146,15,148,11,154" "154,11,148,15,146,91,142,95,97,137"
1569 2 FALSE 0.117187361480329 1 TRUE 0.0976932622691197 FALSE 0.0114484156397239 "97,137,95,142,91,146,15,11,148,154" "154,11,148,15,146,91,142,95,137,97"
1569 2 FALSE 0.117187361480329 2 FALSE 0.080521524958158 FALSE 0.00943610505221897 "97,137,95,142,91,146,15,11,148,154" "154,11,148,15,146,91,142,95,97,137"
1570 1 TRUE 0.130947318733627 1 TRUE 0.100504106351718 TRUE 0.0131607432484767 "97,137,95,142,91,146,15,148,11,154" "154,11,148,15,146,91,142,95,137,97"
1570 1 TRUE 0.130947318733627 2 FALSE 0.0831677336943117 FALSE 0.0108905917324224 "97,137,95,142,91,146,15,148,11,154" "154,11,148,15,146,91,142,95,97,137"
1570 2 FALSE 0.117882009287942 1 TRUE 0.100504106351718 FALSE 0.0118476259984294 "97,137,95,142,91,146,15,11,148,154" "154,11,148,15,146,91,142,95,137,97"
1570 2 FALSE 0.117882009287942 2 FALSE 0.0831677336943117 FALSE 0.00980397955580991 "97,137,95,142,91,146,15,11,148,154" "154,11,148,15,146,91,142,95,97,137"
1571 1 TRUE 0.119199172454607 1 TRUE 0.0865297912668114 TRUE 0.0103142795116738 "97,137,95,142,91,146,15,148,11,154" "154,11,148,15,146,91,142,95,137,97"
1571 1 TRUE 0.119199172454607 2 FALSE 0.0786445824703154 FALSE 0.00937436914849971 "97,137,95,142,91,146,15,148,11,154" "154,11,148,15,146,91,142,95,97,137"
1571 2 FALSE 0.107063214559387 1 TRUE 0.0865297912668114 FALSE 0.00926415760817759 "97,137,95,142,91,146,15,11,148,154" "154,11,148,15,146,91,142,95,137,97"
1571 2 FALSE 0.107063214559387 2 FALSE 0.0786445824703154 FALSE 0.00841994180695278 "97,137,95,142,91,146,15,11,148,154" "154,11,148,15,146,91,142,95,97,137"
1572 1 TRUE 0.133647716891679 1 TRUE 0.0904142137499502 TRUE 0.0120836532422371 "97,137,95,142,91,146,15,148,11,154" "154,11,148,15,146,91,142,95,137,97"
1572 1 TRUE 0.133647716891679 2 FALSE 0.0808511719110131 FALSE 0.0108055745339236 "97,137,95,142,91,146,15,148,11,154" "154,11,148,15,146,91,142,95,97,137"
1572 2 FALSE 0.119882306628703 1 TRUE 0.0904142137499502 FALSE 0.0108390644963646 "97,137,95,142,91,146,15,11,148,154" "154,11,148,15,146,91,142,95,137,97"
1572 2 FALSE 0.119882306628703 2 FALSE 0.0808511719110131 FALSE 0.00969262498232606 "97,137,95,142,91,146,15,11,148,154" "154,11,148,15,146,91,142,95,97,137"
1573 1 TRUE 0.127493624887871 1 TRUE 0.0904768379273405 TRUE 0.0115352200357491 "97,137,95,142,91,146,15,148,11,154" "154,11,148,15,146,91,142,95,137,97"
1573 1 TRUE 0.127493624887871 2 FALSE 0.0767876709596105 FALSE 0.00978993851733787 "97,137,95,142,91,146,15,148,11,154" "154,11,148,15,146,91,142,95,97,137"
1573 2 FALSE 0.115111659622855 1 TRUE 0.0904768379273405 FALSE 0.0104149389712442 "97,137,95,142,91,146,15,11,148,154" "154,11,148,15,146,91,142,95,137,97"
1573 2 FALSE 0.115111659622855 2 FALSE 0.0767876709596105 FALSE 0.00883915624273448 "97,137,95,142,91,146,15,11,148,154" "154,11,148,15,146,91,142,95,97,137"
1574 1 TRUE 0.128534368591203 1 TRUE 0.0907972835484296 TRUE 0.0116705715106938 "97,137,95,142,91,146,15,148,11,154" "154,11,148,15,146,91,142,95,137,97"
1574 1 TRUE 0.128534368591203 2 FALSE 0.0784258775175 FALSE 0.0100804206479229 "97,137,95,142,91,146,15,148,11,154" "154,11,148,15,146,91,142,95,97,137"
1574 2 FALSE 0.11627719026851 1 TRUE 0.0907972835484296 FALSE 0.0105576530150246 "97,137,95,142,91,146,15,11,148,154" "154,11,148,15,146,91,142,95,137,97"
1574 2 FALSE 0.11627719026851 2 FALSE 0.0784258775175 FALSE 0.00911914068207721 "97,137,95,142,91,146,15,11,148,154" "154,11,148,15,146,91,142,95,97,137"
1575 1 TRUE 0.130504992493353 1 TRUE 0.0893318001633409 TRUE 0.0116582459097345 "97,137,95,142,91,146,15,148,11,154" "154,11,148,15,146,91,142,95,137,97"
1575 1 TRUE 0.130504992493353 2 FALSE 0.0797915108255083 FALSE 0.0104131905213162 "97,137,95,142,91,146,15,148,11,154" "154,11,148,15,146,91,142,95,97,137"
1575 2 FALSE 0.117696846906548 1 TRUE 0.0893318001633409 FALSE 0.0105140712077111 "97,137,95,142,91,146,15,11,148,154" "154,11,148,15,146,91,142,95,137,97"
1575 2 FALSE 0.117696846906548 2 FALSE 0.0797915108255083 FALSE 0.00939120923407201 "97,137,95,142,91,146,15,11,148,154" "154,11,148,15,146,91,142,95,97,137"
1576 1 TRUE 0.13230343879947 1 TRUE 0.0915325157941809 TRUE 0.0121100666015369 "97,137,95,142,91,146,15,148,11,154" "154,11,148,15,146,91,142,95,137,97"
1576 1 TRUE 0.13230343879947 2 FALSE 0.0764591420715115 FALSE 0.0101158074237182 "97,137,95,142,91,146,15,148,11,154" "154,11,148,15,146,91,142,95,97,137"
1576 2 FALSE 0.115719058674647 1 TRUE 0.0915325157941809 FALSE 0.0105920565658248 "97,137,95,142,91,146,15,11,148,154" "154,11,148,15,146,91,142,95,137,97"
1576 2 FALSE 0.115719058674647 2 FALSE 0.0764591420715115 FALSE 0.00884777994758637 "97,137,95,142,91,146,15,11,148,154" "154,11,148,15,146,91,142,95,97,137"
1577 1 TRUE 0.127541696429338 1 TRUE 0.0905876121194016 TRUE 0.0115536977251913 "97,137,95,142,91,146,15,148,11,154" "154,11,148,15,146,91,142,95,137,97"
1577 1 TRUE 0.127541696429338 2 FALSE 0.0775220911406417 FALSE 0.00988729901482718 "97,137,95,142,91,146,15,148,11,154" "154,11,148,15,146,91,142,95,97,137"
1577 2 FALSE 0.116184360663026 1 TRUE 0.0905876121194016 FALSE 0.0105248637980828 "97,137,95,142,91,146,15,11,148,154" "154,11,148,15,146,91,142,95,137,97"
1577 2 FALSE 0.116184360663026 2 FALSE 0.0775220911406417 FALSE 0.00900685459643625 "97,137,95,142,91,146,15,11,148,154" "154,11,148,15,146,91,142,95,97,137"
1578 1 TRUE 0.129302091721299 1 TRUE 0.0902581411687885 TRUE 0.0116705664480007 "97,137,95,142,91,146,15,148,11,154" "154,11,148,15,146,91,142,95,137,97"
1578 1 TRUE 0.129302091721299 2 FALSE 0.0789758735226899 FALSE 0.0102117456420006 "97,137,95,142,91,146,15,148,11,154" "154,11,148,15,146,91,142,95,97,137"
1578 2 FALSE 0.114763747257995 1 TRUE 0.0902581411687885 FALSE 0.0103583625010712 "97,137,95,142,91,146,15,11,148,154" "154,11,148,15,146,91,142,95,137,97"
1578 2 FALSE 0.114763747257995 2 FALSE 0.0789758735226899 FALSE 0.00906356718843733 "97,137,95,142,91,146,15,11,148,154" "154,11,148,15,146,91,142,95,97,137"
1579 1 TRUE 0.129197223888651 1 TRUE 0.0923422589579782 TRUE 0.0119303635049777 "97,137,95,142,91,146,15,148,11,154" "154,11,148,15,146,91,142,95,137,97"
1579 1 TRUE 0.129197223888651 2 FALSE 0.0836011227944803 FALSE 0.0108010329790211 "97,137,95,142,91,146,15,148,11,154" "154,11,148,15,146,91,142,95,97,137"
1579 2 FALSE 0.117550982624899 1 TRUE 0.0923422589579782 FALSE 0.0108549232783132 "97,137,95,142,91,146,15,11,148,154" "154,11,148,15,146,91,142,95,137,97"
1579 2 FALSE 0.117550982624899 2 FALSE 0.0836011227944803 FALSE 0.00982739413303598 "97,137,95,142,91,146,15,11,148,154" "154,11,148,15,146,91,142,95,97,137"
1580 1 TRUE 0.13204678735692 1 TRUE 0.0954242917560858 TRUE 0.0126004711622005 "97,137,95,142,91,146,15,148,11,154" "154,11,148,15,146,91,142,95,137,97"
1580 1 TRUE 0.13204678735692 2 FALSE 0.0803211664421729 FALSE 0.0106061519854494 "97,137,95,142,91,146,15,148,11,154" "154,11,148,15,146,91,142,95,97,137"
1580 2 FALSE 0.121481647579805 1 TRUE 0.0954242917560858 FALSE 0.0115923001816653 "97,137,95,142,91,146,15,11,148,154" "154,11,148,15,146,91,142,95,137,97"
1580 2 FALSE 0.121481647579805 2 FALSE 0.0803211664421729 FALSE 0.00975754763492693 "97,137,95,142,91,146,15,11,148,154" "154,11,148,15,146,91,142,95,97,137"
1581 1 TRUE 0.130970604235652 1 TRUE 0.0947024095496209 TRUE 0.012403231801286 "97,137,95,142,91,146,15,148,11,154" "154,11,148,15,146,91,142,95,137,97"
1581 1 TRUE 0.130970604235652 2 FALSE 0.0838792770296642 FALSE 0.0109857195954247 "97,137,95,142,91,146,15,148,11,154" "154,11,148,15,146,91,142,95,97,137"
1581 2 FALSE 0.115786936718969 1 TRUE 0.0947024095496209 FALSE 0.0109653019016558 "97,137,95,142,91,146,15,11,148,154" "154,11,148,15,146,91,142,95,137,97"
1581 2 FALSE 0.115786936718969 2 FALSE 0.0838792770296642 FALSE 0.00971212454146659 "97,137,95,142,91,146,15,11,148,154" "154,11,148,15,146,91,142,95,97,137"
1582 1 TRUE 0.132782306794394 1 TRUE 0.0979007673049995 TRUE 0.012999489719699 "97,137,95,142,91,146,15,148,11,154" "154,11,148,15,146,91,142,95,137,97"
1582 1 TRUE 0.132782306794394 2 FALSE 0.0829277087759996 FALSE 0.0110113324684509 "97,137,95,142,91,146,15,148,11,154" "154,11,148,15,146,91,142,95,97,137"
1582 2 FALSE 0.11833699827928 1 TRUE 0.0979007673049995 FALSE 0.0115852829321119 "97,137,95,142,91,146,15,11,148,154" "154,11,148,15,146,91,142,95,137,97"
1582 2 FALSE 0.11833699827928 2 FALSE 0.0829277087759996 FALSE 0.00981341613073006 "97,137,95,142,91,146,15,11,148,154" "154,11,148,15,146,91,142,95,97,137"
1583 1 TRUE 0.136100650054213 1 TRUE 0.0977602608751421 TRUE 0.0133052350545763 "97,137,95,142,91,146,15,148,11,154" "154,11,148,15,146,91,142,95,137,97"
1583 1 TRUE 0.136100650054213 2 FALSE 0.0769890276176061 FALSE 0.0104782567057979 "97,137,95,142,91,146,15,148,11,154" "154,11,148,15,146,91,142,95,97,137"
1583 2 FALSE 0.122189039218133 1 TRUE 0.0977602608751421 FALSE 0.0119452323500477 "97,137,95,142,91,146,15,11,148,154" "154,11,148,15,146,91,142,95,137,97"
1583 2 FALSE 0.122189039218133 2 FALSE 0.0769890276176061 FALSE 0.0094072153149336 "97,137,95,142,91,146,15,11,148,154" "154,11,148,15,146,91,142,95,97,137"
1584 1 TRUE 0.13313136426686 1 TRUE 0.0928439090341022 TRUE 0.0123604362735782 "97,137,95,142,91,146,15,148,11,154" "154,11,148,15,146,91,142,95,137,97"
1584 1 TRUE 0.13313136426686 2 FALSE 0.0830106871413278 FALSE 0.0110513260278544 "97,137,95,142,91,146,15,148,11,154" "154,11,148,15,146,91,142,95,97,137"
1584 2 FALSE 0.121922245644124 1 TRUE 0.0928439090341022 FALSE 0.0113197378838165 "97,137,95,142,91,146,15,11,148,154" "154,11,148,15,146,91,142,95,137,97"
1584 2 FALSE 0.121922245644124 2 FALSE 0.0830106871413278 FALSE 0.0101208493887325 "97,137,95,142,91,146,15,11,148,154" "154,11,148,15,146,91,142,95,97,137"
1585 1 TRUE 0.132998568875036 1 TRUE 0.097163127511796 TRUE 0.0129225569064915 "97,137,95,142,91,146,15,148,11,154" "154,11,148,15,146,91,142,95,137,97"
1585 1 TRUE 0.132998568875036 2 FALSE 0.076648406853853 FALSE 0.0101941284181139 "97,137,95,142,91,146,15,148,11,154" "154,11,148,15,146,91,142,95,97,137"
1585 2 FALSE 0.121259063227485 1 TRUE 0.097163127511796 FALSE 0.011781909822333 "97,137,95,142,91,146,15,11,148,154" "154,11,148,15,146,91,142,95,137,97"
1585 2 FALSE 0.121259063227485 2 FALSE 0.076648406853853 FALSE 0.00929431401297732 "97,137,95,142,91,146,15,11,148,154" "154,11,148,15,146,91,142,95,97,137"
1586 1 TRUE 0.130427843276846 1 TRUE 0.0993237606540583 TRUE 0.0129545838882545 "97,137,95,142,91,146,15,148,11,154" "154,11,148,15,146,91,142,95,137,97"
1586 1 TRUE 0.130427843276846 2 FALSE 0.0775096636879801 FALSE 0.0101094182679369 "97,137,95,142,91,146,15,148,11,154" "154,11,148,15,146,91,142,95,97,137"
1586 2 FALSE 0.120935363773135 1 TRUE 0.0993237606540583 FALSE 0.0120117551260144 "97,137,95,142,91,146,15,11,148,154" "154,11,148,15,146,91,142,95,137,97"
1586 2 FALSE 0.120935363773135 2 FALSE 0.0775096636879801 FALSE 0.00937365937403925 "97,137,95,142,91,146,15,11,148,154" "154,11,148,15,146,91,142,95,97,137"
1587 1 TRUE 0.132985923927257 1 TRUE 0.0930111984389974 TRUE 0.0123691801599915 "97,137,95,142,91,146,15,148,11,154" "154,11,148,15,146,91,142,95,137,97"
1587 1 TRUE 0.132985923927257 2 FALSE 0.0767125071237525 FALSE 0.0102016836366285 "97,137,95,142,91,146,15,148,11,154" "154,11,148,15,146,91,142,95,97,137"
1587 2 FALSE 0.119585039159011 1 TRUE 0.0930111984389974 FALSE 0.011122747807554 "97,137,95,142,91,146,15,11,148,154" "154,11,148,15,146,91,142,95,137,97"
1587 2 FALSE 0.119585039159011 2 FALSE 0.0767125071237525 FALSE 0.00917366816837984 "97,137,95,142,91,146,15,11,148,154" "154,11,148,15,146,91,142,95,97,137"
1588 1 TRUE 0.139934433042194 1 TRUE 0.106963185724323 TRUE 0.0149678327507201 "97,137,95,142,91,146,15,148,11,154" "154,11,148,15,146,91,142,95,137,97"
1588 1 TRUE 0.139934433042194 2 FALSE 0.0660322415042335 FALSE 0.00924018427740013 "97,137,95,142,91,146,15,148,11,154" "154,11,148,15,146,91,142,95,97,137"
1588 2 FALSE 0.123909946876681 1 TRUE 0.106963185724323 FALSE 0.0132538026608615 "97,137,95,142,91,146,15,11,148,154" "154,11,148,15,146,91,142,95,137,97"
1588 2 FALSE 0.123909946876681 2 FALSE 0.0660322415042335 FALSE 0.00818205153693772 "97,137,95,142,91,146,15,11,148,154" "154,11,148,15,146,91,142,95,97,137"
1589 1 TRUE 0.121134885444589 1 TRUE 0.104330379511643 TRUE 0.0126380485705334 "97,137,95,142,91,146,15,148,11,154" "154,11,148,15,146,91,142,95,137,97"
1589 1 TRUE 0.121134885444589 2 FALSE 0.0842950373103442 FALSE 0.0102110696881359 "97,137,95,142,91,146,15,148,11,154" "154,11,148,15,146,91,142,95,97,137"
1589 2 FALSE 0.112833166752713 1 TRUE 0.104330379511643 FALSE 0.0117719271088111 "97,137,95,142,91,146,15,11,148,154" "154,11,148,15,146,91,142,95,137,97"
1589 2 FALSE 0.112833166752713 2 FALSE 0.0842950373103442 FALSE 0.00951127600126424 "97,137,95,142,91,146,15,11,148,154" "154,11,148,15,146,91,142,95,97,137"
1590 1 TRUE 0.12767100382611 1 TRUE 0.0988977608113046 TRUE 0.0126263763989337 "97,137,95,142,91,146,15,148,11,154" "154,11,148,15,146,91,142,95,137,97"
1590 1 TRUE 0.12767100382611 2 FALSE 0.0789792422404095 FALSE 0.0100833591382586 "97,137,95,142,91,146,15,148,11,154" "154,11,148,15,146,91,142,95,97,137"
1590 2 FALSE 0.118653335584792 1 TRUE 0.0988977608113046 FALSE 0.0117345492021282 "97,137,95,142,91,146,15,11,148,154" "154,11,148,15,146,91,142,95,137,97"
1590 2 FALSE 0.118653335584792 2 FALSE 0.0789792422404095 FALSE 0.00937115053378386 "97,137,95,142,91,146,15,11,148,154" "154,11,148,15,146,91,142,95,97,137"
1591 1 FALSE 0.129169460993053 1 TRUE 0.0887049158621198 FALSE 0.0114579661693441 "97,137,95,142,91,146,15,11,148,154" "154,11,148,15,146,91,142,95,137,97"
1591 1 FALSE 0.129169460993053 2 FALSE 0.0786864783059275 FALSE 0.0101638899902182 "97,137,95,142,91,146,15,11,148,154" "154,11,148,15,146,91,142,95,97,137"
1591 2 TRUE 0.123586557683887 1 TRUE 0.0887049158621198 TRUE 0.0109627352010382 "97,137,95,142,91,146,15,148,11,154" "154,11,148,15,146,91,142,95,137,97"
1591 2 TRUE 0.123586557683887 2 FALSE 0.0786864783059275 FALSE 0.00972459099009746 "97,137,95,142,91,146,15,148,11,154" "154,11,148,15,146,91,142,95,97,137"
1592 1 TRUE 0.143950004096992 1 TRUE 0.093769397824698 TRUE 0.0134981052010378 "97,137,95,142,91,146,15,148,11,154" "154,11,148,15,146,91,142,95,137,97"
1592 1 TRUE 0.143950004096992 2 FALSE 0.0869745139243576 FALSE 0.0125199816357452 "97,137,95,142,91,146,15,148,11,154" "154,11,148,15,146,91,142,95,97,137"
1592 2 FALSE 0.12214240334691 1 TRUE 0.093769397824698 FALSE 0.0114532196107012 "97,137,95,142,91,146,15,11,148,154" "154,11,148,15,146,91,142,95,137,97"
1592 2 FALSE 0.12214240334691 2 FALSE 0.0869745139243576 FALSE 0.0106232761606503 "97,137,95,142,91,146,15,11,148,154" "154,11,148,15,146,91,142,95,97,137"
1593 1 FALSE 0.154926201520613 1 TRUE 0.0825687993962061 FALSE 0.0127920704545717 "97,137,95,142,91,146,15,11,148,154" "154,11,148,15,146,91,142,95,137,97"
1593 1 FALSE 0.154926201520613 2 FALSE 0.0741515916907676 FALSE 0.0114880244373581 "97,137,95,142,91,146,15,11,148,154" "154,11,148,15,146,91,142,95,97,137"
1593 2 TRUE 0.128591673038146 1 TRUE 0.0825687993962061 TRUE 0.0106176600551092 "97,137,95,142,91,146,15,148,11,154" "154,11,148,15,146,91,142,95,137,97"
1593 2 TRUE 0.128591673038146 2 FALSE 0.0741515916907676 FALSE 0.00953527723395726 "97,137,95,142,91,146,15,148,11,154" "154,11,148,15,146,91,142,95,97,137"
1594 1 TRUE 0.142958463082752 1 TRUE 0.0818773614260547 TRUE 0.0117050617507398 "97,137,95,142,91,146,15,148,11,154" "154,11,148,15,146,91,142,95,137,97"
1594 1 TRUE 0.142958463082752 2 FALSE 0.0702083788000137 FALSE 0.0100368819287816 "97,137,95,142,91,146,15,148,11,154" "154,11,148,15,146,91,142,95,97,137"
1594 2 FALSE 0.127105661029352 1 TRUE 0.0818773614260547 FALSE 0.0104070761473978 "97,137,95,142,91,146,15,11,148,154" "154,11,148,15,146,91,142,95,137,97"
1594 2 FALSE 0.127105661029352 2 FALSE 0.0702083788000137 FALSE 0.00892388239717486 "97,137,95,142,91,146,15,11,148,154" "154,11,148,15,146,91,142,95,97,137"
1595 1 TRUE 0.124011211661606 1 TRUE 0.0704203699710762 TRUE 0.00873291540577176 "97,137,95,142,91,146,15,148,11,154" "154,11,148,15,146,91,142,95,137,97"
1595 1 TRUE 0.124011211661606 2 FALSE 0.0623674322858193 FALSE 0.00773426084598764 "97,137,95,142,91,146,15,148,11,154" "154,11,148,15,146,91,142,95,97,137"
1595 2 FALSE 0.122340602557059 1 TRUE 0.0704203699710762 FALSE 0.00861527049455249 "97,137,95,142,91,146,15,11,148,154" "154,11,148,15,146,91,142,95,137,97"
1595 2 FALSE 0.122340602557059 2 FALSE 0.0623674322858193 FALSE 0.00763006924578372 "97,137,95,142,91,146,15,11,148,154" "154,11,148,15,146,91,142,95,97,137"
1596 1 TRUE 0.0961659089501088 1 TRUE 0.0589895816794483 TRUE 0.00567278674079083 "97,137,95,142,91,146,15,148,11,154" "154,11,148,15,146,91,142,95,137,97"
1596 1 TRUE 0.0961659089501088 2 FALSE 0.0471358832332234 FALSE 0.00453286505528912 "97,137,95,142,91,146,15,148,11,154" "154,11,148,15,146,91,142,95,97,137"
1596 2 FALSE 0.0913503384977196 1 TRUE 0.0589895816794483 FALSE 0.00538871825425648 "97,137,95,142,91,146,15,11,148,154" "154,11,148,15,146,91,142,95,137,97"
1596 2 FALSE 0.0913503384977196 2 FALSE 0.0471358832332234 FALSE 0.00430587888874395 "97,137,95,142,91,146,15,11,148,154" "154,11,148,15,146,91,142,95,97,137"
1597 1 TRUE 0.0992486086849323 1 FALSE 0.0625571341062296 FALSE 0.00620870852336001 "97,137,95,142,91,146,15,148,11,154" "154,11,148,15,146,91,142,95,97,137"
1597 1 TRUE 0.0992486086849323 2 TRUE 0.0508462014180965 TRUE 0.00504641474765991 "97,137,95,142,91,146,15,148,11,154" "154,11,148,15,146,91,142,95,137,97"
1597 2 FALSE 0.0943813765802224 1 FALSE 0.0625571341062296 FALSE 0.00590422843185952 "97,137,95,142,91,146,15,11,148,154" "154,11,148,15,146,91,142,95,97,137"
1597 2 FALSE 0.0943813765802224 2 TRUE 0.0508462014180965 FALSE 0.00479893448371521 "97,137,95,142,91,146,15,11,148,154" "154,11,148,15,146,91,142,95,137,97"
1598 1 TRUE 0.103708733697016 1 FALSE 0.0585883186670212 FALSE 0.00607612033839401 "97,137,95,142,91,146,15,148,11,154" "154,11,148,15,146,91,142,95,97,137"
1598 1 TRUE 0.103708733697016 2 TRUE 0.0566303542899742 TRUE 0.0058730623322266 "97,137,95,142,91,146,15,148,11,154" "154,11,148,15,146,91,142,95,137,97"
1598 2 FALSE 0.0988437822436905 1 FALSE 0.0585883186670212 FALSE 0.00579109101234699 "97,137,95,142,91,146,15,11,148,154" "154,11,148,15,146,91,142,95,97,137"
1598 2 FALSE 0.0988437822436905 2 TRUE 0.0566303542899742 FALSE 0.00559755840782125 "97,137,95,142,91,146,15,11,148,154" "154,11,148,15,146,91,142,95,137,97"
1599 1 TRUE 0.115488437708455 1 TRUE 0.0646822123825116 TRUE 0.00747004765558277 "97,137,95,142,91,146,15,148,11,154" "154,11,148,15,146,91,142,95,137,97"
1599 1 TRUE 0.115488437708455 2 FALSE 0.0623896782727517 FALSE 0.00720528647285326 "97,137,95,142,91,146,15,148,11,154" "154,11,148,15,146,91,142,95,97,137"
1599 2 FALSE 0.111093252869561 1 TRUE 0.0646822123825116 FALSE 0.00718575737637303 "97,137,95,142,91,146,15,11,148,154" "154,11,148,15,146,91,142,95,137,97"
1599 2 FALSE 0.111093252869561 2 FALSE 0.0623896782727517 FALSE 0.00693107230480538 "97,137,95,142,91,146,15,11,148,154" "154,11,148,15,146,91,142,95,97,137"
1600 1 TRUE 0.113261066530997 1 TRUE 0.0669166214544901 TRUE 0.00757904791458653 "97,137,95,142,91,146,15,148,11,154" "154,11,148,15,146,91,142,95,137,97"
1600 1 TRUE 0.113261066530997 2 FALSE 0.0636896777802888 FALSE 0.00721356083241104 "97,137,95,142,91,146,15,148,11,154" "154,11,148,15,146,91,142,95,97,137"
1600 2 FALSE 0.10414540943269 1 TRUE 0.0669166214544901 FALSE 0.00696905893923022 "97,137,95,142,91,146,15,11,148,154" "154,11,148,15,146,91,142,95,137,97"
1600 2 FALSE 0.10414540943269 2 FALSE 0.0636896777802888 FALSE 0.0066329875690643 "97,137,95,142,91,146,15,11,148,154" "154,11,148,15,146,91,142,95,97,137"
1601 1 TRUE 0.127417545938372 1 TRUE 0.0677865901576641 TRUE 0.00863720096541973 "97,137,95,142,91,146,15,148,11,154" "154,11,148,15,146,91,142,95,137,97"
1601 1 TRUE 0.127417545938372 2 FALSE 0.0645259693652701 FALSE 0.00822174066581727 "97,137,95,142,91,146,15,148,11,154" "154,11,148,15,146,91,142,95,97,137"
1601 2 FALSE 0.118989977427501 1 TRUE 0.0677865901576641 FALSE 0.00806592483274767 "97,137,95,142,91,146,15,11,148,154" "154,11,148,15,146,91,142,95,137,97"
1601 2 FALSE 0.118989977427501 2 FALSE 0.0645259693652701 FALSE 0.00767794363826108 "97,137,95,142,91,146,15,11,148,154" "154,11,148,15,146,91,142,95,97,137"
1602 1 TRUE 0.108144370391107 1 TRUE 0.0595181311744782 TRUE 0.00643655082271923 "97,137,95,142,91,146,15,148,11,154" "154,11,148,15,146,91,142,95,137,97"
1602 1 TRUE 0.108144370391107 2 FALSE 0.059064947434571 FALSE 0.00638754155249548 "97,137,95,142,91,146,15,148,11,154" "154,11,148,15,146,91,142,95,97,137"
1602 2 FALSE 0.106193463646656 1 TRUE 0.0595181311744782 FALSE 0.00632043649919386 "97,137,95,142,91,146,15,11,148,154" "154,11,148,15,146,91,142,95,137,97"
1602 2 FALSE 0.106193463646656 2 FALSE 0.059064947434571 FALSE 0.00627231134818477 "97,137,95,142,91,146,15,11,148,154" "154,11,148,15,146,91,142,95,97,137"
1603 1 TRUE 0.102349089477262 1 FALSE 0.0602642389770105 FALSE 0.00616798998733714 "97,137,95,142,91,146,15,148,11,154" "154,11,148,15,146,91,142,95,97,137"
1603 1 TRUE 0.102349089477262 2 TRUE 0.0598088417051439 TRUE 0.00612138049121116 "97,137,95,142,91,146,15,148,11,154" "154,11,148,15,146,91,142,95,137,97"
1603 2 FALSE 0.0991548774272332 1 FALSE 0.0602642389770105 FALSE 0.00597549322901096 "97,137,95,142,91,146,15,11,148,154" "154,11,148,15,146,91,142,95,97,137"
1603 2 FALSE 0.0991548774272332 2 TRUE 0.0598088417051439 FALSE 0.00593033836833834 "97,137,95,142,91,146,15,11,148,154" "154,11,148,15,146,91,142,95,137,97"
1604 1 TRUE 0.102989805269623 1 FALSE 0.0647910314046331 FALSE 0.00667281570758121 "97,137,95,142,91,146,15,148,11,154" "154,11,148,15,146,91,142,95,97,137"
1604 1 TRUE 0.102989805269623 2 TRUE 0.0607212429998194 TRUE 0.00625366899228088 "97,137,95,142,91,146,15,148,11,154" "154,11,148,15,146,91,142,95,137,97"
1604 2 FALSE 0.100447181100155 1 FALSE 0.0647910314046331 FALSE 0.00650807646516698 "97,137,95,142,91,146,15,11,148,154" "154,11,148,15,146,91,142,95,97,137"
1604 2 FALSE 0.100447181100155 2 TRUE 0.0607212429998194 FALSE 0.00609927769222936 "97,137,95,142,91,146,15,11,148,154" "154,11,148,15,146,91,142,95,137,97"
1605 1 TRUE 0.107292877749399 1 FALSE 0.0601476885782257 FALSE 0.00645341859753247 "97,137,95,142,91,146,15,148,11,154" "154,11,148,15,146,91,142,95,97,137"
1605 1 TRUE 0.107292877749399 2 TRUE 0.0587806956559933 TRUE 0.0063067499930431 "97,137,95,142,91,146,15,148,11,154" "154,11,148,15,146,91,142,95,137,97"
1605 2 FALSE 0.101331975688635 1 FALSE 0.0601476885782257 FALSE 0.00609488411673633 "97,137,95,142,91,146,15,11,148,154" "154,11,148,15,146,91,142,95,97,137"
1605 2 FALSE 0.101331975688635 2 TRUE 0.0587806956559933 FALSE 0.00595636402317414 "97,137,95,142,91,146,15,11,148,154" "154,11,148,15,146,91,142,95,137,97"
1606 1 TRUE 0.112225708573223 1 FALSE 0.061088746402244 FALSE 0.00685572785084179 "97,137,95,142,91,146,15,148,11,154" "154,11,148,15,146,91,142,95,97,137"
1606 1 TRUE 0.112225708573223 2 TRUE 0.0586267314338916 TRUE 0.00657942647650056 "97,137,95,142,91,146,15,148,11,154" "154,11,148,15,146,91,142,95,137,97"
1606 2 FALSE 0.105534350735142 1 FALSE 0.061088746402244 FALSE 0.00644696118878455 "97,137,95,142,91,146,15,11,148,154" "154,11,148,15,146,91,142,95,97,137"
1606 2 FALSE 0.105534350735142 2 TRUE 0.0586267314338916 FALSE 0.00618713403759928 "97,137,95,142,91,146,15,11,148,154" "154,11,148,15,146,91,142,95,137,97"
1607 1 TRUE 0.111495854994535 1 FALSE 0.0615274042066944 FALSE 0.00686005053761972 "97,137,95,142,91,146,15,148,11,154" "154,11,148,15,146,91,142,95,97,137"
1607 1 TRUE 0.111495854994535 2 TRUE 0.0605880545241495 TRUE 0.00675531694162552 "97,137,95,142,91,146,15,148,11,154" "154,11,148,15,146,91,142,95,137,97"
1607 2 FALSE 0.110326446760382 1 FALSE 0.0615274042066944 FALSE 0.0067880998845144 "97,137,95,142,91,146,15,11,148,154" "154,11,148,15,146,91,142,95,97,137"
1607 2 FALSE 0.110326446760382 2 TRUE 0.0605880545241495 FALSE 0.00668446477177372 "97,137,95,142,91,146,15,11,148,154" "154,11,148,15,146,91,142,95,137,97"
1608 1 TRUE 0.105588810652951 1 FALSE 0.0643306147999137 FALSE 0.00679259310529601 "97,137,95,142,91,146,15,148,11,154" "154,11,148,15,146,91,142,95,97,137"
1608 1 TRUE 0.105588810652951 2 TRUE 0.0592818830054901 TRUE 0.00625950351981708 "97,137,95,142,91,146,15,148,11,154" "154,11,148,15,146,91,142,95,137,97"
1608 2 FALSE 0.0982939581786077 1 FALSE 0.0643306147999137 FALSE 0.00632331076074684 "97,137,95,142,91,146,15,11,148,154" "154,11,148,15,146,91,142,95,97,137"
1608 2 FALSE 0.0982939581786077 2 TRUE 0.0592818830054901 FALSE 0.00582705092889076 "97,137,95,142,91,146,15,11,148,154" "154,11,148,15,146,91,142,95,137,97"
1609 1 TRUE 0.105886954532357 1 FALSE 0.0626772523244391 FALSE 0.00663670336709098 "97,137,95,142,91,146,15,148,11,154" "154,11,148,15,146,91,142,95,97,137"
1609 1 TRUE 0.105886954532357 2 TRUE 0.058121762807124 TRUE 0.0061543364556984 "97,137,95,142,91,146,15,148,11,154" "154,11,148,15,146,91,142,95,137,97"
1609 2 FALSE 0.100091813273536 1 FALSE 0.0626772523244391 FALSE 0.00627347983615609 "97,137,95,142,91,146,15,11,148,154" "154,11,148,15,146,91,142,95,97,137"
1609 2 FALSE 0.100091813273536 2 TRUE 0.058121762807124 FALSE 0.00581751263001943 "97,137,95,142,91,146,15,11,148,154" "154,11,148,15,146,91,142,95,137,97"
1610 1 TRUE 0.0920229875433708 1 FALSE 0.0598310015888702 FALSE 0.00550582751392 "97,137,95,142,91,146,15,148,11,154" "154,11,148,15,146,91,142,95,97,137"
1610 1 TRUE 0.0920229875433708 2 TRUE 0.0586222944860647 TRUE 0.00539459867525495 "97,137,95,142,91,146,15,148,11,154" "154,11,148,15,146,91,142,95,137,97"
1610 2 FALSE 0.0878576995123878 1 FALSE 0.0598310015888702 FALSE 0.00525661415912015 "97,137,95,142,91,146,15,11,148,154" "154,11,148,15,146,91,142,95,97,137"
1610 2 FALSE 0.0878576995123878 2 TRUE 0.0586222944860647 FALSE 0.00515041993368338 "97,137,95,142,91,146,15,11,148,154" "154,11,148,15,146,91,142,95,137,97"
1611 1 TRUE 0.0885208700436589 1 FALSE 0.0613824818578273 FALSE 0.00543363069949398 "97,137,95,142,91,146,15,148,11,154" "154,11,148,15,146,91,142,95,97,137"
1611 1 TRUE 0.0885208700436589 2 TRUE 0.0592013784415593 TRUE 0.00524055752743074 "97,137,95,142,91,146,15,148,11,154" "154,11,148,15,146,91,142,95,137,97"
1611 2 FALSE 0.0827936052532271 1 FALSE 0.0613824818578273 FALSE 0.00508207697240032 "97,137,95,142,91,146,15,11,148,154" "154,11,148,15,146,91,142,95,97,137"
1611 2 FALSE 0.0827936052532271 2 TRUE 0.0592013784415593 FALSE 0.00490149555713737 "97,137,95,142,91,146,15,11,148,154" "154,11,148,15,146,91,142,95,137,97"
1612 1 TRUE 0.102365296095088 1 FALSE 0.0607322429201615 FALSE 0.00621687402904117 "97,137,95,142,91,146,15,148,11,154" "154,11,148,15,146,91,142,95,97,137"
1612 1 TRUE 0.102365296095088 2 TRUE 0.0570139423332128 TRUE 0.00583624908848763 "97,137,95,142,91,146,15,148,11,154" "154,11,148,15,146,91,142,95,137,97"
1612 2 FALSE 0.0949881326261741 1 FALSE 0.0607322429201615 FALSE 0.00576884234518533 "97,137,95,142,91,146,15,11,148,154" "154,11,148,15,146,91,142,95,97,137"
1612 2 FALSE 0.0949881326261741 2 TRUE 0.0570139423332128 FALSE 0.00541564791588826 "97,137,95,142,91,146,15,11,148,154" "154,11,148,15,146,91,142,95,137,97"
1613 1 TRUE 0.0983048893640203 1 FALSE 0.0604875558741285 FALSE 0.0059462224881062 "97,137,95,142,91,146,15,148,11,154" "154,11,148,15,146,91,142,95,97,137"
1613 1 TRUE 0.0983048893640203 2 TRUE 0.0580558953364751 TRUE 0.00570717836798133 "97,137,95,142,91,146,15,148,11,154" "154,11,148,15,146,91,142,95,137,97"
1613 2 FALSE 0.0949080739359908 1 FALSE 0.0604875558741285 FALSE 0.00574075742510916 "97,137,95,142,91,146,15,11,148,154" "154,11,148,15,146,91,142,95,97,137"
1613 2 FALSE 0.0949080739359908 2 TRUE 0.0580558953364751 FALSE 0.00550997320701432 "97,137,95,142,91,146,15,11,148,154" "154,11,148,15,146,91,142,95,137,97"
1614 1 TRUE 0.103447484085008 1 FALSE 0.07015869197639 FALSE 0.00725774017165259 "97,137,95,142,91,146,15,148,11,154" "154,11,148,15,146,91,142,95,97,137"
1614 1 TRUE 0.103447484085008 2 TRUE 0.0650337497413388 TRUE 0.00672757779135555 "97,137,95,142,91,146,15,148,11,154" "154,11,148,15,146,91,142,95,137,97"
1614 2 FALSE 0.095164220840118 1 FALSE 0.07015869197639 FALSE 0.00667659725709499 "97,137,95,142,91,146,15,11,148,154" "154,11,148,15,146,91,142,95,97,137"
1614 2 FALSE 0.095164220840118 2 TRUE 0.0650337497413388 FALSE 0.00618888612244574 "97,137,95,142,91,146,15,11,148,154" "154,11,148,15,146,91,142,95,137,97"
1615 1 TRUE 0.106509292171247 1 FALSE 0.0683803244622716 FALSE 0.00728313995691676 "97,137,95,142,91,146,15,148,11,154" "154,11,148,15,146,91,142,95,97,137"
1615 1 TRUE 0.106509292171247 2 TRUE 0.0612826198978333 TRUE 0.00652716846771781 "97,137,95,142,91,146,15,148,11,154" "154,11,148,15,146,91,142,95,137,97"
1615 2 FALSE 0.0992267831007449 1 FALSE 0.0683803244622716 FALSE 0.00678515962377639 "97,137,95,142,91,146,15,11,148,154" "154,11,148,15,146,91,142,95,97,137"
1615 2 FALSE 0.0992267831007449 2 TRUE 0.0612826198978333 FALSE 0.0060808772324477 "97,137,95,142,91,146,15,11,148,154" "154,11,148,15,146,91,142,95,137,97"
1616 1 TRUE 0.0977855190332531 1 FALSE 0.0692457844624347 FALSE 0.00677123497452395 "97,137,95,142,91,146,15,148,11,154" "154,11,148,15,146,91,142,95,97,137"
1616 1 TRUE 0.0977855190332531 2 TRUE 0.0613370019730704 TRUE 0.00599787057388035 "97,137,95,142,91,146,15,148,11,154" "154,11,148,15,146,91,142,95,137,97"
1616 2 FALSE 0.0931062081679812 1 FALSE 0.0692457844624347 FALSE 0.00644721242291461 "97,137,95,142,91,146,15,11,148,154" "154,11,148,15,146,91,142,95,97,137"
1616 2 FALSE 0.0931062081679812 2 TRUE 0.0613370019730704 FALSE 0.00571085567410456 "97,137,95,142,91,146,15,11,148,154" "154,11,148,15,146,91,142,95,137,97"
1617 1 TRUE 0.0998587695568088 1 FALSE 0.0684138798420366 FALSE 0.00683172586163315 "97,137,95,142,91,146,15,148,11,154" "154,11,148,15,146,91,142,95,97,137"
1617 1 TRUE 0.0998587695568088 2 TRUE 0.0629132663874005 TRUE 0.00628244137024556 "97,137,95,142,91,146,15,148,11,154" "154,11,148,15,146,91,142,95,137,97"
1617 2 FALSE 0.0954470530744051 1 FALSE 0.0684138798420366 FALSE 0.00652990322030884 "97,137,95,142,91,146,15,11,148,154" "154,11,148,15,146,91,142,95,97,137"
1617 2 FALSE 0.0954470530744051 2 TRUE 0.0629132663874005 FALSE 0.0060048858759624 "97,137,95,142,91,146,15,11,148,154" "154,11,148,15,146,91,142,95,137,97"
1618 1 TRUE 0.0950842162581315 1 FALSE 0.0654767973704232 FALSE 0.00622580996105917 "97,137,95,142,91,146,15,148,11,154" "154,11,148,15,146,91,142,95,97,137"
1618 1 TRUE 0.0950842162581315 2 TRUE 0.0556306624275024 TRUE 0.00528959793683975 "97,137,95,142,91,146,15,148,11,154" "154,11,148,15,146,91,142,95,137,97"
1618 2 FALSE 0.0877962508852344 1 FALSE 0.0654767973704232 FALSE 0.00574861732909533 "97,137,95,142,91,146,15,11,148,154" "154,11,148,15,146,91,142,95,97,137"
1618 2 FALSE 0.0877962508852344 2 TRUE 0.0556306624275024 FALSE 0.00488416359539679 "97,137,95,142,91,146,15,11,148,154" "154,11,148,15,146,91,142,95,137,97"
1619 1 TRUE 0.0940763805666133 1 FALSE 0.0656082649097631 FALSE 0.00617218809796606 "97,137,95,142,91,146,15,148,11,154" "154,11,148,15,146,91,142,95,97,137"
1619 1 TRUE 0.0940763805666133 2 TRUE 0.0531509994205676 TRUE 0.00500025364898516 "97,137,95,142,91,146,15,148,11,154" "154,11,148,15,146,91,142,95,137,97"
1619 2 FALSE 0.0877137532339474 1 FALSE 0.0656082649097631 FALSE 0.00575474715840242 "97,137,95,142,91,146,15,11,148,154" "154,11,148,15,146,91,142,95,97,137"
1619 2 FALSE 0.0877137532339474 2 TRUE 0.0531509994205676 FALSE 0.00466207364731335 "97,137,95,142,91,146,15,11,148,154" "154,11,148,15,146,91,142,95,137,97"
1620 1 TRUE 0.0944895515274837 1 FALSE 0.0667484226162149 FALSE 0.0063070285181731 "97,137,95,142,91,146,15,148,11,154" "154,11,148,15,146,91,142,95,97,137"
1620 1 TRUE 0.0944895515274837 2 TRUE 0.0554835754744356 TRUE 0.00524261816372071 "97,137,95,142,91,146,15,148,11,154" "154,11,148,15,146,91,142,95,137,97"
1620 2 FALSE 0.0877154579905943 1 FALSE 0.0667484226162149 FALSE 0.00585486845993103 "97,137,95,142,91,146,15,11,148,154" "154,11,148,15,146,91,142,95,97,137"
1620 2 FALSE 0.0877154579905943 2 TRUE 0.0554835754744356 FALSE 0.00486676723369582 "97,137,95,142,91,146,15,11,148,154" "154,11,148,15,146,91,142,95,137,97"
1621 1 TRUE 0.1050561125403 1 FALSE 0.0641991369555676 FALSE 0.00674451175699422 "97,137,95,142,91,146,15,148,11,154" "154,11,148,15,146,91,142,95,97,137"
1621 1 TRUE 0.1050561125403 2 TRUE 0.06288223158212 TRUE 0.00660616279787639 "97,137,95,142,91,146,15,148,11,154" "154,11,148,15,146,91,142,95,137,97"
1621 2 FALSE 0.0985434499649473 1 FALSE 0.0641991369555676 FALSE 0.00632640444037377 "97,137,95,142,91,146,15,11,148,154" "154,11,148,15,146,91,142,95,97,137"
1621 2 FALSE 0.0985434499649473 2 TRUE 0.06288223158212 FALSE 0.00619663204159687 "97,137,95,142,91,146,15,11,148,154" "154,11,148,15,146,91,142,95,137,97"
1622 1 TRUE 0.0971859715205795 1 FALSE 0.0693311856566497 FALSE 0.00673801863471516 "97,137,95,142,91,146,15,148,11,154" "154,11,148,15,146,91,142,95,97,137"
1622 1 TRUE 0.0971859715205795 2 TRUE 0.0630283505969542 TRUE 0.00612547148610469 "97,137,95,142,91,146,15,148,11,154" "154,11,148,15,146,91,142,95,137,97"
1622 2 FALSE 0.0934025904846411 1 FALSE 0.0693311856566497 FALSE 0.00647571234170267 "97,137,95,142,91,146,15,11,148,154" "154,11,148,15,146,91,142,95,97,137"
1622 2 FALSE 0.0934025904846411 2 TRUE 0.0630283505969542 FALSE 0.0058870112197297 "97,137,95,142,91,146,15,11,148,154" "154,11,148,15,146,91,142,95,137,97"
1623 1 TRUE 0.100156124945125 1 FALSE 0.0656006707679542 FALSE 0.00657030897791921 "97,137,95,142,91,146,15,148,11,154" "154,11,148,15,146,91,142,95,97,137"
1623 1 TRUE 0.100156124945125 2 TRUE 0.0626112731127056 TRUE 0.00627090249284947 "97,137,95,142,91,146,15,148,11,154" "154,11,148,15,146,91,142,95,137,97"
1623 2 FALSE 0.0928579824953538 1 FALSE 0.0656006707679542 FALSE 0.00609154593785416 "97,137,95,142,91,146,15,11,148,154" "154,11,148,15,146,91,142,95,97,137"
1623 2 FALSE 0.0928579824953538 2 TRUE 0.0626112731127056 FALSE 0.00581395650271144 "97,137,95,142,91,146,15,11,148,154" "154,11,148,15,146,91,142,95,137,97"
1624 1 FALSE 0.0945640511807823 1 FALSE 0.0644892689492889 FALSE 0.0060983665295318 "97,137,95,142,91,146,15,11,148,154" "154,11,148,15,146,91,142,95,97,137"
1624 1 FALSE 0.0945640511807823 2 TRUE 0.0613394074838995 FALSE 0.00580050286870633 "97,137,95,142,91,146,15,11,148,154" "154,11,148,15,146,91,142,95,137,97"
1624 2 TRUE 0.0944397506079461 1 FALSE 0.0644892689492889 FALSE 0.00609035047645961 "97,137,95,142,91,146,15,148,11,154" "154,11,148,15,146,91,142,95,97,137"
1624 2 TRUE 0.0944397506079461 2 TRUE 0.0613394074838995 TRUE 0.00579287834521865 "97,137,95,142,91,146,15,148,11,154" "154,11,148,15,146,91,142,95,137,97"
1625 1 TRUE 0.103103131601676 1 TRUE 0.0649571017419256 TRUE 0.00669728060936122 "97,137,95,142,91,146,15,148,11,154" "154,11,148,15,146,91,142,95,137,97"
1625 1 TRUE 0.103103131601676 2 FALSE 0.0642313240688314 FALSE 0.00662245065841864 "97,137,95,142,91,146,15,148,11,154" "154,11,148,15,146,91,142,95,97,137"
1625 2 FALSE 0.1027441115764 1 TRUE 0.0649571017419256 FALSE 0.00667395970905198 "97,137,95,142,91,146,15,11,148,154" "154,11,148,15,146,91,142,95,137,97"
1625 2 FALSE 0.1027441115764 2 FALSE 0.0642313240688314 FALSE 0.00659939032682794 "97,137,95,142,91,146,15,11,148,154" "154,11,148,15,146,91,142,95,97,137"
1626 1 TRUE 0.101123595568356 1 FALSE 0.0681666268877949 FALSE 0.00689325440866042 "97,137,95,142,91,146,15,148,11,154" "154,11,148,15,146,91,142,95,97,137"
1626 1 TRUE 0.101123595568356 2 TRUE 0.0632473857721809 TRUE 0.00639580305958184 "97,137,95,142,91,146,15,148,11,154" "154,11,148,15,146,91,142,95,137,97"
1626 2 FALSE 0.0876469107767421 1 FALSE 0.0681666268877949 FALSE 0.00597459426478603 "97,137,95,142,91,146,15,11,148,154" "154,11,148,15,146,91,142,95,97,137"
1626 2 FALSE 0.0876469107767421 2 TRUE 0.0632473857721809 FALSE 0.00554343797763652 "97,137,95,142,91,146,15,11,148,154" "154,11,148,15,146,91,142,95,137,97"
1627 1 TRUE 0.102752869260636 1 TRUE 0.0793150525060495 TRUE 0.00814984922055457 "97,137,95,142,91,146,15,148,11,154" "154,11,148,15,146,91,142,95,137,97"
1627 1 TRUE 0.102752869260636 2 FALSE 0.0791137452661864 FALSE 0.00812916432405569 "97,137,95,142,91,146,15,148,11,154" "154,11,148,15,146,91,142,95,97,137"
1627 2 FALSE 0.0846245190756875 1 TRUE 0.0793150525060495 FALSE 0.00671199817378734 "97,137,95,142,91,146,15,11,148,154" "154,11,148,15,146,91,142,95,137,97"
1627 2 FALSE 0.0846245190756875 2 FALSE 0.0791137452661864 FALSE 0.00669496264542748 "97,137,95,142,91,146,15,11,148,154" "154,11,148,15,146,91,142,95,97,137"
1628 1 TRUE 0.0825250614408533 1 TRUE 0.0733149596649304 TRUE 0.00605032155088206 "97,137,95,142,91,146,15,148,11,154" "154,11,148,15,146,91,142,95,137,97"
1628 1 TRUE 0.0825250614408533 2 FALSE 0.0647219344672951 FALSE 0.00534118161848442 "97,137,95,142,91,146,15,148,11,154" "154,11,148,15,146,91,142,95,97,137"
1628 2 FALSE 0.0738479297009873 1 FALSE 0.0604355478992116 FALSE 0.00446304009270163 "97,137,95,142,91,146,15,11,154,148" "148,11,15,146,91,142,95,137,97,154"
1628 2 FALSE 0.0738479297009873 2 FALSE 0.0533520796915734 FALSE 0.00393994063046478 "97,137,95,142,91,146,15,11,154,148" "148,11,15,146,91,142,95,97,137,NA"
1629 1 TRUE 0.10641388303257 1 TRUE 0.0644494142193765 TRUE 0.00685831242625838 "97,137,95,142,91,146,15,148,11,154" "154,11,148,15,146,91,142,95,137,97"
1629 1 TRUE 0.10641388303257 2 FALSE 0.0579720861571276 FALSE 0.00616903479547864 "97,137,95,142,91,146,15,148,11,154" "154,11,148,15,146,91,142,95,97,137"
1629 2 FALSE 0.0895579625231446 1 TRUE 0.0644494142193765 FALSE 0.00577195822329754 "97,137,95,142,91,146,15,11,148,154" "154,11,148,15,146,91,142,95,137,97"
1629 2 FALSE 0.0895579625231446 2 FALSE 0.0579720861571276 FALSE 0.00519186191944854 "97,137,95,142,91,146,15,11,148,154" "154,11,148,15,146,91,142,95,97,137"
1630 1 TRUE 0.113681919635815 1 TRUE 0.0510123059664985 TRUE 0.00579917686732108 "97,137,95,142,91,146,15,148,11,154" "154,11,148,15,146,91,142,95,137,97"
1630 1 TRUE 0.113681919635815 2 FALSE 0.0484549608125051 FALSE 0.00550845296104377 "97,137,95,142,91,146,15,148,11,154" "154,11,148,15,146,91,142,95,97,137"
1630 2 FALSE 0.0897357848010871 1 TRUE 0.0510123059664985 FALSE 0.00457762931041692 "97,137,95,142,91,146,15,11,148,154" "154,11,148,15,146,91,142,95,137,97"
1630 2 FALSE 0.0897357848010871 2 FALSE 0.0484549608125051 FALSE 0.00434814393601607 "97,137,95,142,91,146,15,11,148,154" "154,11,148,15,146,91,142,95,97,137"
1631 1 TRUE 0.118471178298973 1 TRUE 0.0564048086684951 TRUE 0.00668234414468471 "97,137,95,142,91,146,15,148,11,154" "154,11,148,15,146,91,142,95,137,97"
1631 1 TRUE 0.118471178298973 2 FALSE 0.0420350121743785 FALSE 0.00497993742211027 "97,137,95,142,91,146,15,148,11,154" "154,11,148,15,146,91,142,95,97,137"
1631 2 FALSE 0.0825806243261991 1 FALSE 0.0673241988999771 FALSE 0.00555967437742131 "97,137,95,142,91,146,15,11,154,148" "148,11,15,146,91,142,95,137,97,154"
1631 2 FALSE 0.0825806243261991 2 FALSE 0.0515573891277859 FALSE 0.00425764138280135 "97,137,95,142,91,146,15,11,154,148" "148,11,154,15,146,91,142,95,137,97"
1632 1 TRUE 0.105908444383955 1 TRUE 0.0622463337506929 TRUE 0.00659241237614034 "97,137,95,142,91,146,15,148,11,154" "154,11,148,15,146,91,142,95,137,97"
1632 1 TRUE 0.105908444383955 2 FALSE 0.0592505208963814 FALSE 0.00627513049707476 "97,137,95,142,91,146,15,148,11,154" "154,11,148,15,146,91,142,95,97,137"
1632 2 FALSE 0.0835659202171216 1 TRUE 0.0622463337506929 FALSE 0.00520167216001873 "97,137,95,142,91,146,15,11,148,154" "154,11,148,15,146,91,142,95,137,97"
1632 2 FALSE 0.0835659202171216 2 FALSE 0.0592505208963814 FALSE 0.00495132430204991 "97,137,95,142,91,146,15,11,148,154" "154,11,148,15,146,91,142,95,97,137"
1633 1 TRUE 0.0980052837837004 1 TRUE 0.0564763324690225 TRUE 0.00553497899068916 "97,137,95,142,91,146,15,148,11,154" "154,11,148,15,146,91,142,95,137,97"
1633 1 TRUE 0.0980052837837004 2 FALSE 0.0528999947928839 FALSE 0.00518447900183286 "97,137,95,142,91,146,15,148,11,154" "154,11,148,15,146,91,142,95,97,137"
1633 2 FALSE 0.076286383112099 1 FALSE 0.0594014546010799 FALSE 0.00453152212311394 "97,137,95,142,91,146,15,11,154,148" "148,11,15,146,91,142,95,137,97,154"
1633 2 FALSE 0.076286383112099 2 FALSE 0.0556398849165788 FALSE 0.00424456557705923 "97,137,95,142,91,146,15,11,154,148" "148,11,15,146,91,142,95,97,137,NA"
1634 1 TRUE 0.0952880335268844 1 TRUE 0.0667916259347638 TRUE 0.00636444269138689 "97,137,95,142,91,146,15,148,11,154" "154,11,148,15,146,91,142,95,137,97"
1634 1 TRUE 0.0952880335268844 2 FALSE 0.0666086351787781 FALSE 0.00634700586209542 "97,137,95,142,91,146,15,148,11,154" "154,11,148,15,146,91,142,95,97,137"
1634 2 FALSE 0.0782957576502999 1 TRUE 0.0667916259347638 FALSE 0.00522950095725775 "97,137,95,142,91,146,15,11,148,154" "154,11,148,15,146,91,142,95,137,97"
1634 2 FALSE 0.0782957576502999 2 FALSE 0.0666086351787781 FALSE 0.00521517355737485 "97,137,95,142,91,146,15,11,148,154" "154,11,148,15,146,91,142,95,97,137"
1635 1 TRUE 0.100270193668792 1 TRUE 0.0713028989933747 TRUE 0.00714955549121201 "97,137,95,142,91,146,15,148,11,154" "154,11,148,15,146,91,142,95,137,97"
1635 1 TRUE 0.100270193668792 2 FALSE 0.0682927502232059 FALSE 0.00684772729105531 "97,137,95,142,91,146,15,148,11,154" "154,11,148,15,146,91,142,95,97,137"
1635 2 FALSE 0.0905831622513787 1 FALSE 0.0600472900103652 FALSE 0.0054392734137645 "97,137,95,142,91,146,15,11,154,148" "148,11,15,146,91,142,95,137,97,154"
1635 2 FALSE 0.0905831622513787 2 FALSE 0.0575123120679751 FALSE 0.00520964709550532 "97,137,95,142,91,146,15,11,154,148" "148,11,15,146,91,142,95,97,137,NA"
