"expNo" "Rank" "isCorrect" "prob" "verifyRank" "verifyIsCorrect" "verifyProb" "match" "jointProb" "computedSeq" "verifySeq"
430 1 TRUE 0.163969157114076 1 FALSE 0.0960929039074097 FALSE 0.0157562724583419 "97,137,95,142,91,146,15,148,11,154" "154,11,15,146,91,142,95,137,97,148"
430 1 TRUE 0.163969157114076 2 TRUE 0.0726709268169148 TRUE 0.0119157906168682 "97,137,95,142,91,146,15,148,11,154" "154,11,148,15,146,91,142,95,137,97"
430 2 FALSE 0.129178024886111 1 FALSE 0 FALSE 0 "97,137,95,142,91,146,15,11,154,148" "0,0,0,0,0,0,0,0,0,0"
430 2 FALSE 0.129178024886111 2 FALSE 0 FALSE 0 "97,137,95,142,91,146,15,11,154,148" "0,0,0,0,0,0,0,0,0,0"
431 1 TRUE 0.134367557670956 1 TRUE 0.0738333742790107 TRUE 0.00992081017647622 "97,137,95,142,91,146,15,148,11,154" "154,11,148,15,146,91,142,95,137,97"
431 1 TRUE 0.134367557670956 2 FALSE 0.0487688104953735 FALSE 0.006552945956781 "97,137,95,142,91,146,15,148,11,154" "154,11,148,15,146,142,91,95,137,97"
431 2 FALSE 0.12350293798903 1 FALSE 0.0778980319185456 FALSE 0.00962063580550358 "97,137,95,142,91,146,15,11,154,148" "148,11,15,146,91,142,95,137,97,154"
431 2 FALSE 0.12350293798903 2 FALSE 0.052513542340568 FALSE 0.00648557676327145 "97,137,95,142,91,146,15,11,154,148" "148,15,11,154,146,91,142,95,137,97"
432 1 TRUE 0.155990928394993 1 TRUE 0.0965992274168922 TRUE 0.0150686031670001 "97,137,95,142,91,146,15,148,11,154" "154,11,148,15,146,91,142,95,137,97"
432 1 TRUE 0.155990928394993 2 FALSE 0.0708706196303107 FALSE 0.0110551737520606 "97,137,95,142,91,146,15,148,11,154" "154,11,148,15,146,91,142,95,97,137"
432 2 FALSE 0.117993777446878 1 TRUE 0.0965992274168922 FALSE 0.0113981077413691 "97,137,95,142,91,146,15,11,148,154" "154,11,148,15,146,91,142,95,137,97"
432 2 FALSE 0.117993777446878 2 FALSE 0.0708706196303107 FALSE 0.00836229212018123 "97,137,95,142,91,146,15,11,148,154" "154,11,148,15,146,91,142,95,97,137"
433 1 TRUE 0.161000228333216 1 TRUE 0.0921941383496589 TRUE 0.0148432773252792 "97,137,95,142,91,146,15,148,11,154" "154,11,148,15,146,91,142,95,137,97"
433 1 TRUE 0.161000228333216 2 FALSE 0.064210505768233 FALSE 0.0103379060900768 "97,137,95,142,91,146,15,148,11,154" "154,11,148,15,146,91,142,95,97,137"
433 2 FALSE 0.108104318179002 1 FALSE 0.0719360788646522 FALSE 0.00777660075813416 "97,137,95,142,91,146,15,11,154,148" "148,11,15,146,91,142,95,137,97,154"
433 2 FALSE 0.108104318179002 2 FALSE 0.0648536791618959 FALSE 0.00701096276719652 "97,137,95,142,91,146,15,11,154,148" "148,15,146,91,142,95,137,97,11,154"
434 1 TRUE 0.168857739511616 1 TRUE 0.0907181449017566 TRUE 0.0153184608807978 "97,137,95,142,91,146,15,148,11,154" "154,11,148,15,146,91,142,95,137,97"
434 1 TRUE 0.168857739511616 2 FALSE 0.0674403475288838 FALSE 0.0113878246356051 "97,137,95,142,91,146,15,148,11,154" "154,11,148,15,146,91,142,95,97,137"
434 2 FALSE 0.130833771955462 1 TRUE 0.0907181449017566 FALSE 0.011868997082299 "97,137,95,142,91,146,15,11,148,154" "154,11,148,15,146,91,142,95,137,97"
434 2 FALSE 0.130833771955462 2 FALSE 0.0674403475288838 FALSE 0.00882347504919112 "97,137,95,142,91,146,15,11,148,154" "154,11,148,15,146,91,142,95,97,137"
435 1 TRUE 0.216349135500452 1 TRUE 0.104235229734062 TRUE 0.0225512018416553 "97,137,95,142,91,146,15,148,11,154" "154,11,148,15,146,91,142,95,137,97"
435 1 TRUE 0.216349135500452 2 FALSE 0.0948843120270481 FALSE 0.020528138879607 "97,137,95,142,91,146,15,148,11,154" "154,11,148,15,146,91,142,95,97,137"
435 2 FALSE 0.141288112436425 1 FALSE 0.0712487559281766 FALSE 0.0100666022385356 "97,137,95,142,91,146,15,11,154,148" "148,15,146,91,142,95,97,137,11,154"
435 2 FALSE 0.141288112436425 2 FALSE 0.0682929093228736 FALSE 0.00964897625102071 "97,137,95,142,91,146,15,11,154,148" "148,11,15,146,91,142,95,137,97,154"
436 1 TRUE 0.193120215685032 1 TRUE 0.103981499675796 TRUE 0.0200809296446429 "97,137,95,142,91,146,15,148,11,154" "154,11,148,15,146,91,142,95,137,97"
436 1 TRUE 0.193120215685032 2 FALSE 0.0816089520682898 FALSE 0.0157603384252576 "97,137,95,142,91,146,15,148,11,154" "154,11,148,15,146,91,142,95,97,137"
436 2 FALSE 0.118487964226172 1 FALSE 0.073180219037248 FALSE 0.00867097517534889 "97,137,95,142,91,146,15,11,154,148" "148,15,146,91,142,95,137,97,11,154"
436 2 FALSE 0.118487964226172 2 FALSE 0.0644677040199971 FALSE 0.00763864700766488 "97,137,95,142,91,146,15,11,154,148" "148,15,11,154,146,91,142,95,137,97"
437 1 FALSE 0.1520196219686 1 FALSE 0.0594525336935541 FALSE 0.00903795169716956 "97,137,95,142,91,146,15,11,154,148" "148,11,15,146,91,142,95,137,97,154"
437 1 FALSE 0.1520196219686 2 FALSE 0.0513042168929147 FALSE 0.00779924765745597 "97,137,95,142,91,146,15,11,154,148" "148,11,15,146,91,142,95,97,137,154"
437 2 TRUE 0.122826945127042 1 TRUE 0.0746215456293726 TRUE 0.00916553649031401 "97,137,95,142,91,146,15,148,11,154" "154,11,148,15,146,91,142,95,137,97"
437 2 TRUE 0.122826945127042 2 FALSE 0.0643942271928596 FALSE 0.00790934620991564 "97,137,95,142,91,146,15,148,11,154" "154,11,148,15,146,91,142,95,97,137"
438 1 TRUE 0.184309103542043 1 FALSE 0.0630254417832752 FALSE 0.0116161626754167 "97,137,95,142,91,146,15,148,11,154" "154,11,148,15,146,91,142,95,97,137"
438 1 TRUE 0.184309103542043 2 TRUE 0.0619720917813263 TRUE 0.0114220206808415 "97,137,95,142,91,146,15,148,11,154" "154,11,148,15,146,91,142,95,137,97"
438 2 FALSE 0.139969050872499 1 FALSE 0.0673585749907385 FALSE 0.00942811580957774 "97,137,95,142,91,146,15,11,154,148" "148,15,146,91,142,95,97,137,11,154"
438 2 FALSE 0.139969050872499 2 FALSE 0.0637906257159956 FALSE 0.00892871333603076 "97,137,95,142,91,146,15,11,154,148" "148,15,146,91,142,95,137,97,11,154"
439 1 TRUE 0.126948061338885 1 TRUE 0.095121236929233 TRUE 0.0120754566203229 "97,137,95,142,91,146,15,148,11,154" "154,11,148,15,146,91,142,95,137,97"
439 1 TRUE 0.126948061338885 2 FALSE 0.0753652877208539 FALSE 0.00956747716840967 "97,137,95,142,91,146,15,148,11,154" "154,11,148,15,146,91,142,95,97,137"
439 2 FALSE 0.122059679816343 1 FALSE 0 FALSE 0 "97,137,95,142,91,146,15,11,154,148" "0,0,0,0,0,0,0,0,0,0"
439 2 FALSE 0.122059679816343 2 FALSE 0 FALSE 0 "97,137,95,142,91,146,15,11,154,148" "0,0,0,0,0,0,0,0,0,0"
440 1 FALSE 0.146839542380423 1 FALSE 0 FALSE 0 "97,137,95,142,91,146,15,11,154,148" "0,0,0,0,0,0,0,0,0,0"
440 1 FALSE 0.146839542380423 2 FALSE 0 FALSE 0 "97,137,95,142,91,146,15,11,154,148" "0,0,0,0,0,0,0,0,0,0"
440 2 TRUE 0.136917511753034 1 FALSE 0.0725949961652021 FALSE 0.00993952624066049 "97,137,95,142,91,146,15,148,11,154" "154,11,15,146,91,142,95,137,97,148"
440 2 TRUE 0.136917511753034 2 TRUE 0.0664120140273972 TRUE 0.00909296771113879 "97,137,95,142,91,146,15,148,11,154" "154,11,148,15,146,91,142,95,137,97"
441 1 FALSE 0.163516235190548 1 FALSE 0 FALSE 0 "97,137,95,142,91,146,15,11,154,148" "0,0,0,0,0,0,0,0,0,0"
441 1 FALSE 0.163516235190548 2 FALSE 0 FALSE 0 "97,137,95,142,91,146,15,11,154,148" "0,0,0,0,0,0,0,0,0,0"
441 2 TRUE 0.146995662483038 1 TRUE 0.0800857942098596 TRUE 0.0117722643753586 "97,137,95,142,91,146,15,148,11,154" "154,11,148,15,146,91,142,95,137,97"
441 2 TRUE 0.146995662483038 2 FALSE 0.0655958191789923 FALSE 0.00964230089633355 "97,137,95,142,91,146,15,148,11,154" "154,11,15,146,91,142,95,137,97,148"
442 1 TRUE 0.147530314530332 1 FALSE 0.0978813620232646 FALSE 0.0144404681259496 "97,137,95,142,91,146,15,148,11,154" "154,11,148,15,146,91,142,95,97,137"
442 1 TRUE 0.147530314530332 2 TRUE 0.0881458502091227 TRUE 0.0130041850058954 "97,137,95,142,91,146,15,148,11,154" "154,11,148,15,146,91,142,95,137,97"
442 2 FALSE 0.130256004885323 1 FALSE 0.0625465212938161 FALSE 0.00814705998320728 "97,137,95,142,91,146,15,11,154,148" "148,11,15,146,91,142,95,97,137,NA"
442 2 FALSE 0.130256004885323 2 FALSE 0.0563254963264204 FALSE 0.00733673412466247 "97,137,95,142,91,146,15,11,154,148" "148,11,15,146,91,142,95,137,97,154"
443 1 TRUE 0.163256296949814 1 TRUE 0.091488126845151 TRUE 0.0149360128036142 "97,137,95,142,91,146,15,148,11,154" "154,11,148,15,146,91,142,95,137,97"
443 1 TRUE 0.163256296949814 2 FALSE 0.0894730909589158 FALSE 0.0146070455066065 "97,137,95,142,91,146,15,148,11,154" "154,11,15,146,91,142,95,137,97,148"
443 2 FALSE 0.146491057750964 1 FALSE 0.070025163513679 FALSE 0.010258060272303 "97,137,95,142,91,146,15,11,154,148" "148,11,154,15,146,91,142,95,137,97"
443 2 FALSE 0.146491057750964 2 FALSE 0.0684488742833149 FALSE 0.0100271479956256 "97,137,95,142,91,146,15,11,154,148" "148,11,15,146,91,142,95,137,97,154"
444 1 TRUE 0.139542513838737 1 FALSE 0.0913991702413278 FALSE 0.0127540699782495 "97,137,95,142,91,146,15,148,11,154" "154,11,148,15,146,91,142,95,97,137"
444 1 TRUE 0.139542513838737 2 TRUE 0.081497593465184 TRUE 0.0113723790639392 "97,137,95,142,91,146,15,148,11,154" "154,11,148,15,146,91,142,95,137,97"
444 2 FALSE 0.138114566842832 1 FALSE 0 FALSE 0 "97,137,95,142,91,146,15,11,154,148" "0,0,0,0,0,0,0,0,0,0"
444 2 FALSE 0.138114566842832 2 FALSE 0 FALSE 0 "97,137,95,142,91,146,15,11,154,148" "0,0,0,0,0,0,0,0,0,0"
445 1 TRUE 0.147666910056296 1 FALSE 0.0898451313405015 FALSE 0.0132671529286539 "97,137,95,142,91,146,15,148,11,154" "154,11,148,15,146,91,142,95,97,137"
445 1 TRUE 0.147666910056296 2 TRUE 0.0863414214832117 TRUE 0.0127497709202942 "97,137,95,142,91,146,15,148,11,154" "154,11,148,15,146,91,142,95,137,97"
445 2 FALSE 0.106659931837053 1 FALSE 0.0898451313405015 FALSE 0.00958287558466896 "97,137,95,142,91,146,15,11,148,154" "154,11,148,15,146,91,142,95,97,137"
445 2 FALSE 0.106659931837053 2 TRUE 0.0863414214832117 FALSE 0.00920917013011363 "97,137,95,142,91,146,15,11,148,154" "154,11,148,15,146,91,142,95,137,97"
446 1 TRUE 0.165200928321138 1 FALSE 0.0753814089555458 FALSE 0.0124530787376115 "97,137,95,142,91,146,15,148,11,154" "154,11,148,15,146,91,142,95,97,137"
446 1 TRUE 0.165200928321138 2 TRUE 0.0687070133709402 TRUE 0.0113504623910522 "97,137,95,142,91,146,15,148,11,154" "154,11,148,15,146,91,142,95,137,97"
446 2 FALSE 0.127139392097022 1 FALSE 0.0530091773886081 FALSE 0.00673955458875085 "97,137,95,142,91,146,15,11,154,148" "148,11,15,146,91,142,95,97,137,NA"
446 2 FALSE 0.127139392097022 2 FALSE 0.052134600192616 FALSE 0.0066283613757105 "97,137,95,142,91,146,15,11,154,148" "148,15,146,91,142,95,97,137,11,154"
447 1 TRUE 0.163895131023406 1 FALSE 0.0746899256851979 FALSE 0.012241315156304 "97,137,95,142,91,146,15,148,11,154" "154,11,148,15,146,91,142,95,97,137"
447 1 TRUE 0.163895131023406 2 TRUE 0.0703208771075123 TRUE 0.0115252493672166 "97,137,95,142,91,146,15,148,11,154" "154,11,148,15,146,91,142,95,137,97"
447 2 FALSE 0.117604289668457 1 FALSE 0.069567206517075 FALSE 0.00818140190665946 "97,137,95,142,91,146,15,11,154,148" "148,15,146,91,142,95,97,137,11,154"
447 2 FALSE 0.117604289668457 2 FALSE 0.0502046562845173 FALSE 0.00590428294038969 "97,137,95,142,91,146,15,11,154,148" "148,15,146,91,142,95,137,97,11,154"
448 1 TRUE 0.169520511669195 1 FALSE 0.0896735727309136 FALSE 0.0152015099325492 "97,137,95,142,91,146,15,148,11,154" "154,11,148,15,146,91,142,95,97,137"
448 1 TRUE 0.169520511669195 2 TRUE 0.0889114743790928 TRUE 0.0150723186300063 "97,137,95,142,91,146,15,148,11,154" "154,11,148,15,146,91,142,95,137,97"
448 2 FALSE 0.113769248400408 1 FALSE 0.0592430615967976 FALSE 0.00674003859080675 "97,137,95,142,91,146,15,11,154,148" "148,15,146,91,142,95,97,137,11,154"
448 2 FALSE 0.113769248400408 2 FALSE 0.0592285886526251 FALSE 0.0067383920148261 "97,137,95,142,91,146,15,11,154,148" "148,11,154,15,146,91,142,95,97,137"
449 1 TRUE 0.188671713927813 1 TRUE 0.102421929389882 TRUE 0.0193241209617824 "97,137,95,142,91,146,15,148,11,154" "154,11,148,15,146,91,142,95,137,97"
449 1 TRUE 0.188671713927813 2 FALSE 0.0840454354624096 FALSE 0.0158569963565022 "97,137,95,142,91,146,15,148,11,154" "154,11,148,15,146,91,142,95,97,137"
449 2 FALSE 0.13232530767436 1 FALSE 0.0613990185372463 FALSE 0.00812464401884488 "97,137,95,142,91,146,15,11,154,148" "148,11,15,146,91,142,95,137,97,154"
449 2 FALSE 0.13232530767436 2 FALSE 0.0514128671896382 FALSE 0.00680322346928991 "97,137,95,142,91,146,15,11,154,148" "148,11,154,15,146,91,142,95,137,97"
450 1 TRUE 0.169608011016261 1 TRUE 0.0844671029765421 TRUE 0.014326297332157 "97,137,95,142,91,146,15,148,11,154" "154,11,148,15,146,91,142,95,137,97"
450 1 TRUE 0.169608011016261 2 FALSE 0.0769589160452939 FALSE 0.0130528486804097 "97,137,95,142,91,146,15,148,11,154" "154,11,148,15,146,91,142,95,97,137"
450 2 FALSE 0.100458711671178 1 FALSE 0.054178851827742 FALSE 0.00544273765443862 "97,137,95,142,91,146,15,11,154,148" "148,11,15,146,91,142,95,137,97,154"
450 2 FALSE 0.100458711671178 2 FALSE 0.0517850777681238 FALSE 0.00520226219637749 "97,137,95,142,91,146,15,11,154,148" "148,11,154,15,146,91,142,95,137,97"
451 1 TRUE 0.162562032457664 1 FALSE 0.0816944327418129 FALSE 0.013280413026985 "97,137,95,142,91,146,15,148,11,154" "154,11,148,15,146,91,142,95,97,137"
451 1 TRUE 0.162562032457664 2 TRUE 0.0768888778746474 TRUE 0.0124992122606918 "97,137,95,142,91,146,15,148,11,154" "154,11,148,15,146,91,142,95,137,97"
451 2 FALSE 0.139035521136412 1 FALSE 0.0513725441453471 FALSE 0.00714260844735165 "97,137,95,142,91,146,15,11,154,148" "148,11,154,15,146,91,142,95,97,137"
451 2 FALSE 0.139035521136412 2 FALSE 0.048786600372851 FALSE 0.0067830704073132 "97,137,95,142,91,146,15,11,154,148" "148,15,11,154,146,91,142,95,97,137"
452 1 TRUE 0.163622187615356 1 FALSE 0.0930024745382628 FALSE 0.015217268337592 "97,137,95,142,91,146,15,148,11,154" "154,11,148,15,146,91,142,95,97,137"
452 1 TRUE 0.163622187615356 2 TRUE 0.090845895418535 TRUE 0.0148644041442565 "97,137,95,142,91,146,15,148,11,154" "154,11,148,15,146,91,142,95,137,97"
452 2 FALSE 0.105029624358368 1 FALSE 0.0930024745382628 FALSE 0.0097680149651524 "97,137,95,142,91,146,15,11,148,154" "154,11,148,15,146,91,142,95,97,137"
452 2 FALSE 0.105029624358368 2 TRUE 0.090845895418535 FALSE 0.00954151027030829 "97,137,95,142,91,146,15,11,148,154" "154,11,148,15,146,91,142,95,137,97"
453 1 TRUE 0.195264708308228 1 FALSE 0.0956118247492731 FALSE 0.0186696150704843 "97,137,95,142,91,146,15,148,11,154" "154,11,148,15,146,91,142,95,97,137"
453 1 TRUE 0.195264708308228 2 TRUE 0.0896865849056562 TRUE 0.0175126248407641 "97,137,95,142,91,146,15,148,11,154" "154,11,148,15,146,91,142,95,137,97"
453 2 FALSE 0.133127534581978 1 FALSE 0 FALSE 0 "97,137,95,142,91,146,15,11,154,148" "0,0,0,0,0,0,0,0,0,0"
453 2 FALSE 0.133127534581978 2 FALSE 0 FALSE 0 "97,137,95,142,91,146,15,11,154,148" "0,0,0,0,0,0,0,0,0,0"
454 1 TRUE 0.207688436512517 1 FALSE 0.0917247619677307 FALSE 0.0190501724025607 "97,137,95,142,91,146,15,148,11,154" "154,11,148,15,146,91,142,95,97,137"
454 1 TRUE 0.207688436512517 2 TRUE 0.0825267356979861 TRUE 0.0171398487075964 "97,137,95,142,91,146,15,148,11,154" "154,11,148,15,146,91,142,95,137,97"
454 2 FALSE 0.124034751814411 1 FALSE 0.0917247619677307 FALSE 0.0113770580859034 "97,137,95,142,91,146,15,11,148,154" "154,11,148,15,146,91,142,95,97,137"
454 2 FALSE 0.124034751814411 2 TRUE 0.0825267356979861 FALSE 0.0102361831803532 "97,137,95,142,91,146,15,11,148,154" "154,11,148,15,146,91,142,95,137,97"
455 1 TRUE 0.17004690320212 1 TRUE 0.0874067043166134 TRUE 0.0148632393881435 "97,137,95,142,91,146,15,148,11,154" "154,11,148,15,146,91,142,95,137,97"
455 1 TRUE 0.17004690320212 2 FALSE 0.0765412300231117 FALSE 0.0130155991327113 "97,137,95,142,91,146,15,148,11,154" "154,11,148,15,146,91,142,95,97,137"
455 2 FALSE 0.16710367799697 1 TRUE 0.0874067043166134 FALSE 0.0146059817728997 "97,137,95,142,91,146,15,11,148,154" "154,11,148,15,146,91,142,95,137,97"
455 2 FALSE 0.16710367799697 2 FALSE 0.0765412300231117 FALSE 0.0127903210552741 "97,137,95,142,91,146,15,11,148,154" "154,11,148,15,146,91,142,95,97,137"
456 1 FALSE 0.152832508838506 1 TRUE 0.118092631674651 FALSE 0.0180483931741786 "97,137,95,142,91,146,15,11,148,154" "154,11,148,15,146,91,142,95,137,97"
456 1 FALSE 0.152832508838506 2 FALSE 0.0939981652624427 FALSE 0.0143659754232756 "97,137,95,142,91,146,15,11,148,154" "154,11,148,15,146,91,142,95,97,137"
456 2 TRUE 0.141211579192156 1 TRUE 0.118092631674651 TRUE 0.0166760470097351 "97,137,95,142,91,146,15,148,11,154" "154,11,148,15,146,91,142,95,137,97"
456 2 TRUE 0.141211579192156 2 FALSE 0.0939981652624427 FALSE 0.0132736293578748 "97,137,95,142,91,146,15,148,11,154" "154,11,148,15,146,91,142,95,97,137"
457 1 TRUE 0.178654139527705 1 TRUE 0.0886767522307184 TRUE 0.0158424688658905 "97,137,95,142,91,146,15,148,11,154" "154,11,148,15,146,91,142,95,137,97"
457 1 TRUE 0.178654139527705 2 FALSE 0.0649463537464417 FALSE 0.0116029349440325 "97,137,95,142,91,146,15,148,11,154" "154,11,148,15,146,91,142,95,97,137"
457 2 FALSE 0.123879607481185 1 TRUE 0.0886767522307184 FALSE 0.0109852412590477 "97,137,95,142,91,146,15,11,148,154" "154,11,148,15,146,91,142,95,137,97"
457 2 FALSE 0.123879607481185 2 FALSE 0.0649463537464417 FALSE 0.00804552880944335 "97,137,95,142,91,146,15,11,148,154" "154,11,148,15,146,91,142,95,97,137"
458 1 TRUE 0.164747940531266 1 TRUE 0.0893909822028306 TRUE 0.0147269802199834 "97,137,95,142,91,146,15,148,11,154" "154,11,148,15,146,91,142,95,137,97"
458 1 TRUE 0.164747940531266 2 FALSE 0.0781019148627824 FALSE 0.0128671296251917 "97,137,95,142,91,146,15,148,11,154" "154,11,148,15,146,91,142,95,97,137"
458 2 FALSE 0.155377857730103 1 TRUE 0.0893909822028306 FALSE 0.0138893793150656 "97,137,95,142,91,146,15,11,148,154" "154,11,148,15,146,91,142,95,137,97"
458 2 FALSE 0.155377857730103 2 FALSE 0.0781019148627824 FALSE 0.012135308215998 "97,137,95,142,91,146,15,11,148,154" "154,11,148,15,146,91,142,95,97,137"
459 1 TRUE 0.143203655512948 1 TRUE 0.0679920663427769 TRUE 0.00973671244616451 "97,137,95,142,91,146,15,148,11,154" "154,11,148,15,146,91,142,95,137,97"
459 1 TRUE 0.143203655512948 2 FALSE 0.0540140019423583 FALSE 0.00773500252702916 "97,137,95,142,91,146,15,148,11,154" "154,11,148,15,146,91,142,95,97,137"
459 2 FALSE 0.122861066142571 1 FALSE 0.0661312093454482 FALSE 0.00812495088547933 "97,137,95,142,91,146,15,11,154,148" "148,11,15,146,91,142,95,137,97,154"
459 2 FALSE 0.122861066142571 2 FALSE 0.0525357069165616 FALSE 0.00645459296232242 "97,137,95,142,91,146,15,11,154,148" "148,11,15,146,91,142,95,97,137,NA"
460 1 FALSE 0.171964496622744 1 TRUE 0.0705889721014394 FALSE 0.012138797054541 "97,137,95,142,91,146,15,11,148,154" "154,11,148,15,146,91,142,95,137,97"
460 1 FALSE 0.171964496622744 2 FALSE 0.0611385359457822 FALSE 0.010513657558168 "97,137,95,142,91,146,15,11,148,154" "154,11,148,15,146,91,142,95,97,137"
460 2 TRUE 0.169358318535193 1 TRUE 0.0705889721014394 TRUE 0.0119548296222274 "97,137,95,142,91,146,15,148,11,154" "154,11,148,15,146,91,142,95,137,97"
460 2 TRUE 0.169358318535193 2 FALSE 0.0611385359457822 FALSE 0.0103543196454811 "97,137,95,142,91,146,15,148,11,154" "154,11,148,15,146,91,142,95,97,137"
461 1 FALSE 0.184487503964354 1 FALSE 0.102307168980457 FALSE 0.0188743942428639 "97,137,95,142,91,146,15,11,154,148" "148,11,154,15,146,91,142,95,137,97"
461 1 FALSE 0.184487503964354 2 FALSE 0.0919950405421087 FALSE 0.0169719354067132 "97,137,95,142,91,146,15,11,154,148" "148,11,154,15,146,91,142,95,97,137"
461 2 TRUE 0.167498816234933 1 TRUE 0.0811255309903127 TRUE 0.0135884304073078 "97,137,95,142,91,146,15,148,11,154" "154,11,148,15,146,91,142,95,137,97"
461 2 TRUE 0.167498816234933 2 FALSE 0.072948421765825 FALSE 0.0122187742919823 "97,137,95,142,91,146,15,148,11,154" "154,11,148,15,146,91,142,95,97,137"
462 1 TRUE 0.17140275003766 1 TRUE 0.084649525006098 TRUE 0.0145091613754269 "97,137,95,142,91,146,15,148,11,154" "154,11,148,15,146,91,142,95,137,97"
462 1 TRUE 0.17140275003766 2 FALSE 0.0787331603551342 FALSE 0.0134950802040261 "97,137,95,142,91,146,15,148,11,154" "154,11,148,15,146,91,142,95,97,137"
462 2 FALSE 0.146210517238562 1 FALSE 0.053735827027217 FALSE 0.00785674306389128 "97,137,95,142,91,146,15,11,154,148" "148,11,154,15,146,91,142,95,137,97"
462 2 FALSE 0.146210517238562 2 FALSE 0.0499800971812288 FALSE 0.00730761586050103 "97,137,95,142,91,146,15,11,154,148" "148,11,154,15,146,91,142,95,97,137"
463 1 TRUE 0.177436933541571 1 TRUE 0.0788968825245091 TRUE 0.0139992209011385 "97,137,95,142,91,146,15,148,11,154" "154,11,148,15,146,91,142,95,137,97"
463 1 TRUE 0.177436933541571 2 FALSE 0.0722177813584131 FALSE 0.0128141016714125 "97,137,95,142,91,146,15,148,11,154" "154,11,148,15,146,91,142,95,97,137"
463 2 FALSE 0.152763240422591 1 FALSE 0.0810532815702654 FALSE 0.0123819619395584 "97,137,95,142,91,146,15,11,154,148" "148,11,15,146,91,142,95,137,97,154"
463 2 FALSE 0.152763240422591 2 FALSE 0.0741916281039996 FALSE 0.0113337535213947 "97,137,95,142,91,146,15,11,154,148" "148,11,15,146,91,142,95,97,137,NA"
464 1 TRUE 0.164733180947848 1 TRUE 0.0937397428512098 TRUE 0.0154420460211131 "97,137,95,142,91,146,15,148,11,154" "154,11,148,15,146,91,142,95,137,97"
464 1 TRUE 0.164733180947848 2 FALSE 0.0851058191675458 FALSE 0.0140197523086421 "97,137,95,142,91,146,15,148,11,154" "154,11,148,15,146,91,142,95,97,137"
464 2 FALSE 0.145234398837863 1 TRUE 0.0937397428512098 FALSE 0.0136142352002114 "97,137,95,142,91,146,15,11,148,154" "154,11,148,15,146,91,142,95,137,97"
464 2 FALSE 0.145234398837863 2 FALSE 0.0851058191675458 FALSE 0.0123602924844024 "97,137,95,142,91,146,15,11,148,154" "154,11,148,15,146,91,142,95,97,137"
465 1 FALSE 0.170373529085678 1 TRUE 0.101058472625963 FALSE 0.0172176886252937 "97,137,95,142,91,146,15,11,148,154" "154,11,148,15,146,91,142,95,137,97"
465 1 FALSE 0.170373529085678 2 FALSE 0.0862883881652453 FALSE 0.0147012572108277 "97,137,95,142,91,146,15,11,148,154" "154,11,148,15,146,91,142,95,97,137"
465 2 TRUE 0.153412990862239 1 TRUE 0.101058472625963 TRUE 0.0155036825375186 "97,137,95,142,91,146,15,148,11,154" "154,11,148,15,146,91,142,95,137,97"
465 2 TRUE 0.153412990862239 2 FALSE 0.0862883881652453 FALSE 0.0132377597051121 "97,137,95,142,91,146,15,148,11,154" "154,11,148,15,146,91,142,95,97,137"
466 1 TRUE 0.145436696145486 1 TRUE 0.106080249804667 TRUE 0.0154279610578786 "97,137,95,142,91,146,15,148,11,154" "154,11,148,15,146,91,142,95,137,97"
466 1 TRUE 0.145436696145486 2 FALSE 0.0793051867530082 FALSE 0.0115338843485583 "97,137,95,142,91,146,15,148,11,154" "154,11,148,15,146,91,142,95,97,137"
466 2 FALSE 0.134367420284719 1 TRUE 0.106080249804667 FALSE 0.0142537295094117 "97,137,95,142,91,146,15,11,148,154" "154,11,148,15,146,91,142,95,137,97"
466 2 FALSE 0.134367420284719 2 FALSE 0.0793051867530082 FALSE 0.0106560333591996 "97,137,95,142,91,146,15,11,148,154" "154,11,148,15,146,91,142,95,97,137"
467 1 TRUE 0.152116227014537 1 TRUE 0.0978116154539698 TRUE 0.0148787339010547 "97,137,95,142,91,146,15,148,11,154" "154,11,148,15,146,91,142,95,137,97"
467 1 TRUE 0.152116227014537 2 FALSE 0.0819778813595935 FALSE 0.0124701660110667 "97,137,95,142,91,146,15,148,11,154" "154,11,148,15,146,91,142,95,97,137"
467 2 FALSE 0.145836838506723 1 TRUE 0.0978116154539698 FALSE 0.0142645367670423 "97,137,95,142,91,146,15,11,148,154" "154,11,148,15,146,91,142,95,137,97"
467 2 FALSE 0.145836838506723 2 FALSE 0.0819778813595935 FALSE 0.0119553950449624 "97,137,95,142,91,146,15,11,148,154" "154,11,148,15,146,91,142,95,97,137"
468 1 TRUE 0.168673169329738 1 TRUE 0.0931713530807974 TRUE 0.0157155074148781 "97,137,95,142,91,146,15,148,11,154" "154,11,148,15,146,91,142,95,137,97"
468 1 TRUE 0.168673169329738 2 FALSE 0.0843320195833884 FALSE 0.0142245490191076 "97,137,95,142,91,146,15,148,11,154" "154,11,148,15,146,91,142,95,97,137"
468 2 FALSE 0.161390135402138 1 TRUE 0.0931713530807974 FALSE 0.0150369372893103 "97,137,95,142,91,146,15,11,148,154" "154,11,148,15,146,91,142,95,137,97"
468 2 FALSE 0.161390135402138 2 FALSE 0.0843320195833884 FALSE 0.0136103560592988 "97,137,95,142,91,146,15,11,148,154" "154,11,148,15,146,91,142,95,97,137"
469 1 TRUE 0.169530111185104 1 TRUE 0.0984072368017891 TRUE 0.0166829897964261 "97,137,95,142,91,146,15,148,11,154" "154,11,148,15,146,91,142,95,137,97"
469 1 TRUE 0.169530111185104 2 FALSE 0.0844558310779912 FALSE 0.0143178064328822 "97,137,95,142,91,146,15,148,11,154" "154,11,148,15,146,91,142,95,97,137"
469 2 FALSE 0.162373581338087 1 TRUE 0.0984072368017891 FALSE 0.0159787354690917 "97,137,95,142,91,146,15,11,148,154" "154,11,148,15,146,91,142,95,137,97"
469 2 FALSE 0.162373581338087 2 FALSE 0.0844558310779912 FALSE 0.0137133957570179 "97,137,95,142,91,146,15,11,148,154" "154,11,148,15,146,91,142,95,97,137"
470 1 TRUE 0.151237772442094 1 TRUE 0.112976026827761 TRUE 0.0170862426367888 "97,137,95,142,91,146,15,148,11,154" "154,11,148,15,146,91,142,95,137,97"
470 1 TRUE 0.151237772442094 2 FALSE 0.103241799973149 FALSE 0.0156140598508514 "97,137,95,142,91,146,15,148,11,154" "154,11,148,15,146,91,142,95,97,137"
470 2 FALSE 0.146144500818862 1 TRUE 0.112976026827761 FALSE 0.0165108250452414 "97,137,95,142,91,146,15,11,148,154" "154,11,148,15,146,91,142,95,137,97"
470 2 FALSE 0.146144500818862 2 FALSE 0.103241799973149 FALSE 0.0150882213207167 "97,137,95,142,91,146,15,11,148,154" "154,11,148,15,146,91,142,95,97,137"
471 1 TRUE 0.138835134066415 1 TRUE 0.107977140267864 TRUE 0.0149910207451971 "97,137,95,142,91,146,15,148,11,154" "154,11,148,15,146,91,142,95,137,97"
471 1 TRUE 0.138835134066415 2 FALSE 0.0820210969342429 FALSE 0.0113874099891401 "97,137,95,142,91,146,15,148,11,154" "154,11,148,15,146,91,142,95,97,137"
471 2 FALSE 0.130103323918828 1 TRUE 0.107977140267864 FALSE 0.0140481848560987 "97,137,95,142,91,146,15,11,148,154" "154,11,148,15,146,91,142,95,137,97"
471 2 FALSE 0.130103323918828 2 FALSE 0.0820210969342429 FALSE 0.0106712173426134 "97,137,95,142,91,146,15,11,148,154" "154,11,148,15,146,91,142,95,97,137"
472 1 TRUE 0.140485663407762 1 TRUE 0.0820675213538139 TRUE 0.0115293101816212 "97,137,95,142,91,146,15,148,11,154" "154,11,148,15,146,91,142,95,137,97"
472 1 TRUE 0.140485663407762 2 FALSE 0.0687315491338192 FALSE 0.00965579727710776 "97,137,95,142,91,146,15,148,11,154" "154,11,148,15,146,91,142,95,97,137"
472 2 FALSE 0.131614271668353 1 TRUE 0.0820675213538139 FALSE 0.0108012570506092 "97,137,95,142,91,146,15,11,148,154" "154,11,148,15,146,91,142,95,137,97"
472 2 FALSE 0.131614271668353 2 FALSE 0.0687315491338192 FALSE 0.00904605277988522 "97,137,95,142,91,146,15,11,148,154" "154,11,148,15,146,91,142,95,97,137"
473 1 TRUE 0.149114749033561 1 TRUE 0.0831418391822539 TRUE 0.0123976744838505 "97,137,95,142,91,146,15,148,11,154" "154,11,148,15,146,91,142,95,137,97"
473 1 TRUE 0.149114749033561 2 FALSE 0.0708893576185533 FALSE 0.010570648770441 "97,137,95,142,91,146,15,148,11,154" "154,11,148,15,146,91,142,95,97,137"
473 2 FALSE 0.136288347125348 1 TRUE 0.0831418391822539 FALSE 0.0113312638391109 "97,137,95,142,91,146,15,11,148,154" "154,11,148,15,146,91,142,95,137,97"
473 2 FALSE 0.136288347125348 2 FALSE 0.0708893576185533 FALSE 0.00966139337861033 "97,137,95,142,91,146,15,11,148,154" "154,11,148,15,146,91,142,95,97,137"
474 1 TRUE 0.127400598596451 1 TRUE 0.0858320225476195 TRUE 0.0109350510513108 "97,137,95,142,91,146,15,148,11,154" "154,11,148,15,146,91,142,95,137,97"
474 1 TRUE 0.127400598596451 2 FALSE 0.0689537831018046 FALSE 0.00878475324265973 "97,137,95,142,91,146,15,148,11,154" "154,11,148,15,146,91,142,95,97,137"
474 2 FALSE 0.111269283237864 1 TRUE 0.0858320225476195 FALSE 0.00955046762772979 "97,137,95,142,91,146,15,11,148,154" "154,11,148,15,146,91,142,95,137,97"
474 2 FALSE 0.111269283237864 2 FALSE 0.0689537831018046 FALSE 0.00767243802227693 "97,137,95,142,91,146,15,11,148,154" "154,11,148,15,146,91,142,95,97,137"
475 1 TRUE 0.123438816379128 1 TRUE 0.0945585967966317 TRUE 0.0116722012670475 "97,137,95,142,91,146,15,148,11,154" "154,11,148,15,146,91,142,95,137,97"
475 1 TRUE 0.123438816379128 2 FALSE 0.0826768882986256 FALSE 0.0102055372334918 "97,137,95,142,91,146,15,148,11,154" "154,11,148,15,146,91,142,95,97,137"
475 2 FALSE 0.105309399589206 1 TRUE 0.0945585967966317 FALSE 0.00995790905465111 "97,137,95,142,91,146,15,11,148,154" "154,11,148,15,146,91,142,95,137,97"
475 2 FALSE 0.105309399589206 2 FALSE 0.0826768882986256 FALSE 0.00870665346663212 "97,137,95,142,91,146,15,11,148,154" "154,11,148,15,146,91,142,95,97,137"
476 1 TRUE 0.123513085685489 1 TRUE 0.102959325445925 TRUE 0.0127168239859226 "97,137,95,142,91,146,15,148,11,154" "154,11,148,15,146,91,142,95,137,97"
476 1 TRUE 0.123513085685489 2 FALSE 0.0760795015532823 FALSE 0.00939681399425982 "97,137,95,142,91,146,15,148,11,154" "154,11,148,15,146,91,142,95,97,137"
476 2 FALSE 0.112761207732853 1 TRUE 0.102959325445925 FALSE 0.0116098178846423 "97,137,95,142,91,146,15,11,148,154" "154,11,148,15,146,91,142,95,137,97"
476 2 FALSE 0.112761207732853 2 FALSE 0.0760795015532823 FALSE 0.00857881647886157 "97,137,95,142,91,146,15,11,148,154" "154,11,148,15,146,91,142,95,97,137"
477 1 TRUE 0.145283565437807 1 TRUE 0.0923479090710392 TRUE 0.0134166334905669 "97,137,95,142,91,146,15,148,11,154" "154,11,148,15,146,91,142,95,137,97"
477 1 TRUE 0.145283565437807 2 FALSE 0.0708390289836073 FALSE 0.0102917467028906 "97,137,95,142,91,146,15,148,11,154" "154,11,148,15,146,91,142,95,97,137"
477 2 FALSE 0.132346180919947 1 FALSE 0.055464878606883 FALSE 0.00734056485880943 "97,137,95,142,91,146,15,11,154,148" "148,15,11,154,146,91,142,95,137,97"
477 2 FALSE 0.132346180919947 2 FALSE 0.0544318088587837 FALSE 0.00720384202302456 "97,137,95,142,91,146,15,11,154,148" "148,11,15,146,91,142,95,137,97,154"
478 1 TRUE 0.135916669903145 1 TRUE 0.106558816028608 TRUE 0.0144831194234303 "97,137,95,142,91,146,15,148,11,154" "154,11,148,15,146,91,142,95,137,97"
478 1 TRUE 0.135916669903145 2 FALSE 0.0955936608172209 FALSE 0.0129927720421274 "97,137,95,142,91,146,15,148,11,154" "154,11,148,15,146,91,142,95,97,137"
478 2 FALSE 0.113648058710851 1 TRUE 0.106558816028608 FALSE 0.012110202580178 "97,137,95,142,91,146,15,11,148,154" "154,11,148,15,146,91,142,95,137,97"
478 2 FALSE 0.113648058710851 2 FALSE 0.0955936608172209 FALSE 0.0108640339769407 "97,137,95,142,91,146,15,11,148,154" "154,11,148,15,146,91,142,95,97,137"
479 1 TRUE 0.125082694295808 1 TRUE 0.0730734893768163 TRUE 0.00914022893284829 "97,137,95,142,91,146,15,148,11,154" "154,11,148,15,146,91,142,95,137,97"
479 1 TRUE 0.125082694295808 2 FALSE 0.0638259758328519 FALSE 0.00798352502323225 "97,137,95,142,91,146,15,148,11,154" "154,11,148,15,146,91,142,95,97,137"
479 2 FALSE 0.0980761624825485 1 FALSE 0.0630715894802966 FALSE 0.00618581945790217 "97,137,95,142,91,146,15,11,154,148" "148,11,154,15,146,91,142,95,137,97"
479 2 FALSE 0.0980761624825485 2 FALSE 0.0581483346225918 FALSE 0.00570296551453491 "97,137,95,142,91,146,15,11,154,148" "148,11,15,146,91,142,95,137,97,154"
480 1 TRUE 0.163730478540385 1 TRUE 0.0745091625996466 TRUE 0.0121994208480835 "97,137,95,142,91,146,15,148,11,154" "154,11,148,15,146,91,142,95,137,97"
480 1 TRUE 0.163730478540385 2 FALSE 0.0709038805383734 FALSE 0.0116091262909181 "97,137,95,142,91,146,15,148,11,154" "154,11,148,15,146,91,142,95,97,137"
480 2 FALSE 0.127727096267728 1 FALSE 0.0713748654271318 FALSE 0.00911650430750739 "97,137,95,142,91,146,15,11,154,148" "148,11,15,146,91,142,95,137,97,154"
480 2 FALSE 0.127727096267728 2 FALSE 0.0679212429064641 FALSE 0.00867538313133767 "97,137,95,142,91,146,15,11,154,148" "148,11,15,146,91,142,95,97,137,NA"
481 1 TRUE 0.166442329106398 1 TRUE 0.104719511317631 TRUE 0.0174297593665904 "97,137,95,142,91,146,15,148,11,154" "154,11,148,15,146,91,142,95,137,97"
481 1 TRUE 0.166442329106398 2 FALSE 0.0854223040723674 FALSE 0.0142178872474398 "97,137,95,142,91,146,15,148,11,154" "154,11,148,15,146,91,142,95,97,137"
481 2 FALSE 0.141501933821259 1 FALSE 0 FALSE 0 "97,137,95,142,91,146,15,11,154,148" "0,0,0,0,0,0,0,0,0,0"
481 2 FALSE 0.141501933821259 2 FALSE 0 FALSE 0 "97,137,95,142,91,146,15,11,154,148" "0,0,0,0,0,0,0,0,0,0"
482 1 TRUE 0.149065343137004 1 TRUE 0.0931264813151738 TRUE 0.0138819308923882 "97,137,95,142,91,146,15,148,11,154" "154,11,148,15,146,91,142,95,137,97"
482 1 TRUE 0.149065343137004 2 FALSE 0.0656014129461569 FALSE 0.00977889713109117 "97,137,95,142,91,146,15,148,11,154" "154,11,148,15,146,91,142,95,97,137"
482 2 FALSE 0.145111765029713 1 FALSE 0.0762588482435552 FALSE 0.0110660560677553 "97,137,95,142,91,146,15,11,154,148" "148,11,154,15,146,91,142,95,137,97"
482 2 FALSE 0.145111765029713 2 FALSE 0.0537192871863467 FALSE 0.00779530057974881 "97,137,95,142,91,146,15,11,154,148" "148,11,154,15,146,91,142,95,97,137"
483 1 TRUE 0.174843608520643 1 TRUE 0.0935160673080989 TRUE 0.0163506866628074 "97,137,95,142,91,146,15,148,11,154" "154,11,148,15,146,91,142,95,137,97"
483 1 TRUE 0.174843608520643 2 FALSE 0.0839736114603337 FALSE 0.0146822492482352 "97,137,95,142,91,146,15,148,11,154" "154,11,148,15,146,91,142,95,97,137"
483 2 FALSE 0.170132253800027 1 FALSE 0.0742052556337054 FALSE 0.0126247073847695 "97,137,95,142,91,146,15,11,154,148" "148,11,154,15,146,91,142,95,137,97"
483 2 FALSE 0.170132253800027 2 FALSE 0.0666332907731232 FALSE 0.011336471937344 "97,137,95,142,91,146,15,11,154,148" "148,11,154,15,146,91,142,95,97,137"
484 1 TRUE 0.142178876872955 1 TRUE 0.14035680696229 TRUE 0.0199557731753725 "97,137,95,142,91,146,15,148,11,154" "154,11,148,15,146,91,142,95,137,97"
484 1 TRUE 0.142178876872955 2 FALSE 0.121985497150472 FALSE 0.0173437609796431 "97,137,95,142,91,146,15,148,11,154" "154,11,148,15,146,91,142,95,97,137"
484 2 FALSE 0.130699252685302 1 FALSE 0.099944421611611 FALSE 0.0130626612147023 "97,137,95,142,91,146,15,11,154,148" "148,11,154,15,146,91,142,95,137,97"
484 2 FALSE 0.130699252685302 2 FALSE 0.086862691034175 FALSE 0.0113528888044009 "97,137,95,142,91,146,15,11,154,148" "148,11,154,15,146,91,142,95,97,137"
485 1 TRUE 0.142269982837273 1 TRUE 0.135338352332568 TRUE 0.0192545850635793 "97,137,95,142,91,146,15,148,11,154" "154,11,148,15,146,91,142,95,137,97"
485 1 TRUE 0.142269982837273 2 FALSE 0.11708661524955 FALSE 0.0166579107420279 "97,137,95,142,91,146,15,148,11,154" "154,11,148,15,146,91,142,95,97,137"
485 2 FALSE 0.131795468828621 1 FALSE 0.0999651605526929 FALSE 0.0131749552015705 "97,137,95,142,91,146,15,11,154,148" "148,11,154,15,146,91,142,95,137,97"
485 2 FALSE 0.131795468828621 2 FALSE 0.0864838539132712 FALSE 0.0113981800726055 "97,137,95,142,91,146,15,11,154,148" "148,11,154,15,146,91,142,95,97,137"
486 1 TRUE 0.155621269912438 1 TRUE 0.117856952832283 TRUE 0.0183410486677701 "97,137,95,142,91,146,15,148,11,154" "154,11,148,15,146,91,142,95,137,97"
486 1 TRUE 0.155621269912438 2 FALSE 0.0936437669781257 FALSE 0.0145729619365203 "97,137,95,142,91,146,15,148,11,154" "154,11,148,15,146,91,142,95,97,137"
486 2 FALSE 0.138772367669201 1 FALSE 0.0842671276558455 FALSE 0.0116939488214845 "97,137,95,142,91,146,15,11,154,148" "148,11,154,15,146,91,142,95,137,97"
486 2 FALSE 0.138772367669201 2 FALSE 0.0669548217265505 FALSE 0.00929147913786266 "97,137,95,142,91,146,15,11,154,148" "148,11,154,15,146,91,142,95,97,137"
487 1 TRUE 0.135413142456356 1 TRUE 0.116685148688915 TRUE 0.0158007026619531 "97,137,95,142,91,146,15,148,11,154" "154,11,148,15,146,91,142,95,137,97"
487 1 TRUE 0.135413142456356 2 FALSE 0.109296115526556 FALSE 0.0148001304617238 "97,137,95,142,91,146,15,148,11,154" "154,11,148,15,146,91,142,95,97,137"
487 2 FALSE 0.124686617399391 1 FALSE 0.0811448328476939 FALSE 0.010117674727218 "97,137,95,142,91,146,15,11,154,148" "148,11,154,15,146,91,142,95,137,97"
487 2 FALSE 0.124686617399391 2 FALSE 0.0760063737755444 FALSE 0.00947697764686643 "97,137,95,142,91,146,15,11,154,148" "148,11,154,15,146,91,142,95,97,137"
488 1 TRUE 0.144643445668041 1 TRUE 0.0931106535991727 TRUE 0.0134678457649878 "97,137,95,142,91,146,15,148,11,154" "154,11,148,15,146,91,142,95,137,97"
488 1 TRUE 0.144643445668041 2 FALSE 0.084397089759678 FALSE 0.0122074858671948 "97,137,95,142,91,146,15,148,11,154" "154,11,148,15,146,91,142,95,97,137"
488 2 FALSE 0.134980302244835 1 FALSE 0.0746459256551842 FALSE 0.0100757296062823 "97,137,95,142,91,146,15,11,154,148" "148,11,154,15,146,91,142,95,137,97"
488 2 FALSE 0.134980302244835 2 FALSE 0.0676603443772927 FALSE 0.00913281373403661 "97,137,95,142,91,146,15,11,154,148" "148,11,154,15,146,91,142,95,97,137"
489 1 TRUE 0.136415451786289 1 TRUE 0.0985450186552309 TRUE 0.0134430632411416 "97,137,95,142,91,146,15,148,11,154" "154,11,148,15,146,91,142,95,137,97"
489 1 TRUE 0.136415451786289 2 FALSE 0.086442998820378 FALSE 0.0117921607378435 "97,137,95,142,91,146,15,148,11,154" "154,11,148,15,146,91,142,95,97,137"
489 2 FALSE 0.119021734026035 1 FALSE 0.0701885413641935 FALSE 0.00835396190192436 "97,137,95,142,91,146,15,11,154,148" "148,11,154,15,146,91,142,95,137,97"
489 2 FALSE 0.119021734026035 2 FALSE 0.061568895933503 FALSE 0.007328036756074 "97,137,95,142,91,146,15,11,154,148" "148,11,154,15,146,91,142,95,97,137"
490 1 TRUE 0.158566419609838 1 TRUE 0.106234653176419 TRUE 0.0168452485926777 "97,137,95,142,91,146,15,148,11,154" "154,11,148,15,146,91,142,95,137,97"
490 1 TRUE 0.158566419609838 2 FALSE 0.0922493317455996 FALSE 0.0146276462462999 "97,137,95,142,91,146,15,148,11,154" "154,11,148,15,146,91,142,95,97,137"
490 2 FALSE 0.136046671410317 1 FALSE 0.0818547451099314 FALSE 0.0111360656113461 "97,137,95,142,91,146,15,11,154,148" "148,11,154,15,146,91,142,95,137,97"
490 2 FALSE 0.136046671410317 2 FALSE 0.0710789305638139 FALSE 0.0096700519106119 "97,137,95,142,91,146,15,11,154,148" "148,11,154,15,146,91,142,95,97,137"
491 1 TRUE 0.146638503525522 1 TRUE 0.102931630204518 TRUE 0.0150937402186329 "97,137,95,142,91,146,15,148,11,154" "154,11,148,15,146,91,142,95,137,97"
491 1 TRUE 0.146638503525522 2 FALSE 0.0930137387525204 FALSE 0.0136393954579834 "97,137,95,142,91,146,15,148,11,154" "154,11,148,15,146,91,142,95,97,137"
491 2 FALSE 0.12860423300491 1 FALSE 0.0783535123158535 FALSE 0.0100765933546211 "97,137,95,142,91,146,15,11,154,148" "148,11,154,15,146,91,142,95,137,97"
491 2 FALSE 0.12860423300491 2 FALSE 0.070803824931253 FALSE 0.00910567159909773 "97,137,95,142,91,146,15,11,154,148" "148,11,154,15,146,91,142,95,97,137"
492 1 TRUE 0.135696726785048 1 TRUE 0.166125436686945 TRUE 0.0225426779941551 "97,137,95,142,91,146,15,148,11,154" "154,11,148,15,146,91,142,95,137,97"
492 1 TRUE 0.135696726785048 2 FALSE 0.0633258855995498 FALSE 0.00859311539662331 "97,137,95,142,91,146,15,148,11,154" "154,11,148,15,146,142,91,95,137,97"
492 2 FALSE 0.111812850767288 1 FALSE 0.125994763817811 FALSE 0.0140878337242206 "97,137,95,142,91,146,15,11,154,148" "148,11,154,15,146,91,142,95,137,97"
492 2 FALSE 0.111812850767288 2 FALSE 0.048028346283324 FALSE 0.00537018631557692 "97,137,95,142,91,146,15,11,154,148" "148,11,154,15,146,142,91,95,137,97"
493 1 TRUE 0.151839130188965 1 TRUE 0.166175698962881 TRUE 0.0252319735890672 "97,137,95,142,91,146,15,148,11,154" "154,11,148,15,146,91,142,95,137,97"
493 1 TRUE 0.151839130188965 2 FALSE 0.0512086854934739 FALSE 0.00777548226344933 "97,137,95,142,91,146,15,148,11,154" "154,11,148,15,146,142,91,95,137,97"
493 2 FALSE 0.137992792791697 1 FALSE 0.12927048862543 FALSE 0.0178383957509704 "97,137,95,142,91,146,15,11,154,148" "148,11,154,15,146,91,142,95,137,97"
493 2 FALSE 0.137992792791697 2 FALSE 0.0398359798509768 FALSE 0.00549707811323007 "97,137,95,142,91,146,15,11,154,148" "148,11,154,15,146,142,91,95,137,97"
494 1 TRUE 0.150478630510718 1 TRUE 0.114832867362598 TRUE 0.0172798926183426 "97,137,95,142,91,146,15,148,11,154" "154,11,148,15,146,91,142,95,137,97"
494 1 TRUE 0.150478630510718 2 FALSE 0.0677355162323158 FALSE 0.0101927477195754 "97,137,95,142,91,146,15,148,11,154" "154,11,148,15,146,91,142,95,97,137"
494 2 FALSE 0.136127232369443 1 FALSE 0.078884902419475 FALSE 0.0107383834420967 "97,137,95,142,91,146,15,11,154,148" "148,11,154,15,146,91,142,95,137,97"
494 2 FALSE 0.136127232369443 2 FALSE 0.0671893668731301 FALSE 0.00914630255709433 "97,137,95,142,91,146,15,11,154,148" "148,11,15,146,91,142,95,137,97,154"
495 1 TRUE 0.149189551896714 1 TRUE 0.0913162359256394 TRUE 0.0136234283186408 "97,137,95,142,91,146,15,148,11,154" "154,11,148,15,146,91,142,95,137,97"
495 1 TRUE 0.149189551896714 2 FALSE 0.0717655013410377 FALSE 0.0107066629867125 "97,137,95,142,91,146,15,148,11,154" "154,11,148,15,146,91,142,95,97,137"
495 2 FALSE 0.135971069905315 1 FALSE 0.0734342833594285 FALSE 0.00998493807611153 "97,137,95,142,91,146,15,11,154,148" "148,11,154,15,146,91,142,95,137,97"
495 2 FALSE 0.135971069905315 2 FALSE 0.0577120608125013 FALSE 0.00784717065511637 "97,137,95,142,91,146,15,11,154,148" "148,11,154,15,146,91,142,95,97,137"
496 1 TRUE 0.146160244168149 1 TRUE 0.0827860270869597 TRUE 0.012100025932741 "97,137,95,142,91,146,15,148,11,154" "154,11,148,15,146,91,142,95,137,97"
496 1 TRUE 0.146160244168149 2 FALSE 0.0820171166186598 FALSE 0.0119876417909508 "97,137,95,142,91,146,15,148,11,154" "154,11,148,15,146,91,142,95,97,137"
496 2 FALSE 0.132355420666331 1 FALSE 0.0669907689077449 FALSE 0.00886659139954557 "97,137,95,142,91,146,15,11,154,148" "148,11,154,15,146,91,142,95,137,97"
496 2 FALSE 0.132355420666331 2 FALSE 0.066368563623772 FALSE 0.00878423915744452 "97,137,95,142,91,146,15,11,154,148" "148,11,154,15,146,91,142,95,97,137"
497 1 TRUE 0.184343358597543 1 TRUE 0.127162733254983 TRUE 0.023441605336667 "97,137,95,142,91,146,15,148,11,154" "154,11,148,15,146,91,142,95,137,97"
497 1 TRUE 0.184343358597543 2 FALSE 0.113231984387162 FALSE 0.020873564302594 "97,137,95,142,91,146,15,148,11,154" "154,11,148,15,146,91,142,95,97,137"
497 2 FALSE 0.174926235953878 1 FALSE 0.104611582417227 FALSE 0.0182993103494245 "97,137,95,142,91,146,15,11,154,148" "148,11,154,15,146,91,142,95,137,97"
497 2 FALSE 0.174926235953878 2 FALSE 0.0931513247928682 FALSE 0.0162946106201336 "97,137,95,142,91,146,15,11,154,148" "148,11,154,15,146,91,142,95,97,137"
498 1 TRUE 0.148927972162867 1 TRUE 0.10403261221454 TRUE 0.0154933659759174 "97,137,95,142,91,146,15,148,11,154" "154,11,148,15,146,91,142,95,137,97"
498 1 TRUE 0.148927972162867 2 FALSE 0.0972411657198224 FALSE 0.0144819296214065 "97,137,95,142,91,146,15,148,11,154" "154,11,148,15,146,91,142,95,97,137"
498 2 FALSE 0.137760953238856 1 FALSE 0.0862997260529858 FALSE 0.0118887325253115 "97,137,95,142,91,146,15,11,154,148" "148,11,154,15,146,91,142,95,137,97"
498 2 FALSE 0.137760953238856 2 FALSE 0.0806659160435921 FALSE 0.0111126134880508 "97,137,95,142,91,146,15,11,154,148" "148,11,154,15,146,91,142,95,97,137"
499 1 TRUE 0.162507282079426 1 TRUE 0.112452553089125 TRUE 0.0182743587654061 "97,137,95,142,91,146,15,148,11,154" "154,11,148,15,146,91,142,95,137,97"
499 1 TRUE 0.162507282079426 2 FALSE 0.110711801493318 FALSE 0.0179914739547961 "97,137,95,142,91,146,15,148,11,154" "154,11,148,15,146,91,142,95,97,137"
499 2 FALSE 0.146191709817797 1 FALSE 0.0859383600707246 FALSE 0.0125634757976767 "97,137,95,142,91,146,15,11,154,148" "148,11,154,15,146,91,142,95,137,97"
499 2 FALSE 0.146191709817797 2 FALSE 0.0846080448993511 FALSE 0.0123689947481771 "97,137,95,142,91,146,15,11,154,148" "148,11,154,15,146,91,142,95,97,137"
500 1 TRUE 0.1554085239098 1 TRUE 0.0889439002119194 TRUE 0.0138226402427149 "97,137,95,142,91,146,15,148,11,154" "154,11,148,15,146,91,142,95,137,97"
500 1 TRUE 0.1554085239098 2 FALSE 0.0782307693740692 FALSE 0.0121577283927521 "97,137,95,142,91,146,15,148,11,154" "154,11,148,15,146,91,142,95,97,137"
500 2 FALSE 0.139817353353531 1 FALSE 0.0721618055056171 FALSE 0.0100894726590076 "97,137,95,142,91,146,15,11,154,148" "148,11,154,15,146,91,142,95,137,97"
500 2 FALSE 0.139817353353531 2 FALSE 0.0634700474195064 FALSE 0.00887421404741846 "97,137,95,142,91,146,15,11,154,148" "148,11,154,15,146,91,142,95,97,137"
