"expNo" "Rank" "isCorrect" "prob" "verifyRank" "verifyIsCorrect" "verifyProb" "match" "jointProb" "computedSeq" "verifySeq"
1 1 TRUE 0.002426214010928 1 TRUE 0.00135917355865042 TRUE 3.29764593128053e-06 "0,1,2,3,4,5,6,7,8,9,19,18,17,16,15,14,13,12,11,10" "10,11,12,13,14,15,16,17,18,19,9,8,7,6,5,4,3,2,1,0"
1 1 TRUE 0.002426214010928 2 FALSE 0.00104155651984283 FALSE 2.52703902161608e-06 "0,1,2,3,4,5,6,7,8,9,19,18,17,16,15,14,13,12,11,10" "10,0,1,2,3,4,5,6,7,8,9,19,18,17,16,15,14,13,12,11"
1 2 FALSE 0.000559895540983385 1 FALSE 0.00176931856380199 FALSE 9.90633574451859e-07 "0,1,2,3,4,5,6,7,8,9,19,18,17,16,15,14,13,12,10,11" "11,10,0,1,2,3,4,5,6,7,8,9,19,18,17,16,15,14,13,12"
1 2 FALSE 0.000559895540983385 2 FALSE 0.000334515533758083 FALSE 1.87293755740828e-07 "0,1,2,3,4,5,6,7,8,9,19,18,17,16,15,14,13,12,10,11" "11,10,0,1,2,3,4,5,6,7,8,18,19,9,17,16,15,14,13,12"
2 1 TRUE 0.00127627549653771 1 TRUE 0.00129974628527317 TRUE 1.65883433561006e-06 "0,1,2,3,4,5,6,7,8,9,19,18,17,16,15,14,13,12,11,10" "10,11,12,13,14,15,16,17,18,19,9,8,7,6,5,4,3,2,1,0"
2 1 TRUE 0.00127627549653771 2 FALSE 0.000685954552586369 FALSE 8.75466987204469e-07 "0,1,2,3,4,5,6,7,8,9,19,18,17,16,15,14,13,12,11,10" "10,0,1,2,3,4,5,6,7,8,9,19,18,17,16,15,14,13,12,11"
2 2 FALSE 0.000618083682408542 1 FALSE 0.00124360185636394 TRUE 7.68650014831524e-07 "0,10,11,12,13,14,15,16,17,18,19,9,8,7,6,5,4,3,2,1" "1,2,3,4,5,6,7,8,9,19,18,17,16,15,14,13,12,11,10,0"
2 2 FALSE 0.000618083682408542 2 FALSE 0.000786863702669183 FALSE 4.86347614899389e-07 "0,10,11,12,13,14,15,16,17,18,19,9,8,7,6,5,4,3,2,1" "1,0,10,11,12,13,14,15,16,17,18,19,9,8,7,6,5,4,3,2"
3 1 TRUE 0.0024844559219905 1 TRUE 0.00220773057444087 TRUE 5.48500929982911e-06 "0,1,2,3,4,5,6,7,8,9,19,18,17,16,15,14,13,12,11,10" "10,11,12,13,14,15,16,17,18,19,9,8,7,6,5,4,3,2,1,0"
3 1 TRUE 0.0024844559219905 2 FALSE 0.000500913659747089 FALSE 1.24449790836459e-06 "0,1,2,3,4,5,6,7,8,9,19,18,17,16,15,14,13,12,11,10" "10,11,12,13,14,15,16,17,18,19,9,8,7,6,5,4,2,1,0,3"
3 2 FALSE 0.000748199205375289 1 TRUE 0.00220773057444087 FALSE 1.65182226147939e-06 "0,1,2,3,4,5,6,7,8,9,18,19,17,16,15,14,13,12,11,10" "10,11,12,13,14,15,16,17,18,19,9,8,7,6,5,4,3,2,1,0"
3 2 FALSE 0.000748199205375289 2 FALSE 0.000500913659747089 FALSE 3.747832021844e-07 "0,1,2,3,4,5,6,7,8,9,18,19,17,16,15,14,13,12,11,10" "10,11,12,13,14,15,16,17,18,19,9,8,7,6,5,4,2,1,0,3"
4 1 TRUE 0.00150636706548871 1 TRUE 0.000622059590841361 TRUE 9.37050080414811e-07 "0,1,2,3,4,5,6,7,8,9,19,18,17,16,15,14,13,12,11,10" "10,11,12,13,14,15,16,17,18,19,9,8,7,6,5,4,3,2,1,0"
4 1 TRUE 0.00150636706548871 2 FALSE 0.00020735319694712 FALSE 3.12350026804937e-07 "0,1,2,3,4,5,6,7,8,9,19,18,17,16,15,14,13,12,11,10" "10,11,12,13,14,15,16,17,18,19,9,8,7,6,5,4,3,2,0,1"
4 2 FALSE 0.000489286144579792 1 TRUE 0.000622059590841361 FALSE 3.04365138901653e-07 "0,1,2,3,4,5,6,7,8,9,18,19,17,16,15,14,13,12,11,10" "10,11,12,13,14,15,16,17,18,19,9,8,7,6,5,4,3,2,1,0"
4 2 FALSE 0.000489286144579792 2 FALSE 0.00020735319694712 FALSE 1.01455046300551e-07 "0,1,2,3,4,5,6,7,8,9,18,19,17,16,15,14,13,12,11,10" "10,11,12,13,14,15,16,17,18,19,9,8,7,6,5,4,3,2,0,1"
5 1 TRUE 0.00400840962039934 1 TRUE 0.00183719885190596 TRUE 7.36424555256649e-06 "0,1,2,3,4,5,6,7,8,9,19,18,17,16,15,14,13,12,11,10" "10,11,12,13,14,15,16,17,18,19,9,8,7,6,5,4,3,2,1,0"
5 1 TRUE 0.00400840962039934 2 FALSE 0.000365777146985803 FALSE 1.46618463490012e-06 "0,1,2,3,4,5,6,7,8,9,19,18,17,16,15,14,13,12,11,10" "10,11,12,13,14,15,16,17,18,19,9,8,7,6,5,4,3,1,0,2"
5 2 FALSE 0.000534454616053245 1 FALSE 0.00144922977617203 FALSE 7.74547543596955e-07 "0,1,2,3,4,5,6,7,8,9,19,18,17,16,15,14,13,12,10,11" "11,12,13,14,15,16,17,18,19,9,8,7,6,5,4,3,2,1,0,10"
5 2 FALSE 0.000534454616053245 2 FALSE 0.000238155406728551 FALSE 1.27283256464112e-07 "0,1,2,3,4,5,6,7,8,9,19,18,17,16,15,14,13,12,10,11" "11,12,13,14,15,16,17,18,19,9,8,7,6,5,4,3,1,0,10,2"
6 1 FALSE 0.00120305748095745 1 FALSE 0.00126442956607138 FALSE 1.52118144860596e-06 "0,10,11,12,13,14,15,16,17,18,19,9,8,7,6,5,4,3,2,1" "1,0,10,11,12,13,14,15,16,17,18,19,9,8,7,6,5,4,3,2"
6 1 FALSE 0.00120305748095745 2 FALSE 0.00072708498645901 TRUE 8.74725032251359e-07 "0,10,11,12,13,14,15,16,17,18,19,9,8,7,6,5,4,3,2,1" "1,2,3,4,5,6,7,8,9,19,18,17,16,15,14,13,12,11,10,0"
6 2 TRUE 0.000647871542768309 1 TRUE 0.00346653051728089 TRUE 2.2458664742842e-06 "0,1,2,3,4,5,6,7,8,9,19,18,17,16,15,14,13,12,11,10" "10,11,12,13,14,15,16,17,18,19,9,8,7,6,5,4,3,2,1,0"
6 2 TRUE 0.000647871542768309 2 FALSE 0.000561247798035954 FALSE 3.6361647678887e-07 "0,1,2,3,4,5,6,7,8,9,19,18,17,16,15,14,13,12,11,10" "10,11,12,13,14,15,16,17,18,19,9,8,7,6,5,3,2,1,0,4"
7 1 TRUE 0.00164114995142713 1 TRUE 0.000463942103931689 TRUE 7.61398561332494e-07 "0,1,2,3,4,5,6,7,8,9,19,18,17,16,15,14,13,12,11,10" "10,11,12,13,14,15,16,17,18,19,9,8,7,6,5,4,3,2,1,0"
7 1 TRUE 0.00164114995142713 2 FALSE 0.000457256144108498 FALSE 7.50425898693419e-07 "0,1,2,3,4,5,6,7,8,9,19,18,17,16,15,14,13,12,11,10" "10,11,12,13,14,15,16,17,18,19,8,7,6,5,4,3,2,1,0,9"
7 2 FALSE 0.000683812479761305 1 FALSE 0.000656465672194251 FALSE 4.48899419181323e-07 "0,1,2,3,4,5,6,7,8,9,19,18,17,16,15,14,13,12,10,11" "11,12,13,14,15,16,17,18,19,9,8,7,6,5,4,3,2,1,0,10"
7 2 FALSE 0.000683812479761305 2 FALSE 0.000601512663435909 FALSE 4.11321865991936e-07 "0,1,2,3,4,5,6,7,8,9,19,18,17,16,15,14,13,12,10,11" "11,12,13,14,15,16,17,18,19,8,7,6,5,4,3,2,1,0,10,9"
8 1 TRUE 0.00430834459206329 1 TRUE 0.00177614783291343 TRUE 7.65225691063751e-06 "0,1,2,3,4,5,6,7,8,9,19,18,17,16,15,14,13,12,11,10" "10,11,12,13,14,15,16,17,18,19,9,8,7,6,5,4,3,2,1,0"
8 1 TRUE 0.00430834459206329 2 FALSE 0.000992877670572724 FALSE 4.2776591425924e-06 "0,1,2,3,4,5,6,7,8,9,19,18,17,16,15,14,13,12,11,10" "10,11,12,13,14,15,16,17,18,19,8,9,7,6,5,4,3,2,1,0"
8 2 FALSE 0.000244691651635996 1 FALSE 0.00320499056885809 FALSE 7.84234435771677e-07 "0,1,2,3,4,5,6,7,8,9,19,18,17,16,15,14,12,11,10,13" "13,12,11,10,0,1,2,3,4,5,6,7,8,9,19,18,17,16,15,14"
8 2 FALSE 0.000244691651635996 2 FALSE 0.00126369850494459 FALSE 3.0921647434483e-07 "0,1,2,3,4,5,6,7,8,9,19,18,17,16,15,14,12,11,10,13" "13,12,11,10,0,1,2,3,4,5,6,7,8,9,18,17,16,15,14,19"
9 1 FALSE 0.000974164448100632 1 TRUE 0.00343932418715855 FALSE 3.35046734862247e-06 "0,1,11,12,13,14,15,16,17,18,19,9,8,7,6,5,4,3,2,10" "10,11,12,13,14,15,16,17,18,19,9,8,7,6,5,4,3,2,1,0"
9 1 FALSE 0.000974164448100632 2 FALSE 0.00181370611432189 FALSE 1.76684801587513e-06 "0,1,11,12,13,14,15,16,17,18,19,9,8,7,6,5,4,3,2,10" "10,11,12,13,14,15,16,17,18,19,8,7,6,5,4,3,2,1,0,9"
9 2 TRUE 0.000781432885351116 1 TRUE 0.00343932418715855 TRUE 2.68760102322919e-06 "0,1,2,3,4,5,6,7,8,9,19,18,17,16,15,14,13,12,11,10" "10,11,12,13,14,15,16,17,18,19,9,8,7,6,5,4,3,2,1,0"
9 2 TRUE 0.000781432885351116 2 FALSE 0.00181370611432189 FALSE 1.41728960209352e-06 "0,1,2,3,4,5,6,7,8,9,19,18,17,16,15,14,13,12,11,10" "10,11,12,13,14,15,16,17,18,19,8,7,6,5,4,3,2,1,0,9"
10 1 FALSE 0.000949289203664881 1 TRUE 0.00340737173800894 FALSE 3.23458120376473e-06 "0,1,11,12,13,14,15,16,17,18,19,9,8,7,6,5,4,3,2,10" "10,11,12,13,14,15,16,17,18,19,9,8,7,6,5,4,3,2,1,0"
10 1 FALSE 0.000949289203664881 2 FALSE 0.000924101168323983 FALSE 8.77239262184059e-07 "0,1,11,12,13,14,15,16,17,18,19,9,8,7,6,5,4,3,2,10" "10,11,12,13,14,15,5,4,3,2,1,0,19,18,17,16,6,7,8,9"
10 2 FALSE 0.000304569499348944 1 TRUE 0.00340737173800894 FALSE 1.03778150434113e-06 "0,1,2,3,4,5,6,7,8,9,18,19,17,16,15,14,13,12,11,10" "10,11,12,13,14,15,16,17,18,19,9,8,7,6,5,4,3,2,1,0"
10 2 FALSE 0.000304569499348944 2 FALSE 0.000924101168323983 FALSE 2.8145303018421e-07 "0,1,2,3,4,5,6,7,8,9,18,19,17,16,15,14,13,12,11,10" "10,11,12,13,14,15,5,4,3,2,1,0,19,18,17,16,6,7,8,9"
11 1 TRUE 0.000509831216972199 1 FALSE 0.00196528161681137 FALSE 1.00196191839203e-06 "0,1,2,3,4,5,6,7,8,9,19,18,17,16,15,14,13,12,11,10" "10,11,12,13,14,15,16,17,18,19,8,7,6,5,4,3,2,1,0,9"
11 1 TRUE 0.000509831216972199 2 FALSE 0.000200265760510101 FALSE 1.02101736398728e-07 "0,1,2,3,4,5,6,7,8,9,19,18,17,16,15,14,13,12,11,10" "10,11,12,13,14,15,16,17,18,19,8,7,6,5,4,3,1,2,0,9"
11 2 FALSE 0.000205844353852525 1 FALSE 0.00196528161681137 FALSE 4.04542124550782e-07 "0,1,2,3,4,5,6,7,8,9,18,19,17,16,15,14,13,12,11,10" "10,11,12,13,14,15,16,17,18,19,8,7,6,5,4,3,2,1,0,9"
11 2 FALSE 0.000205844353852525 2 FALSE 0.000200265760510101 FALSE 4.12235760709864e-08 "0,1,2,3,4,5,6,7,8,9,18,19,17,16,15,14,13,12,11,10" "10,11,12,13,14,15,16,17,18,19,8,7,6,5,4,3,1,2,0,9"
12 1 TRUE 0.00336709635496492 1 TRUE 0.00368679842682249 TRUE 1.24138055444444e-05 "0,1,2,3,4,5,6,7,8,9,19,18,17,16,15,14,13,12,11,10" "10,11,12,13,14,15,16,17,18,19,9,8,7,6,5,4,3,2,1,0"
12 1 TRUE 0.00336709635496492 2 FALSE 0.00184303655371945 FALSE 6.20568166209585e-06 "0,1,2,3,4,5,6,7,8,9,19,18,17,16,15,14,13,12,11,10" "10,11,12,13,14,15,16,17,18,19,8,9,7,6,5,4,3,2,1,0"
12 2 FALSE 0.000566909080172665 1 TRUE 0.00368679842682249 FALSE 2.09007950493196e-06 "0,1,2,3,4,5,6,7,8,9,19,18,17,16,15,14,13,11,12,10" "10,11,12,13,14,15,16,17,18,19,9,8,7,6,5,4,3,2,1,0"
12 2 FALSE 0.000566909080172665 2 FALSE 0.00184303655371945 FALSE 1.04483415739369e-06 "0,1,2,3,4,5,6,7,8,9,19,18,17,16,15,14,13,11,12,10" "10,11,12,13,14,15,16,17,18,19,8,9,7,6,5,4,3,2,1,0"
13 1 TRUE 0.00322471256921806 1 FALSE 5.23748743367469e-05 FALSE 1.68893915584924e-07 "0,1,2,3,4,5,6,7,8,9,19,18,17,16,15,14,13,12,11,10" "10,11,12,13,14,4,3,2,1,0,18,19,9,8,7,6,5,15,16,17"
13 1 TRUE 0.00322471256921806 2 FALSE 2.18228643069779e-05 FALSE 7.03724648270517e-08 "0,1,2,3,4,5,6,7,8,9,19,18,17,16,15,14,13,12,11,10" "10,11,12,13,14,4,3,2,1,0,18,19,9,8,7,6,5,15,17,16"
13 2 FALSE 0.00148832887810064 1 FALSE 8.64423153278258e-05 FALSE 1.28654594192285e-07 "0,1,2,3,4,5,6,7,8,9,19,18,17,16,15,14,13,12,10,11" "11,12,13,14,4,3,2,1,0,10,5,6,7,8,9,19,18,17,16,15"
13 2 FALSE 0.00148832887810064 2 FALSE 5.14415807191795e-05 FALSE 7.65619901195001e-08 "0,1,2,3,4,5,6,7,8,9,19,18,17,16,15,14,13,12,10,11" "11,12,13,14,4,3,2,1,0,10,5,6,7,8,9,18,19,17,16,15"
