"expNo" "Rank" "isCorrect" "prob" "verifyRank" "verifyIsCorrect" "verifyProb" "match" "jointProb" "computedSeq" "verifySeq"
1 1 TRUE 0.00198555625381713 1 TRUE 0.00369729012736989 TRUE 7.34117753457562e-06 "0,1,2,3,4,9,8,7,6,5,10,11,12,13,14,19,18,17,16,15" "15,16,17,18,19,14,13,12,11,10,5,6,7,8,9,4,3,2,1,0"
1 1 TRUE 0.00198555625381713 2 FALSE 0.00158852422228567 FALSE 3.1541042038993e-06 "0,1,2,3,4,9,8,7,6,5,10,11,12,13,14,19,18,17,16,15" "15,16,17,18,19,14,13,12,11,10,5,6,7,8,9,3,4,2,1,0"
1 2 FALSE 0.000989750045475728 1 TRUE 0.00369729012736989 FALSE 3.65939307170131e-06 "0,1,2,3,4,9,8,7,6,5,10,11,12,13,14,18,19,17,16,15" "15,16,17,18,19,14,13,12,11,10,5,6,7,8,9,4,3,2,1,0"
1 2 FALSE 0.000989750045475728 2 FALSE 0.00158852422228567 FALSE 1.57224192124654e-06 "0,1,2,3,4,9,8,7,6,5,10,11,12,13,14,18,19,17,16,15" "15,16,17,18,19,14,13,12,11,10,5,6,7,8,9,3,4,2,1,0"
2 1 TRUE 0.00577669704516378 1 TRUE 0.00310775149234193 TRUE 1.7952538862915e-05 "0,1,2,3,4,9,8,7,6,5,10,11,12,13,14,19,18,17,16,15" "15,16,17,18,19,14,13,12,11,10,5,6,7,8,9,4,3,2,1,0"
2 1 TRUE 0.00577669704516378 2 FALSE 0.0014072423534008 FALSE 8.12921274471971e-06 "0,1,2,3,4,9,8,7,6,5,10,11,12,13,14,19,18,17,16,15" "15,16,17,18,19,14,13,12,11,10,6,5,0,1,2,3,4,8,7,9"
2 2 FALSE 0.00407095614162897 1 FALSE 0.0045666197029908 FALSE 1.85905085263742e-05 "0,1,2,3,4,8,7,6,5,10,11,12,13,14,19,18,17,16,15,9" "9,8,7,6,5,0,1,2,3,4,13,12,11,10,15,16,17,18,19,14"
2 2 FALSE 0.00407095614162897 2 FALSE 0.00213131130573831 FALSE 8.67647484981861e-06 "0,1,2,3,4,8,7,6,5,10,11,12,13,14,19,18,17,16,15,9" "9,8,7,6,5,0,1,2,3,4,12,13,14,19,18,17,16,15,10,11"
3 1 TRUE 0.00514150700602579 1 FALSE 0.00585504823610511 FALSE 3.01037715265534e-05 "0,1,2,3,4,9,8,7,6,5,10,11,12,13,14,19,18,17,16,15" "15,16,17,18,19,14,13,12,11,10,6,7,8,9,4,3,2,1,0,5"
3 1 TRUE 0.00514150700602579 2 TRUE 0.00413132203539577 TRUE 2.12412211891361e-05 "0,1,2,3,4,9,8,7,6,5,10,11,12,13,14,19,18,17,16,15" "15,16,17,18,19,14,13,12,11,10,5,6,7,8,9,4,3,2,1,0"
3 2 FALSE 0.000981560428423105 1 FALSE 0.00585504823610511 FALSE 5.74708365506928e-06 "0,1,2,3,4,9,8,7,6,5,10,11,12,13,14,17,18,19,16,15" "15,16,17,18,19,14,13,12,11,10,6,7,8,9,4,3,2,1,0,5"
3 2 FALSE 0.000981560428423105 2 TRUE 0.00413132203539577 FALSE 4.05514222701688e-06 "0,1,2,3,4,9,8,7,6,5,10,11,12,13,14,17,18,19,16,15" "15,16,17,18,19,14,13,12,11,10,5,6,7,8,9,4,3,2,1,0"
4 1 TRUE 0.00162837031543329 1 FALSE 0.00152256693853663 FALSE 2.47930280597318e-06 "0,1,2,3,4,9,8,7,6,5,10,11,12,13,14,19,18,17,16,15" "15,16,17,18,19,14,13,12,11,10,6,5,7,8,9,4,3,2,1,0"
4 1 TRUE 0.00162837031543329 2 FALSE 0.000732819907197464 FALSE 1.19330218343893e-06 "0,1,2,3,4,9,8,7,6,5,10,11,12,13,14,19,18,17,16,15" "15,16,17,18,19,14,13,12,11,10,6,5,0,1,2,3,4,8,9,7"
4 2 FALSE 0.00105456363285204 1 FALSE 0.00177938084736726 FALSE 1.87647033062695e-06 "0,1,2,3,4,9,8,7,6,5,10,11,12,13,14,18,17,16,15,19" "19,18,17,16,15,10,11,12,13,14,9,8,7,6,5,0,1,2,3,4"
4 2 FALSE 0.00105456363285204 2 FALSE 0.00148160690964458 FALSE 1.56244876509346e-06 "0,1,2,3,4,9,8,7,6,5,10,11,12,13,14,18,17,16,15,19" "19,18,17,16,15,10,11,12,13,14,9,8,7,6,5,1,2,3,4,0"
5 1 TRUE 0.00342448548117437 1 TRUE 0.00721802257542535 TRUE 2.4718013512333e-05 "0,1,2,3,4,9,8,7,6,5,10,11,12,13,14,19,18,17,16,15" "15,16,17,18,19,14,13,12,11,10,5,6,7,8,9,4,3,2,1,0"
5 1 TRUE 0.00342448548117437 2 FALSE 0.00483088569753958 FALSE 1.65432979324372e-05 "0,1,2,3,4,9,8,7,6,5,10,11,12,13,14,19,18,17,16,15" "15,16,17,18,19,14,13,12,11,10,5,6,7,8,9,3,2,1,0,4"
5 2 FALSE 0.00124821306731347 1 FALSE 0.000923171927603421 FALSE 1.15231526341156e-06 "0,1,2,3,4,9,8,7,6,5,11,12,13,14,19,18,17,16,15,10" "10,11,12,13,14,19,18,17,16,15,5,6,7,8,9,4,3,2,1,0"
5 2 FALSE 0.00124821306731347 2 FALSE 0.000617861473114969 FALSE 7.71222764531656e-07 "0,1,2,3,4,9,8,7,6,5,11,12,13,14,19,18,17,16,15,10" "10,11,12,13,14,19,18,17,16,15,5,6,7,8,9,3,2,1,0,4"
6 1 TRUE 0.0030748448303523 1 TRUE 0.00385119624271254 TRUE 1.18418308575769e-05 "0,1,2,3,4,9,8,7,6,5,10,11,12,13,14,19,18,17,16,15" "15,16,17,18,19,14,13,12,11,10,5,6,7,8,9,4,3,2,1,0"
6 1 TRUE 0.0030748448303523 2 FALSE 0.00243433639045534 FALSE 7.48520666553007e-06 "0,1,2,3,4,9,8,7,6,5,10,11,12,13,14,19,18,17,16,15" "15,16,17,18,19,14,13,12,11,10,5,6,7,8,9,3,2,1,0,4"
6 2 FALSE 0.00151127577546227 1 FALSE 0.00185786480053984 FALSE 2.8077460671399e-06 "0,1,2,3,4,9,8,7,6,5,10,11,12,13,14,18,17,16,15,19" "19,18,17,16,15,10,11,12,13,14,9,8,7,6,5,0,1,2,3,4"
6 2 FALSE 0.00151127577546227 2 FALSE 0.00133623352961904 FALSE 2.0194173636737e-06 "0,1,2,3,4,9,8,7,6,5,10,11,12,13,14,18,17,16,15,19" "19,18,17,16,15,10,11,12,13,14,9,8,7,6,5,1,0,2,3,4"
7 1 TRUE 0.00350710931568906 1 FALSE 0.00151214121263981 FALSE 5.30324453348644e-06 "0,1,2,3,4,9,8,7,6,5,10,11,12,13,14,19,18,17,16,15" "15,16,17,18,19,14,13,12,11,10,6,7,8,9,4,3,2,1,0,5"
7 1 TRUE 0.00350710931568906 2 FALSE 0.00109808952154378 FALSE 3.85111999046675e-06 "0,1,2,3,4,9,8,7,6,5,10,11,12,13,14,19,18,17,16,15" "15,16,17,18,19,13,14,9,8,7,6,5,10,11,12,3,2,1,0,4"
7 2 FALSE 0.00060627099815033 1 FALSE 0.00209987409802549 FALSE 1.27309276539994e-06 "0,1,2,3,4,9,8,7,6,5,10,11,12,13,14,19,18,16,15,17" "17,16,15,10,11,12,13,14,9,8,7,6,5,0,1,2,3,4,18,19"
7 2 FALSE 0.00060627099815033 2 FALSE 0.00190897645275045 FALSE 1.15735705945449e-06 "0,1,2,3,4,9,8,7,6,5,10,11,12,13,14,19,18,16,15,17" "17,16,15,10,11,12,13,14,9,8,7,6,5,0,1,2,3,4,19,18"
8 1 FALSE 0.0023727571779798 1 FALSE 0.00164253242388622 FALSE 3.89733059884059e-06 "0,1,2,3,4,8,7,6,5,10,11,12,13,14,19,18,17,16,15,9" "9,8,7,6,5,0,1,2,3,4,14,13,12,11,10,15,16,17,18,19"
8 1 FALSE 0.0023727571779798 2 FALSE 0.000407545639009363 FALSE 9.67006840313831e-07 "0,1,2,3,4,8,7,6,5,10,11,12,13,14,19,18,17,16,15,9" "9,8,7,6,5,0,1,2,3,4,14,13,12,11,10,16,15,17,18,19"
8 2 FALSE 0.00155141815483295 1 FALSE 0.00164253242388622 FALSE 2.54825462231885e-06 "0,1,2,3,4,8,7,6,5,10,11,12,13,14,18,19,17,16,15,9" "9,8,7,6,5,0,1,2,3,4,14,13,12,11,10,15,16,17,18,19"
8 2 FALSE 0.00155141815483295 2 FALSE 0.000407545639009363 FALSE 6.3227370328212e-07 "0,1,2,3,4,8,7,6,5,10,11,12,13,14,18,19,17,16,15,9" "9,8,7,6,5,0,1,2,3,4,14,13,12,11,10,16,15,17,18,19"
9 1 TRUE 0.004027428135001 1 TRUE 0.00220526609843943 TRUE 8.88155073001884e-06 "0,1,2,3,4,9,8,7,6,5,10,11,12,13,14,19,18,17,16,15" "15,16,17,18,19,14,13,12,11,10,5,6,7,8,9,4,3,2,1,0"
9 1 TRUE 0.004027428135001 2 FALSE 0.00157708332760993 FALSE 6.35158976485722e-06 "0,1,2,3,4,9,8,7,6,5,10,11,12,13,14,19,18,17,16,15" "15,16,17,18,19,14,13,12,11,10,5,6,7,8,9,3,4,2,1,0"
9 2 FALSE 0.00183064915227318 1 FALSE 0.00114347131030193 TRUE 2.09329478485292e-06 "0,1,2,3,4,9,8,7,6,5,10,11,12,13,14,19,18,17,15,16" "16,15,17,18,19,14,13,12,11,10,5,6,7,8,9,4,3,2,1,0"
9 2 FALSE 0.00183064915227318 2 FALSE 0.000817746910612555 FALSE 1.49700768868689e-06 "0,1,2,3,4,9,8,7,6,5,10,11,12,13,14,19,18,17,15,16" "16,15,17,18,19,14,13,12,11,10,5,6,7,8,9,3,4,2,1,0"
10 1 TRUE 0.0027564968630749 1 TRUE 0.0063284319469146 TRUE 1.7444302809853e-05 "0,1,2,3,4,9,8,7,6,5,10,11,12,13,14,19,18,17,16,15" "15,16,17,18,19,14,13,12,11,10,5,6,7,8,9,4,3,2,1,0"
10 1 TRUE 0.0027564968630749 2 FALSE 0.0042189546312764 FALSE 1.16295352065687e-05 "0,1,2,3,4,9,8,7,6,5,10,11,12,13,14,19,18,17,16,15" "15,16,17,18,19,14,13,12,11,10,5,6,7,8,9,3,2,1,0,4"
10 2 FALSE 0.00227061058846753 1 FALSE 0.00471321231401892 FALSE 1.07018697859069e-05 "0,1,2,3,4,9,8,7,6,5,10,11,12,13,14,18,17,16,15,19" "19,18,17,16,15,10,11,12,13,14,9,8,7,6,5,0,1,2,3,4"
10 2 FALSE 0.00227061058846753 2 FALSE 0.0038791870897275 FALSE 8.8081232805818e-06 "0,1,2,3,4,9,8,7,6,5,10,11,12,13,14,18,17,16,15,19" "19,18,17,16,15,10,11,12,13,14,9,8,7,6,5,1,2,3,4,0"
11 1 TRUE 0.00301015954935625 1 TRUE 0.00460833901671568 TRUE 1.38718356978377e-05 "0,1,2,3,4,9,8,7,6,5,10,11,12,13,14,19,18,17,16,15" "15,16,17,18,19,14,13,12,11,10,5,6,7,8,9,4,3,2,1,0"
11 1 TRUE 0.00301015954935625 2 FALSE 0.00206034204715595 FALSE 6.20195828818669e-06 "0,1,2,3,4,9,8,7,6,5,10,11,12,13,14,19,18,17,16,15" "15,16,17,18,19,14,13,12,11,10,5,6,7,8,9,3,4,2,1,0"
11 2 FALSE 0.0017671074425 1 TRUE 0.00460833901671568 FALSE 8.1434301740014e-06 "0,1,2,3,4,9,8,7,6,5,10,11,12,13,14,18,19,17,16,15" "15,16,17,18,19,14,13,12,11,10,5,6,7,8,9,4,3,2,1,0"
11 2 FALSE 0.0017671074425 2 FALSE 0.00206034204715595 FALSE 3.64084576562496e-06 "0,1,2,3,4,9,8,7,6,5,10,11,12,13,14,18,19,17,16,15" "15,16,17,18,19,14,13,12,11,10,5,6,7,8,9,3,4,2,1,0"
