"expNo" "Rank" "isCorrect" "prob" "verifyRank" "verifyIsCorrect" "verifyProb" "match" "jointProb" "computedSeq" "verifySeq"
1 1 FALSE 2.11448478599184e-10 1 FALSE 1.69264140603166e-10 FALSE 3.57906450119377e-20 "0,1,16,17,18,19,14,13,11,12,5,6,7,8,9,10,2,3,4,15" "15,16,17,18,19,1,0,10,11,12,13,14,9,8,7,6,5,3,4,2"
1 1 FALSE 2.11448478599184e-10 2 FALSE 1.23101193165939e-10 FALSE 2.6029560008682e-20 "0,1,16,17,18,19,14,13,11,12,5,6,7,8,9,10,2,3,4,15" "15,16,17,18,19,1,0,10,11,12,13,14,9,8,7,6,5,3,2,4"
1 2 FALSE 2.07236653008767e-10 1 FALSE 1.69264140603166e-10 FALSE 3.50777339730054e-20 "0,1,16,17,18,19,14,13,11,12,5,6,7,8,9,3,4,2,10,15" "15,16,17,18,19,1,0,10,11,12,13,14,9,8,7,6,5,3,4,2"
1 2 FALSE 2.07236653008767e-10 2 FALSE 1.23101193165939e-10 FALSE 2.55110792530949e-20 "0,1,16,17,18,19,14,13,11,12,5,6,7,8,9,3,4,2,10,15" "15,16,17,18,19,1,0,10,11,12,13,14,9,8,7,6,5,3,2,4"
2 1 FALSE 4.14770617681655e-10 1 FALSE 9.85433326817171e-10 FALSE 4.08728789648046e-19 "0,19,18,17,16,4,3,2,1,5,6,7,8,9,10,11,12,13,14,15" "15,16,17,18,19,8,7,6,5,11,10,12,13,14,0,1,2,3,4,9"
2 1 FALSE 4.14770617681655e-10 2 FALSE 7.35390264164836e-10 FALSE 3.05018274104724e-19 "0,19,18,17,16,4,3,2,1,5,6,7,8,9,10,11,12,13,14,15" "15,16,17,18,19,8,7,6,5,11,10,12,13,14,2,1,0,9,4,3"
2 2 FALSE 1.359855096542e-10 1 FALSE 3.3807308697121e-10 FALSE 4.59730410321485e-20 "0,19,18,17,16,4,3,2,1,5,6,7,8,9,10,11,15,13,14,12" "12,13,14,18,17,16,4,3,2,1,0,9,6,5,11,10,7,8,19,15"
2 2 FALSE 1.359855096542e-10 2 FALSE 2.89053919435434e-10 FALSE 3.93071445519715e-20 "0,19,18,17,16,4,3,2,1,5,6,7,8,9,10,11,15,13,14,12" "12,13,14,18,17,16,4,3,2,1,0,9,6,7,8,19,15,10,11,5"
3 1 FALSE 1.53162110175698e-10 1 FALSE 4.05721377525507e-10 FALSE 6.21411423251975e-20 "0,1,2,3,7,8,9,13,12,18,19,4,10,11,5,14,6,17,16,15" "15,16,3,2,1,0,7,8,9,13,14,18,19,4,10,11,12,17,6,5"
3 1 FALSE 1.53162110175698e-10 2 FALSE 3.05920333930347e-10 FALSE 4.6855403890426e-20 "0,1,2,3,7,8,9,13,12,18,19,4,10,11,5,14,6,17,16,15" "15,16,3,2,1,0,7,8,9,13,12,11,10,5,6,4,17,18,19,14"
3 2 FALSE 1.22254179437249e-10 1 FALSE 1.28682724349405e-09 FALSE 1.57320008730863e-19 "0,1,2,3,7,8,9,13,12,18,19,4,10,11,17,16,15,5,6,14" "14,13,12,11,5,6,7,8,9,17,18,19,4,3,2,1,0,15,16,10"
3 2 FALSE 1.22254179437249e-10 2 FALSE 6.43413621747027e-10 FALSE 7.86600043654315e-20 "0,1,2,3,7,8,9,13,12,18,19,4,10,11,17,16,15,5,6,14" "14,13,12,11,5,6,7,8,9,17,18,19,4,3,2,1,15,16,0,10"
4 1 FALSE 8.63356988043113e-10 1 FALSE 1.41483527603575e-09 FALSE 1.22150792249537e-18 "0,1,2,3,4,6,5,7,8,9,17,16,15,10,11,12,13,14,18,19" "19,18,15,16,17,13,14,1,2,3,4,12,11,10,9,8,7,6,5,0"
4 1 FALSE 8.63356988043113e-10 2 FALSE 5.44167413859902e-10 FALSE 4.69810739421295e-19 "0,1,2,3,4,6,5,7,8,9,17,16,15,10,11,12,13,14,18,19" "19,18,15,16,17,13,14,1,2,3,4,12,11,10,9,8,7,6,0,5"
4 2 FALSE 4.64884532023214e-10 1 FALSE 1.74983130854308e-09 FALSE 8.13469508991619e-19 "0,1,2,3,4,6,5,7,8,9,17,16,15,10,11,12,13,14,19,18" "18,15,16,17,13,14,1,2,3,4,12,11,10,9,8,7,6,5,19,0"
4 2 FALSE 4.64884532023214e-10 2 FALSE 1.74983130854308e-09 FALSE 8.13469508991619e-19 "0,1,2,3,4,6,5,7,8,9,17,16,15,10,11,12,13,14,19,18" "18,15,16,17,13,14,1,2,3,4,12,11,10,9,8,7,6,5,0,19"
5 1 FALSE 3.45125010794981e-09 1 FALSE 3.06945653260539e-09 FALSE 1.05934621895016e-17 "0,7,6,5,15,16,17,18,19,2,1,14,13,12,11,10,3,4,9,8" "8,7,6,10,11,12,13,19,18,17,16,15,0,1,2,3,4,5,14,9"
5 1 FALSE 3.45125010794981e-09 2 FALSE 2.45556522608431e-09 FALSE 8.47476975160128e-18 "0,7,6,5,15,16,17,18,19,2,1,14,13,12,11,10,3,4,9,8" "8,7,6,10,11,12,13,19,18,17,16,15,0,1,2,3,4,5,9,14"
5 2 FALSE 2.46173084622993e-09 1 FALSE 5.02573866903679e-09 FALSE 1.23720159066584e-17 "0,7,6,5,15,16,17,18,19,2,1,14,13,12,11,10,9,8,4,3" "3,2,1,0,7,6,5,14,13,12,11,10,19,18,17,16,15,9,8,4"
5 2 FALSE 2.46173084622993e-09 2 FALSE 4.91487678663157e-09 FALSE 1.20991037910704e-17 "0,7,6,5,15,16,17,18,19,2,1,14,13,12,11,10,9,8,4,3" "3,2,1,0,7,6,5,14,13,12,11,10,19,18,17,16,15,8,9,4"
6 1 FALSE 6.6315924474338e-10 1 FALSE 8.06331327689943e-10 FALSE 5.34726074283789e-19 "0,1,2,7,12,11,10,9,8,13,14,19,18,17,16,15,3,4,6,5" "5,6,7,12,11,10,9,8,3,4,2,1,0,13,14,19,18,17,16,15"
6 1 FALSE 6.6315924474338e-10 2 FALSE 4.86358578606632e-10 FALSE 3.22533187663238e-19 "0,1,2,7,12,11,10,9,8,13,14,19,18,17,16,15,3,4,6,5" "5,6,7,12,11,10,9,8,3,4,2,1,0,13,14,19,18,16,17,15"
6 2 FALSE 6.6315924474338e-10 1 FALSE 1.27524756735523e-09 FALSE 8.45692213628129e-19 "0,1,2,7,12,11,10,9,8,13,14,19,18,17,16,15,3,4,5,6" "6,7,8,9,12,11,10,16,17,18,19,4,3,2,1,0,5,13,14,15"
6 2 FALSE 6.6315924474338e-10 2 FALSE 1.18283832334399e-09 FALSE 7.84410169162323e-19 "0,1,2,7,12,11,10,9,8,13,14,19,18,17,16,15,3,4,5,6" "6,7,8,9,12,11,10,16,17,18,19,3,4,2,1,0,5,13,14,15"
7 1 FALSE 7.76667437845904e-09 1 FALSE 3.59549287247166e-09 FALSE 2.79250223705577e-17 "0,1,2,3,4,18,17,16,15,5,6,7,8,14,13,12,11,10,9,19" "19,18,17,16,15,12,11,9,8,7,6,5,2,3,4,1,0,10,13,14"
7 1 FALSE 7.76667437845904e-09 2 FALSE 3.49561807045856e-09 FALSE 2.71493273047089e-17 "0,1,2,3,4,18,17,16,15,5,6,7,8,14,13,12,11,10,9,19" "19,18,17,16,15,12,11,9,8,7,6,5,2,3,4,1,0,14,13,10"
7 2 FALSE 6.21333950276723e-09 1 FALSE 1.44935315951049e-09 FALSE 9.00532323944702e-18 "0,1,2,3,4,18,17,16,15,5,6,7,8,14,13,12,11,10,19,9" "9,8,7,6,12,11,10,15,16,17,18,19,2,3,4,1,0,14,13,5"
7 2 FALSE 6.21333950276723e-09 2 FALSE 1.11741513431648e-09 FALSE 6.94287959503852e-18 "0,1,2,3,4,18,17,16,15,5,6,7,8,14,13,12,11,10,19,9" "9,8,7,6,12,11,10,15,16,17,18,19,2,3,4,1,0,5,14,13"
8 1 FALSE 1.29348003925746e-09 1 FALSE 2.08243919980156e-10 FALSE 2.69359353791061e-19 "0,1,2,3,4,8,9,13,12,11,10,16,17,18,19,7,6,5,14,15" "15,16,17,18,8,9,13,12,11,10,7,6,5,14,0,1,2,3,4,19"
8 1 FALSE 1.29348003925746e-09 2 FALSE 1.70381389074673e-10 FALSE 2.2038492582905e-19 "0,1,2,3,4,8,9,13,12,11,10,16,17,18,19,7,6,5,14,15" "15,16,17,18,8,9,13,12,11,10,7,6,5,14,0,1,2,3,19,4"
8 2 FALSE 8.8814869780164e-10 1 FALSE 1.38461033772737e-10 FALSE 1.22973986841525e-19 "0,1,2,3,4,8,9,13,12,11,10,16,17,18,19,5,6,7,15,14" "14,13,12,11,10,16,17,18,19,4,2,3,0,1,15,8,7,6,5,9"
8 2 FALSE 8.8814869780164e-10 2 FALSE 8.71791694124641e-11 FALSE 7.74280657891086e-20 "0,1,2,3,4,8,9,13,12,11,10,16,17,18,19,5,6,7,15,14" "14,13,12,11,10,16,17,18,19,4,2,3,0,1,15,8,9,7,6,5"
9 1 FALSE 9.98408321812717e-10 1 FALSE 1.1544159929195e-09 FALSE 1.15257853416452e-18 "0,1,2,3,4,11,10,5,6,7,8,9,14,13,12,15,16,17,18,19" "19,5,6,7,8,9,14,13,12,11,10,18,17,16,15,0,1,2,3,4"
9 1 FALSE 9.98408321812717e-10 2 FALSE 7.33901579986221e-10 FALSE 7.32733444849744e-19 "0,1,2,3,4,11,10,5,6,7,8,9,14,13,12,15,16,17,18,19" "19,5,6,7,8,9,14,13,12,11,10,18,17,16,15,2,1,0,4,3"
9 2 FALSE 3.95476913623307e-10 1 FALSE 1.1544159929195e-09 FALSE 4.5654487391719e-19 "0,1,2,3,4,11,10,5,6,7,8,9,14,13,12,18,17,16,15,19" "19,5,6,7,8,9,14,13,12,11,10,18,17,16,15,0,1,2,3,4"
9 2 FALSE 3.95476913623307e-10 2 FALSE 7.33901579986221e-10 FALSE 2.90241131756219e-19 "0,1,2,3,4,11,10,5,6,7,8,9,14,13,12,18,17,16,15,19" "19,5,6,7,8,9,14,13,12,11,10,18,17,16,15,2,1,0,4,3"
10 1 FALSE 5.41429335326946e-10 1 FALSE 1.42832463896299e-10 FALSE 7.73336859904831e-20 "0,1,2,9,8,5,6,7,16,15,18,17,4,3,12,13,14,11,10,19" "19,18,17,16,15,9,8,10,11,12,13,0,1,2,3,4,7,6,5,14"
10 1 FALSE 5.41429335326946e-10 2 FALSE 1.00992651239807e-10 FALSE 5.46803840336749e-20 "0,1,2,9,8,5,6,7,16,15,18,17,4,3,12,13,14,11,10,19" "19,18,17,16,15,9,8,10,11,12,13,0,1,2,3,4,7,5,6,14"
10 2 FALSE 3.09859542379232e-10 1 FALSE 1.78768333447068e-10 FALSE 5.53930739938063e-20 "0,1,2,9,8,5,6,7,16,15,18,17,12,13,14,11,10,19,3,4" "4,3,1,2,6,7,8,9,19,12,13,11,10,17,16,15,18,0,5,14"
10 2 FALSE 3.09859542379232e-10 2 FALSE 1.50541754481741e-10 FALSE 4.6646799152679e-20 "0,1,2,9,8,5,6,7,16,15,18,17,12,13,14,11,10,19,3,4" "4,3,1,2,6,7,8,9,19,12,13,11,10,17,16,15,18,14,5,0"
11 1 FALSE 2.147652595553e-09 1 FALSE 8.10882723818902e-09 FALSE 1.74149438649875e-17 "0,7,8,9,19,18,17,16,15,10,11,12,13,14,4,3,2,1,6,5" "5,6,7,8,9,19,18,17,16,15,10,11,12,13,14,3,2,1,0,4"
11 1 FALSE 2.147652595553e-09 2 FALSE 6.71737167660629e-09 FALSE 1.44265807165577e-17 "0,7,8,9,19,18,17,16,15,10,11,12,13,14,4,3,2,1,6,5" "5,6,7,8,9,19,18,17,16,15,10,11,12,13,14,3,4,2,1,0"
11 2 FALSE 2.147652595553e-09 1 FALSE 5.18624377650747e-09 FALSE 1.11382499077869e-17 "0,7,8,9,19,18,17,16,15,10,11,12,13,14,4,3,2,1,5,6" "6,7,8,9,19,18,17,16,15,10,11,12,13,14,3,2,1,0,5,4"
11 2 FALSE 2.147652595553e-09 2 FALSE 5.18624377650747e-09 FALSE 1.11382499077869e-17 "0,7,8,9,19,18,17,16,15,10,11,12,13,14,4,3,2,1,5,6" "6,7,8,9,19,18,17,16,15,10,11,12,13,14,3,2,1,0,4,5"
