"expNo" "Rank" "isCorrect" "prob" "verifyRank" "verifyIsCorrect" "verifyProb" "match" "jointProb" "computedSeq" "verifySeq"
1 1 TRUE 0.00196170762959505 1 TRUE 0.00073790790216523 TRUE 1.44755956161601e-06 "0,1,2,3,4,9,8,7,6,5,10,11,12,13,14,19,18,17,16,15" "15,16,17,18,19,14,13,12,11,10,5,6,7,8,9,4,3,2,1,0"
1 1 TRUE 0.00196170762959505 2 FALSE 0.000313610858420223 FALSE 6.15212813686803e-07 "0,1,2,3,4,9,8,7,6,5,10,11,12,13,14,19,18,17,16,15" "15,16,17,18,19,14,13,12,11,10,5,6,7,8,9,3,4,2,1,0"
1 2 FALSE 0.000781132449793503 1 TRUE 0.00073790790216523 FALSE 5.76403807340311e-07 "0,1,2,3,4,9,8,7,6,5,10,11,12,13,14,18,19,17,16,15" "15,16,17,18,19,14,13,12,11,10,5,6,7,8,9,4,3,2,1,0"
1 2 FALSE 0.000781132449793503 2 FALSE 0.000313610858420223 FALSE 2.44971618119632e-07 "0,1,2,3,4,9,8,7,6,5,10,11,12,13,14,18,19,17,16,15" "15,16,17,18,19,14,13,12,11,10,5,6,7,8,9,3,4,2,1,0"
2 1 TRUE 0.000454146003232349 1 TRUE 0.00192744664689181 TRUE 8.75342191129508e-07 "0,1,2,3,4,9,8,7,6,5,10,11,12,13,14,19,18,17,16,15" "15,16,17,18,19,14,13,12,11,10,5,6,7,8,9,4,3,2,1,0"
2 1 TRUE 0.000454146003232349 2 FALSE 0.000609019497180007 FALSE 2.76583770534875e-07 "0,1,2,3,4,9,8,7,6,5,10,11,12,13,14,19,18,17,16,15" "15,16,17,18,19,14,13,12,11,10,6,5,0,1,2,3,4,9,8,7"
2 2 FALSE 0.000353635749485024 1 FALSE 0.000756231138055058 FALSE 2.67430365290013e-07 "0,5,6,7,8,9,4,3,2,1,11,10,15,16,17,18,19,14,13,12" "12,13,14,19,18,17,16,15,11,10,5,6,7,8,9,4,3,2,1,0"
2 2 FALSE 0.000353635749485024 2 FALSE 0.000317494910811402 FALSE 1.12277550742471e-07 "0,5,6,7,8,9,4,3,2,1,11,10,15,16,17,18,19,14,13,12" "12,13,14,19,18,17,16,15,10,11,6,5,0,1,2,3,4,9,8,7"
3 1 TRUE 0.00234392372269937 1 FALSE 0.000940890278297267 FALSE 2.20537504375817e-06 "0,1,2,3,4,9,8,7,6,5,10,11,12,13,14,19,18,17,16,15" "15,16,17,18,19,14,13,12,11,10,5,6,1,0,2,3,4,9,8,7"
3 1 TRUE 0.00234392372269937 2 FALSE 0.000410980873560246 FALSE 9.63307819113571e-07 "0,1,2,3,4,9,8,7,6,5,10,11,12,13,14,19,18,17,16,15" "15,16,17,18,19,14,13,12,7,8,9,4,3,2,1,0,5,6,11,10"
3 2 FALSE 0.00199233516429446 1 FALSE 0.000550007166547252 FALSE 1.09579861852605e-06 "0,1,2,3,4,9,8,7,6,5,11,12,13,14,19,18,17,16,15,10" "10,11,12,13,14,19,18,17,16,15,5,6,1,0,2,3,4,9,8,7"
3 2 FALSE 0.00199233516429446 2 FALSE 0.000472329858122142 FALSE 9.41039385482957e-07 "0,1,2,3,4,9,8,7,6,5,11,12,13,14,19,18,17,16,15,10" "10,11,12,13,14,19,18,17,16,15,5,6,7,8,9,4,3,2,1,0"
4 1 FALSE 0.000802095206542597 1 FALSE 0.000827128832862432 FALSE 6.6343607203213e-07 "0,1,2,3,4,9,8,7,6,5,10,11,12,13,14,18,17,16,15,19" "19,18,17,16,15,10,11,12,13,14,9,8,7,6,5,1,2,3,4,0"
4 1 FALSE 0.000802095206542597 2 FALSE 0.000651787194317034 FALSE 5.22795384247541e-07 "0,1,2,3,4,9,8,7,6,5,10,11,12,13,14,18,17,16,15,19" "19,18,17,16,15,10,11,12,13,14,9,4,3,2,1,0,5,6,7,8"
4 2 FALSE 0.000617056566271239 1 FALSE 0.000922941098995495 FALSE 5.69506865416764e-07 "0,1,2,3,4,8,7,6,5,10,11,12,13,14,18,17,16,15,19,9" "9,8,7,6,5,10,11,12,13,14,18,17,16,15,0,1,2,3,4,19"
4 2 FALSE 0.000617056566271239 2 FALSE 0.000803812968425259 FALSE 4.95998070220782e-07 "0,1,2,3,4,8,7,6,5,10,11,12,13,14,18,17,16,15,19,9" "9,8,7,6,5,10,11,12,13,14,19,18,17,16,15,0,1,2,3,4"
5 1 FALSE 0.00179895020376569 1 FALSE 0.0013456155499763 FALSE 2.42069536782014e-06 "0,1,2,3,4,9,8,7,6,5,11,12,13,14,18,17,16,15,10,19" "19,18,17,16,15,10,11,12,13,14,9,8,7,6,5,0,1,2,3,4"
5 1 FALSE 0.00179895020376569 2 FALSE 0.000898343495011629 FALSE 1.61607521340275e-06 "0,1,2,3,4,9,8,7,6,5,11,12,13,14,18,17,16,15,10,19" "19,18,17,16,15,10,11,12,7,6,5,0,1,2,3,4,9,8,13,14"
5 2 FALSE 0.00148822244129707 1 FALSE 0.00058040015990651 FALSE 8.63764542905276e-07 "0,1,2,3,4,9,8,7,6,5,11,12,13,14,18,19,17,16,15,10" "10,11,12,7,6,5,0,1,2,3,4,9,8,13,14,18,17,16,15,19"
5 2 FALSE 0.00148822244129707 2 FALSE 0.000464320127925208 FALSE 6.91011634324221e-07 "0,1,2,3,4,9,8,7,6,5,11,12,13,14,18,19,17,16,15,10" "10,11,12,7,6,5,0,1,2,3,4,9,8,13,14,18,19,17,16,15"
6 1 TRUE 0.00142658556091935 1 TRUE 0.00136580505011275 TRUE 1.94843776352157e-06 "0,1,2,3,4,9,8,7,6,5,10,11,12,13,14,19,18,17,16,15" "15,16,17,18,19,14,13,12,11,10,5,6,7,8,9,4,3,2,1,0"
6 1 TRUE 0.00142658556091935 2 FALSE 0.000551884099826109 FALSE 7.87309888112899e-07 "0,1,2,3,4,9,8,7,6,5,10,11,12,13,14,19,18,17,16,15" "15,16,17,18,19,14,13,12,11,10,6,5,0,1,2,3,4,9,8,7"
6 2 FALSE 0.0005298746369129 1 TRUE 0.00136580505011275 FALSE 7.23705455022296e-07 "0,1,2,3,4,9,8,7,6,5,10,11,12,13,14,18,19,17,16,15" "15,16,17,18,19,14,13,12,11,10,5,6,7,8,9,4,3,2,1,0"
6 2 FALSE 0.0005298746369129 2 FALSE 0.000551884099826109 FALSE 2.92429387013362e-07 "0,1,2,3,4,9,8,7,6,5,10,11,12,13,14,18,19,17,16,15" "15,16,17,18,19,14,13,12,11,10,6,5,0,1,2,3,4,9,8,7"
7 1 TRUE 0.00244214736028892 1 TRUE 0.000908969436371523 TRUE 2.21983730961803e-06 "0,1,2,3,4,9,8,7,6,5,10,11,12,13,14,19,18,17,16,15" "15,16,17,18,19,14,13,12,11,10,5,6,7,8,9,4,3,2,1,0"
7 1 TRUE 0.00244214736028892 2 FALSE 0.000378737265154801 FALSE 9.24932212340844e-07 "0,1,2,3,4,9,8,7,6,5,10,11,12,13,14,19,18,17,16,15" "15,16,17,18,19,14,13,12,11,10,5,6,7,8,9,4,3,2,0,1"
7 2 FALSE 0.000718278635379096 1 FALSE 0.00116943958815533 FALSE 8.39983471538501e-07 "0,1,2,3,4,9,8,7,6,5,10,11,12,13,14,19,17,16,15,18" "18,17,16,15,10,11,12,13,14,9,8,7,6,5,1,0,2,3,4,19"
7 2 FALSE 0.000718278635379096 2 FALSE 0.000717905969395355 FALSE 5.15656520027802e-07 "0,1,2,3,4,9,8,7,6,5,10,11,12,13,14,19,17,16,15,18" "18,17,16,15,10,11,12,13,14,9,8,7,6,5,1,2,3,4,0,19"
8 1 TRUE 0.00113909677642078 1 TRUE 0.000758583806719983 TRUE 8.64100368879738e-07 "0,1,2,3,4,9,8,7,6,5,10,11,12,13,14,19,18,17,16,15" "15,16,17,18,19,14,13,12,11,10,5,6,7,8,9,4,3,2,1,0"
8 1 TRUE 0.00113909677642078 2 FALSE 0.000538417909374887 FALSE 6.1331010493615e-07 "0,1,2,3,4,9,8,7,6,5,10,11,12,13,14,19,18,17,16,15" "15,16,17,18,19,14,13,12,11,10,6,7,8,9,4,3,2,1,0,5"
8 2 FALSE 0.000913122112272529 1 FALSE 0.000283721718280633 FALSE 2.59072574694003e-07 "0,1,2,3,9,8,7,6,5,10,11,12,13,14,19,18,17,16,15,4" "4,3,2,1,0,6,5,10,11,12,13,14,19,18,17,16,15,8,7,9"
8 2 FALSE 0.000913122112272529 2 FALSE 0.000252197082916118 FALSE 2.30286733061336e-07 "0,1,2,3,9,8,7,6,5,10,11,12,13,14,19,18,17,16,15,4" "4,3,2,1,0,6,5,10,11,12,13,14,19,18,17,16,15,8,9,7"
9 1 TRUE 0.00195229780692587 1 FALSE 0.000643637197151279 FALSE 1.25657148845435e-06 "0,1,2,3,4,9,8,7,6,5,10,11,12,13,14,19,18,17,16,15" "15,16,17,18,19,14,13,12,11,10,5,6,7,8,9,3,4,2,1,0"
9 1 TRUE 0.00195229780692587 2 FALSE 0.000480741363304351 FALSE 9.38550309277635e-07 "0,1,2,3,4,9,8,7,6,5,10,11,12,13,14,19,18,17,16,15" "15,16,17,18,19,13,12,11,10,5,6,7,8,9,3,4,2,1,0,14"
9 2 FALSE 0.000439654730966903 1 FALSE 0.000643637197151279 FALSE 2.82978138753837e-07 "0,1,2,3,4,9,8,7,6,5,10,11,12,16,17,18,19,13,14,15" "15,16,17,18,19,14,13,12,11,10,5,6,7,8,9,3,4,2,1,0"
9 2 FALSE 0.000439654730966903 2 FALSE 0.000480741363304351 FALSE 2.11360214748236e-07 "0,1,2,3,4,9,8,7,6,5,10,11,12,16,17,18,19,13,14,15" "15,16,17,18,19,13,12,11,10,5,6,7,8,9,3,4,2,1,0,14"
10 1 TRUE 0.00217952340886439 1 TRUE 0.000816269499766042 TRUE 1.77907848268211e-06 "0,1,2,3,4,9,8,7,6,5,10,11,12,13,14,19,18,17,16,15" "15,16,17,18,19,14,13,12,11,10,5,6,7,8,9,4,3,2,1,0"
10 1 TRUE 0.00217952340886439 2 FALSE 0.000180059448477803 FALSE 3.92443782944584e-07 "0,1,2,3,4,9,8,7,6,5,10,11,12,13,14,19,18,17,16,15" "15,16,17,18,19,14,13,12,11,10,5,6,7,8,9,4,3,1,2,0"
10 2 FALSE 0.00101042465726886 1 FALSE 0.000630416487727459 FALSE 6.36988363548657e-07 "0,1,2,3,4,9,8,7,6,5,10,11,12,13,14,18,17,16,15,19" "19,18,17,16,15,10,11,12,13,14,9,8,7,6,5,1,2,3,4,0"
10 2 FALSE 0.00101042465726886 2 FALSE 0.000628206249932357 FALSE 6.34755084782059e-07 "0,1,2,3,4,9,8,7,6,5,10,11,12,13,14,18,17,16,15,19" "19,18,17,16,15,10,11,12,13,14,8,9,4,3,2,1,0,5,6,7"
