"expNo" "Rank" "isCorrect" "prob" "verifyRank" "verifyIsCorrect" "verifyProb" "match" "jointProb" "computedSeq" "verifySeq"
1 1 FALSE 5.07735883829551e-05 1 FALSE 9.92360039399285e-05 FALSE 5.03856801681524e-09 "0,1,2,3,4,9,8,13,14,19,18,17,16,15,11,10,5,6,7,12" "12,11,10,5,6,7,8,13,14,9,4,3,2,1,0,15,16,17,18,19"
1 1 FALSE 5.07735883829551e-05 2 FALSE 7.16442581511068e-05 FALSE 3.63763607336647e-09 "0,1,2,3,4,9,8,13,14,19,18,17,16,15,11,10,5,6,7,12" "12,11,10,5,6,7,8,9,14,13,19,18,17,16,15,0,1,2,3,4"
1 2 FALSE 3.60535144399975e-05 1 FALSE 0.00019249427347963 FALSE 6.94009506851466e-09 "0,1,2,3,4,9,8,13,14,19,18,17,16,15,10,5,6,7,12,11" "11,10,15,16,17,18,19,14,13,12,7,8,9,4,3,2,1,0,5,6"
1 2 FALSE 3.60535144399975e-05 2 FALSE 8.0205947283179e-05 FALSE 2.89170627854777e-09 "0,1,2,3,4,9,8,13,14,19,18,17,16,15,10,5,6,7,12,11" "11,10,15,16,17,18,19,14,13,12,7,8,9,4,3,2,1,0,6,5"
2 1 FALSE 0.000343047966097382 1 FALSE 0.000187708626436756 FALSE 6.43930625180625e-08 "0,1,2,3,4,8,7,6,5,10,11,12,13,14,19,18,17,16,15,9" "9,14,13,12,11,10,15,16,17,18,19,8,7,6,5,0,1,2,3,4"
2 1 FALSE 0.000343047966097382 2 FALSE 2.74963808256967e-05 FALSE 9.43257751729432e-09 "0,1,2,3,4,8,7,6,5,10,11,12,13,14,19,18,17,16,15,9" "9,14,13,12,11,10,15,16,17,18,19,8,7,6,5,0,2,3,4,1"
2 2 FALSE 4.04987182198299e-05 1 FALSE 0.000187708626436756 FALSE 7.60195876949349e-09 "0,1,2,3,4,8,7,6,5,10,11,12,13,14,19,18,16,15,17,9" "9,14,13,12,11,10,15,16,17,18,19,8,7,6,5,0,1,2,3,4"
2 2 FALSE 4.04987182198299e-05 2 FALSE 2.74963808256967e-05 FALSE 1.11356817912502e-09 "0,1,2,3,4,8,7,6,5,10,11,12,13,14,19,18,16,15,17,9" "9,14,13,12,11,10,15,16,17,18,19,8,7,6,5,0,2,3,4,1"
3 1 TRUE 0.000159379409439975 1 TRUE 0.000424298587918393 TRUE 6.76244583686488e-08 "0,1,2,3,4,9,8,7,6,5,10,11,12,13,14,19,18,17,16,15" "15,16,17,18,19,14,13,12,11,10,5,6,7,8,9,4,3,2,1,0"
3 1 TRUE 0.000159379409439975 2 FALSE 0.000188577150185953 FALSE 3.00553148305106e-08 "0,1,2,3,4,9,8,7,6,5,10,11,12,13,14,19,18,17,16,15" "15,16,17,18,19,14,13,12,11,10,5,6,7,8,3,2,1,0,9,4"
3 2 FALSE 0.000112660679930383 1 TRUE 0.000424298587918393 FALSE 4.78017674083874e-08 "0,1,2,3,4,9,8,7,6,5,10,11,16,17,18,19,14,13,12,15" "15,16,17,18,19,14,13,12,11,10,5,6,7,8,9,4,3,2,1,0"
3 2 FALSE 0.000112660679930383 2 FALSE 0.000188577150185953 FALSE 2.12452299592833e-08 "0,1,2,3,4,9,8,7,6,5,10,11,16,17,18,19,14,13,12,15" "15,16,17,18,19,14,13,12,11,10,5,6,7,8,3,2,1,0,9,4"
4 1 FALSE 8.64625862824157e-05 1 FALSE 3.82833723845139e-05 FALSE 3.31007938797788e-09 "0,1,6,5,10,11,12,13,14,9,4,3,2,7,8,18,17,16,15,19" "19,18,17,16,15,11,10,6,5,0,1,2,3,4,8,9,14,13,12,7"
4 1 FALSE 8.64625862824157e-05 2 FALSE 2.72946266074775e-05 FALSE 2.35996400809534e-09 "0,1,6,5,10,11,12,13,14,9,4,3,2,7,8,18,17,16,15,19" "19,18,17,16,15,11,10,6,5,0,1,2,3,4,9,8,7,12,13,14"
4 2 FALSE 5.88425934421996e-05 1 TRUE 0.000195354416810512 FALSE 1.14951605255189e-08 "0,1,6,5,10,11,12,13,14,9,4,3,2,7,8,18,19,17,16,15" "15,16,17,18,19,14,13,12,11,10,5,6,7,8,9,4,3,2,1,0"
4 2 FALSE 5.88425934421996e-05 2 FALSE 4.98943680596426e-05 FALSE 2.93591401478902e-09 "0,1,6,5,10,11,12,13,14,9,4,3,2,7,8,18,19,17,16,15" "15,16,17,18,19,14,13,12,11,10,6,5,0,1,2,3,4,8,9,7"
5 1 FALSE 0.000106579287866012 1 FALSE 9.32827465636462e-05 FALSE 9.94200869893905e-09 "0,1,6,5,10,15,16,17,18,19,14,13,12,11,7,8,9,4,3,2" "2,1,0,6,5,10,15,16,17,18,19,14,13,12,11,7,8,9,4,3"
5 1 FALSE 0.000106579287866012 2 FALSE 4.66413732818231e-05 FALSE 4.97100434946952e-09 "0,1,6,5,10,15,16,17,18,19,14,13,12,11,7,8,9,4,3,2" "2,1,0,6,5,10,15,16,17,18,19,14,13,12,11,7,8,9,3,4"
5 2 FALSE 5.03829360821146e-05 1 FALSE 0.000161237862246974 FALSE 8.12363690760607e-09 "0,1,6,5,10,15,16,17,18,19,14,13,12,7,8,9,4,3,2,11" "11,10,15,16,17,18,19,14,13,12,7,8,9,4,3,2,1,0,5,6"
5 2 FALSE 5.03829360821146e-05 2 FALSE 0.00015236977982339 FALSE 7.67683687768774e-09 "0,1,6,5,10,15,16,17,18,19,14,13,12,7,8,9,4,3,2,11" "11,10,15,16,17,18,19,14,13,12,7,8,9,4,3,2,1,6,5,0"
6 1 FALSE 9.20014958478e-05 1 FALSE 2.3505477551567e-05 FALSE 2.16253909536105e-09 "0,1,2,7,8,9,14,13,12,11,6,5,10,15,16,17,18,19,3,4" "4,3,8,9,14,19,18,17,16,15,10,11,12,7,2,1,0,5,6,13"
6 1 FALSE 9.20014958478e-05 2 FALSE 2.32289425215486e-05 FALSE 2.13709745894504e-09 "0,1,2,7,8,9,14,13,12,11,6,5,10,15,16,17,18,19,3,4" "4,3,8,9,14,19,18,17,16,15,10,11,12,13,7,2,1,0,5,6"
6 2 FALSE 6.440104709346e-05 1 FALSE 2.29467697868513e-05 FALSE 1.4777960016858e-09 "0,1,2,7,8,9,14,13,12,11,6,5,10,15,16,17,18,19,4,3" "3,2,1,0,5,10,11,12,13,14,9,8,7,6,16,15,17,18,19,4"
6 2 FALSE 6.440104709346e-05 2 FALSE 2.12332123027683e-05 FALSE 1.36744110545601e-09 "0,1,2,7,8,9,14,13,12,11,6,5,10,15,16,17,18,19,4,3" "3,2,1,0,5,10,11,12,13,14,9,8,7,6,17,18,19,16,15,4"
7 1 TRUE 7.27989223693777e-05 1 TRUE 7.7373276922781e-05 TRUE 5.63269118016589e-09 "0,1,2,3,4,9,8,7,6,5,10,11,12,13,14,19,18,17,16,15" "15,16,17,18,19,14,13,12,11,10,5,6,7,8,9,4,3,2,1,0"
7 1 TRUE 7.27989223693777e-05 2 FALSE 4.40697023430267e-05 FALSE 3.20822683971158e-09 "0,1,2,3,4,9,8,7,6,5,10,11,12,13,14,19,18,17,16,15" "15,16,17,18,19,14,13,12,11,10,5,6,7,8,9,3,2,1,0,4"
7 2 FALSE 1.25846876604927e-05 1 FALSE 0.000201657304296322 FALSE 2.53779418902614e-09 "0,1,2,3,4,9,8,7,6,5,10,11,12,13,14,19,18,16,15,17" "17,16,15,10,11,12,13,14,9,8,7,6,5,0,1,2,3,4,19,18"
7 2 FALSE 1.25846876604927e-05 2 FALSE 0.000146659857670053 FALSE 1.84566850110992e-09 "0,1,2,3,4,9,8,7,6,5,10,11,12,13,14,19,18,16,15,17" "17,16,15,10,11,12,13,14,9,8,7,6,5,0,1,2,3,4,18,19"
8 1 TRUE 0.000399428081641202 1 TRUE 9.151395969965e-05 TRUE 3.65532453662214e-08 "0,1,2,3,4,9,8,7,6,5,10,11,12,13,14,19,18,17,16,15" "15,16,17,18,19,14,13,12,11,10,5,6,7,8,9,4,3,2,1,0"
8 1 TRUE 0.000399428081641202 2 FALSE 4.16478328933336e-05 FALSE 1.66353139970976e-08 "0,1,2,3,4,9,8,7,6,5,10,11,12,13,14,19,18,17,16,15" "15,16,17,18,19,13,14,9,8,7,6,5,10,11,12,2,1,0,3,4"
8 2 FALSE 0.000156698708951548 1 TRUE 9.151395969965e-05 FALSE 1.43401193359792e-08 "0,1,2,3,4,9,8,7,6,5,10,11,12,13,14,18,19,17,16,15" "15,16,17,18,19,14,13,12,11,10,5,6,7,8,9,4,3,2,1,0"
8 2 FALSE 0.000156698708951548 2 FALSE 4.16478328933336e-05 FALSE 6.5261616450152e-09 "0,1,2,3,4,9,8,7,6,5,10,11,12,13,14,18,19,17,16,15" "15,16,17,18,19,13,14,9,8,7,6,5,10,11,12,2,1,0,3,4"
9 1 FALSE 0.000132254700173861 1 TRUE 0.000118549980758238 FALSE 1.56787921607978e-08 "0,1,2,3,4,9,8,7,6,5,10,11,12,17,18,19,14,13,16,15" "15,16,17,18,19,14,13,12,11,10,5,6,7,8,9,4,3,2,1,0"
9 1 FALSE 0.000132254700173861 2 FALSE 2.91572579989878e-05 FALSE 3.85618441454806e-09 "0,1,2,3,4,9,8,7,6,5,10,11,12,17,18,19,14,13,16,15" "15,16,17,18,19,14,13,12,11,10,5,6,7,8,9,4,3,1,0,2"
9 2 TRUE 0.000106042817225381 1 TRUE 0.000118549980758238 TRUE 1.25713739416182e-08 "0,1,2,3,4,9,8,7,6,5,10,11,12,13,14,19,18,17,16,15" "15,16,17,18,19,14,13,12,11,10,5,6,7,8,9,4,3,2,1,0"
9 2 TRUE 0.000106042817225381 2 FALSE 2.91572579989878e-05 FALSE 3.09191778077994e-09 "0,1,2,3,4,9,8,7,6,5,10,11,12,13,14,19,18,17,16,15" "15,16,17,18,19,14,13,12,11,10,5,6,7,8,9,4,3,1,0,2"
10 1 TRUE 0.000402381528177382 1 FALSE 9.56770002646751e-05 FALSE 3.84986575779277e-08 "0,1,2,3,4,9,8,7,6,5,10,11,12,13,14,19,18,17,16,15" "15,16,17,18,19,14,13,12,11,10,6,5,0,1,2,3,4,9,8,7"
10 1 TRUE 0.000402381528177382 2 TRUE 8.86856957808574e-05 TRUE 3.56854857957758e-08 "0,1,2,3,4,9,8,7,6,5,10,11,12,13,14,19,18,17,16,15" "15,16,17,18,19,14,13,12,11,10,5,6,7,8,9,4,3,2,1,0"
10 2 FALSE 0.000271403897143125 1 FALSE 0.000381814456139975 FALSE 1.03625931381972e-07 "0,1,2,3,4,9,8,7,6,5,11,12,13,14,19,18,17,16,15,10" "10,11,6,5,0,1,2,3,4,9,8,7,12,13,14,19,18,17,16,15"
10 2 FALSE 0.000271403897143125 2 FALSE 0.000244620615305187 FALSE 6.63909883153768e-08 "0,1,2,3,4,9,8,7,6,5,11,12,13,14,19,18,17,16,15,10" "10,11,6,5,0,1,2,3,4,9,8,7,12,13,14,18,17,16,15,19"
