"expNo" "Rank" "isCorrect" "prob" "verifyRank" "verifyIsCorrect" "verifyProb" "match" "jointProb" "computedSeq" "verifySeq"
1 1 TRUE 0.0021102285897003 1 TRUE 0.00309077584947318 TRUE 6.52224356191352e-06 "0,1,2,3,4,5,6,7,8,9,19,18,17,16,15,14,13,12,11,10" "10,11,12,13,14,15,16,17,18,19,9,8,7,6,5,4,3,2,1,0"
1 1 TRUE 0.0021102285897003 2 FALSE 0.000876111963975234 FALSE 1.84879651415902e-06 "0,1,2,3,4,5,6,7,8,9,19,18,17,16,15,14,13,12,11,10" "10,11,12,13,14,15,16,17,18,19,8,7,6,5,4,3,2,1,0,9"
1 2 FALSE 0.000964675926720136 1 TRUE 0.00309077584947318 FALSE 2.98159705687475e-06 "0,1,2,3,4,5,6,7,8,18,19,9,17,16,15,14,13,12,11,10" "10,11,12,13,14,15,16,17,18,19,9,8,7,6,5,4,3,2,1,0"
1 2 FALSE 0.000964675926720136 2 FALSE 0.000876111963975234 FALSE 8.45164120758408e-07 "0,1,2,3,4,5,6,7,8,18,19,9,17,16,15,14,13,12,11,10" "10,11,12,13,14,15,16,17,18,19,8,7,6,5,4,3,2,1,0,9"
2 1 TRUE 0.00102059708919396 1 FALSE 0.000642976166192193 FALSE 6.56219603636842e-07 "0,1,2,3,4,5,6,7,8,9,19,18,17,16,15,14,13,12,11,10" "10,0,1,2,3,4,5,6,7,8,9,19,18,17,16,15,14,13,12,11"
2 1 TRUE 0.00102059708919396 2 FALSE 0.00028273558888688 FALSE 2.88559119029489e-07 "0,1,2,3,4,5,6,7,8,9,19,18,17,16,15,14,13,12,11,10" "10,0,1,2,3,4,5,6,7,8,18,17,16,15,14,13,12,11,19,9"
2 2 FALSE 0.000608502507744716 1 FALSE 0.000667860554018858 FALSE 4.0639482194425e-07 "0,10,11,12,13,14,15,16,17,18,19,9,8,7,6,5,4,3,2,1" "1,0,10,11,12,13,14,15,16,17,18,19,9,8,7,6,5,4,3,2"
2 2 FALSE 0.000608502507744716 2 FALSE 0.000145256928012387 FALSE 8.83892049628309e-08 "0,10,11,12,13,14,15,16,17,18,19,9,8,7,6,5,4,3,2,1" "1,0,10,11,12,13,14,4,3,2,5,6,7,8,9,19,18,17,16,15"
3 1 FALSE 0.000679326457580641 1 FALSE 0.00101099378643963 FALSE 6.86794827578073e-07 "0,10,11,12,13,14,15,16,17,18,19,9,8,7,6,5,4,3,2,1" "1,0,10,11,12,13,14,15,16,17,18,19,9,8,7,6,5,4,3,2"
3 1 FALSE 0.000679326457580641 2 FALSE 0.000245163856707412 FALSE 1.66546294303854e-07 "0,10,11,12,13,14,15,16,17,18,19,9,8,7,6,5,4,3,2,1" "1,0,10,11,12,13,14,15,16,17,7,8,9,19,18,6,5,4,3,2"
3 2 FALSE 0.000156890695583019 1 FALSE 0.00101099378643963 FALSE 1.58615518384623e-07 "0,10,11,12,13,14,15,16,17,7,8,9,19,18,6,5,4,3,2,1" "1,0,10,11,12,13,14,15,16,17,18,19,9,8,7,6,5,4,3,2"
3 2 FALSE 0.000156890695583019 2 FALSE 0.000245163856707412 FALSE 3.84639280106414e-08 "0,10,11,12,13,14,15,16,17,7,8,9,19,18,6,5,4,3,2,1" "1,0,10,11,12,13,14,15,16,17,7,8,9,19,18,6,5,4,3,2"
4 1 TRUE 0.00110397125097234 1 FALSE 7.93537492649376e-05 FALSE 8.76042578453585e-08 "0,1,2,3,4,5,6,7,8,9,19,18,17,16,15,14,13,12,11,10" "10,11,12,13,14,15,5,4,3,2,1,0,6,7,8,9,19,18,17,16"
4 1 TRUE 0.00110397125097234 2 FALSE 2.36368504597823e-05 FALSE 2.6094403371132e-08 "0,1,2,3,4,5,6,7,8,9,19,18,17,16,15,14,13,12,11,10" "10,11,12,13,14,15,5,4,3,2,1,0,6,7,8,9,18,19,17,16"
4 2 FALSE 0.000328836426921819 1 FALSE 7.93537492649376e-05 FALSE 2.6094403371132e-08 "0,1,2,3,4,5,6,7,8,9,18,19,17,16,15,14,13,12,11,10" "10,11,12,13,14,15,5,4,3,2,1,0,6,7,8,9,19,18,17,16"
4 2 FALSE 0.000328836426921819 2 FALSE 2.36368504597823e-05 FALSE 7.77265744888018e-09 "0,1,2,3,4,5,6,7,8,9,18,19,17,16,15,14,13,12,11,10" "10,11,12,13,14,15,5,4,3,2,1,0,6,7,8,9,18,19,17,16"
5 1 TRUE 0.00133260435028614 1 TRUE 0.00100299298799779 TRUE 1.33659281911235e-06 "0,1,2,3,4,5,6,7,8,9,19,18,17,16,15,14,13,12,11,10" "10,11,12,13,14,15,16,17,18,19,9,8,7,6,5,4,3,2,1,0"
5 1 TRUE 0.00133260435028614 2 FALSE 0.000453693027027071 FALSE 6.04593301510762e-07 "0,1,2,3,4,5,6,7,8,9,19,18,17,16,15,14,13,12,11,10" "10,11,12,13,14,15,16,17,7,8,9,19,18,6,5,4,3,2,1,0"
5 2 FALSE 0.000197068371981625 1 FALSE 0.00107254257722421 FALSE 2.11364219574552e-07 "0,1,2,3,4,5,6,16,15,14,13,12,11,10,18,19,9,8,7,17" "17,18,19,9,8,7,6,5,4,3,2,1,0,10,11,12,13,14,15,16"
5 2 FALSE 0.000197068371981625 2 FALSE 0.000529438795157196 FALSE 1.04335641425542e-07 "0,1,2,3,4,5,6,16,15,14,13,12,11,10,18,19,9,8,7,17" "17,18,19,9,8,7,6,5,4,3,2,1,0,11,12,13,14,15,16,10"
6 1 FALSE 0.000251535720833 1 FALSE 0.00107291122394143 FALSE 2.69875498103923e-07 "0,10,11,12,13,14,15,5,6,16,17,18,19,9,8,7,4,3,2,1" "1,0,10,11,12,13,14,15,16,17,18,19,9,8,7,6,5,4,3,2"
6 1 FALSE 0.000251535720833 2 FALSE 0.000199740421780951 FALSE 5.02418509721588e-08 "0,10,11,12,13,14,15,5,6,16,17,18,19,9,8,7,4,3,2,1" "1,0,10,11,12,13,14,15,16,17,18,19,9,8,7,6,5,3,2,4"
6 2 FALSE 0.00013581022409385 1 FALSE 0.00270818488494514 FALSE 3.67799196111976e-07 "0,10,11,12,13,14,15,5,6,16,17,18,19,9,8,7,3,2,1,4" "4,3,2,1,0,10,11,12,13,14,15,16,17,18,19,9,8,7,6,5"
6 2 FALSE 0.00013581022409385 2 FALSE 0.00153184383621481 FALSE 2.08040054673116e-07 "0,10,11,12,13,14,15,5,6,16,17,18,19,9,8,7,3,2,1,4" "4,3,2,1,0,10,11,12,13,14,15,5,6,16,17,18,19,9,8,7"
7 1 TRUE 0.000730806665694174 1 TRUE 0.000243855196878836 TRUE 1.78211003343219e-07 "0,1,2,3,4,5,6,7,8,9,19,18,17,16,15,14,13,12,11,10" "10,11,12,13,14,15,16,17,18,19,9,8,7,6,5,4,3,2,1,0"
7 1 TRUE 0.000730806665694174 2 FALSE 0.000104812478561948 FALSE 7.65976579809994e-08 "0,1,2,3,4,5,6,7,8,9,19,18,17,16,15,14,13,12,11,10" "10,11,12,13,14,15,16,17,7,6,5,4,3,2,1,0,19,18,8,9"
7 2 FALSE 0.000168647692083271 1 FALSE 0.00034206230832837 FALSE 5.76880188482559e-08 "0,1,2,3,4,5,6,7,8,9,19,18,17,16,15,14,13,12,10,11" "11,12,13,14,15,16,17,18,19,9,8,7,6,5,4,3,2,1,0,10"
7 2 FALSE 0.000168647692083271 2 FALSE 0.000155482867421987 FALSE 2.62218267492072e-08 "0,1,2,3,4,5,6,7,8,9,19,18,17,16,15,14,13,12,10,11" "11,12,13,14,15,16,17,18,19,9,8,7,6,5,4,3,2,1,10,0"
8 1 FALSE 0.00117954765626527 1 FALSE 0.0021342998843106 FALSE 2.5175084263058e-06 "0,10,11,1,2,3,4,5,6,7,8,9,19,18,17,16,15,14,13,12" "12,11,10,0,1,2,3,4,5,6,7,8,9,19,18,17,16,15,14,13"
8 1 FALSE 0.00117954765626527 2 FALSE 0.000977966859412211 FALSE 1.15355851692478e-06 "0,10,11,1,2,3,4,5,6,7,8,9,19,18,17,16,15,14,13,12" "12,11,10,0,1,2,3,4,5,6,7,8,18,17,16,15,14,13,9,19"
8 2 FALSE 0.000505681674647694 1 FALSE 0.00132786602094295 FALSE 6.714775131782e-07 "0,10,11,1,2,3,4,5,6,7,8,18,17,16,15,14,13,12,19,9" "9,8,18,17,16,15,14,13,12,11,10,0,1,2,3,4,5,6,7,19"
8 2 FALSE 0.000505681674647694 2 FALSE 0.000486918021430569 FALSE 2.46225520493152e-07 "0,10,11,1,2,3,4,5,6,7,8,18,17,16,15,14,13,12,19,9" "9,8,7,17,18,19,16,15,14,13,12,11,10,0,1,2,3,4,5,6"
9 1 FALSE 0.000362949787760496 1 TRUE 0.00221729324886412 FALSE 8.04766114078013e-07 "0,1,2,3,4,5,15,16,17,18,19,9,8,7,6,14,13,12,11,10" "10,11,12,13,14,15,16,17,18,19,9,8,7,6,5,4,3,2,1,0"
9 1 FALSE 0.000362949787760496 2 FALSE 0.000776052637102442 FALSE 2.81668139927305e-07 "0,1,2,3,4,5,15,16,17,18,19,9,8,7,6,14,13,12,11,10" "10,11,12,13,14,15,16,17,18,19,8,7,6,5,4,3,2,1,0,9"
9 2 TRUE 0.000343827136050402 1 TRUE 0.00221729324886412 TRUE 7.62365587540842e-07 "0,1,2,3,4,5,6,7,8,9,19,18,17,16,15,14,13,12,11,10" "10,11,12,13,14,15,16,17,18,19,9,8,7,6,5,4,3,2,1,0"
9 2 TRUE 0.000343827136050402 2 FALSE 0.000776052637102442 FALSE 2.66827955639295e-07 "0,1,2,3,4,5,6,7,8,9,19,18,17,16,15,14,13,12,11,10" "10,11,12,13,14,15,16,17,18,19,8,7,6,5,4,3,2,1,0,9"
10 1 FALSE 0.00010072737906436 1 FALSE 0.000149925548021728 FALSE 1.51016075070166e-08 "0,10,11,12,13,14,15,5,4,3,2,1,16,17,18,19,9,8,7,6" "6,5,4,3,2,12,13,14,15,16,17,18,19,9,8,7,1,0,10,11"
10 1 FALSE 0.00010072737906436 2 FALSE 0.000105424063735021 FALSE 1.06190896303428e-08 "0,10,11,12,13,14,15,5,4,3,2,1,16,17,18,19,9,8,7,6" "6,5,4,3,2,12,13,14,15,16,17,18,19,9,8,7,10,11,1,0"
10 2 FALSE 4.38266687125658e-05 1 FALSE 0.00112717653593642 FALSE 4.94003926210632e-08 "0,10,11,12,13,14,15,5,4,3,2,1,6,7,8,9,18,19,17,16" "16,17,18,19,9,8,7,6,5,4,3,2,1,0,10,11,12,13,14,15"
10 2 FALSE 4.38266687125658e-05 2 FALSE 0.000383839474000223 FALSE 1.68224054658133e-08 "0,10,11,12,13,14,15,5,4,3,2,1,6,7,8,9,18,19,17,16" "16,17,18,19,9,8,7,6,5,4,3,2,12,13,14,15,11,10,0,1"
11 1 TRUE 0.000850010812765237 1 FALSE 0.000928114026490498 FALSE 7.88906957996006e-07 "0,1,2,3,4,5,6,7,8,9,19,18,17,16,15,14,13,12,11,10" "10,11,12,13,14,15,16,17,18,19,8,7,6,5,4,3,2,1,0,9"
11 1 TRUE 0.000850010812765237 2 FALSE 0.000493617109133659 FALSE 4.19579880129528e-07 "0,1,2,3,4,5,6,7,8,9,19,18,17,16,15,14,13,12,11,10" "10,11,12,13,3,4,5,6,7,8,9,19,18,17,16,15,14,2,1,0"
11 2 FALSE 0.000530272949167202 1 FALSE 0.000928114026490498 FALSE 4.92153761990564e-07 "0,1,2,3,4,5,6,7,8,18,19,9,17,16,15,14,13,12,11,10" "10,11,12,13,14,15,16,17,18,19,8,7,6,5,4,3,2,1,0,9"
11 2 FALSE 0.000530272949167202 2 FALSE 0.000493617109133659 FALSE 2.61751800219694e-07 "0,1,2,3,4,5,6,7,8,18,19,9,17,16,15,14,13,12,11,10" "10,11,12,13,3,4,5,6,7,8,9,19,18,17,16,15,14,2,1,0"
12 1 TRUE 0.00228482459720646 1 TRUE 0.00259216312018396 TRUE 5.92263805696775e-06 "0,1,2,3,4,5,6,7,8,9,19,18,17,16,15,14,13,12,11,10" "10,11,12,13,14,15,16,17,18,19,9,8,7,6,5,4,3,2,1,0"
12 1 TRUE 0.00228482459720646 2 FALSE 0.000489442564450131 FALSE 1.11829041017547e-06 "0,1,2,3,4,5,6,7,8,9,19,18,17,16,15,14,13,12,11,10" "10,11,12,13,14,15,16,17,18,19,9,8,7,6,5,4,2,3,1,0"
12 2 FALSE 0.00109952182251858 1 FALSE 0.000967171973511712 FALSE 1.06342669100449e-06 "0,10,11,12,13,14,15,16,17,18,19,9,8,7,6,5,4,3,2,1" "1,0,10,11,12,13,14,15,16,17,18,19,9,8,7,6,5,4,3,2"
12 2 FALSE 0.00109952182251858 2 FALSE 0.000402988322296547 FALSE 4.43094454585203e-07 "0,10,11,12,13,14,15,16,17,18,19,9,8,7,6,5,4,3,2,1" "1,0,10,11,12,13,14,15,16,17,18,19,9,8,7,6,5,4,2,3"
13 1 FALSE 0.000440592095567545 1 FALSE 0.00112302646450463 FALSE 4.94796583373908e-07 "0,1,2,3,4,5,6,16,15,14,13,12,11,10,17,18,19,9,8,7" "7,6,5,4,3,2,1,0,10,11,12,13,14,15,16,17,18,19,9,8"
13 1 FALSE 0.000440592095567545 2 FALSE 0.000345546604462964 FALSE 1.52245102576587e-07 "0,1,2,3,4,5,6,16,15,14,13,12,11,10,17,18,19,9,8,7" "7,6,5,4,3,2,1,0,10,11,12,13,14,15,17,16,18,19,9,8"
13 2 FALSE 0.000229199569522933 1 FALSE 0.000689153722095578 FALSE 1.57953736439433e-07 "0,1,2,3,4,5,6,16,15,14,13,12,11,10,17,7,8,9,18,19" "19,9,8,7,6,5,4,3,2,1,0,10,11,12,13,14,15,16,17,18"
13 2 FALSE 0.000229199569522933 2 FALSE 0.000366241700365423 FALSE 8.39424400651018e-08 "0,1,2,3,4,5,6,16,15,14,13,12,11,10,17,7,8,9,18,19" "19,18,17,16,15,14,13,12,11,10,0,1,2,3,4,5,6,7,8,9"
14 1 FALSE 0.00114271140766194 1 FALSE 0.000997501540239716 FALSE 1.13985638919228e-06 "0,1,2,3,13,12,11,10,14,15,16,17,18,19,9,8,7,6,5,4" "4,5,6,7,8,9,19,18,17,16,15,14,13,12,11,10,0,1,2,3"
14 1 FALSE 0.00114271140766194 2 FALSE 0.000223514234016677 FALSE 2.55412264985678e-07 "0,1,2,3,13,12,11,10,14,15,16,17,18,19,9,8,7,6,5,4" "4,5,6,7,8,9,19,18,17,16,15,14,13,12,11,1,2,3,0,10"
14 2 FALSE 0.000263702632537371 1 FALSE 0.0013325249744851 FALSE 3.51390343693515e-07 "0,1,2,3,13,12,11,10,14,15,16,17,18,19,9,8,7,6,4,5" "5,6,7,8,9,19,18,17,16,15,14,13,12,11,10,0,1,2,3,4"
14 2 FALSE 0.000263702632537371 2 FALSE 0.000378873475201554 FALSE 9.99099328092322e-08 "0,1,2,3,13,12,11,10,14,15,16,17,18,19,9,8,7,6,4,5" "5,6,7,8,9,19,18,17,16,15,14,13,12,11,1,2,3,4,0,10"
