"expNo" "Rank" "isCorrect" "prob" "verifyRank" "verifyIsCorrect" "verifyProb" "match" "jointProb" "computedSeq" "verifySeq"
1 1 TRUE 4.81169949934891e-05 1 TRUE 0.000413615504858474 TRUE 1.99019351765047e-08 "0,1,2,3,4,9,8,7,6,5,10,11,12,13,14,19,18,17,16,15" "15,16,17,18,19,14,13,12,11,10,5,6,7,8,9,4,3,2,1,0"
1 1 TRUE 4.81169949934891e-05 2 FALSE 0.0002665722392 FALSE 1.28266550989896e-08 "0,1,2,3,4,9,8,7,6,5,10,11,12,13,14,19,18,17,16,15" "15,16,17,18,19,14,13,12,11,10,5,6,7,8,4,3,2,1,0,9"
1 2 FALSE 1.59210645199045e-05 1 TRUE 0.000413615504858474 FALSE 6.58519913928464e-09 "0,1,2,3,4,9,8,7,6,5,10,11,12,13,14,19,18,16,17,15" "15,16,17,18,19,14,13,12,11,10,5,6,7,8,9,4,3,2,1,0"
1 2 FALSE 1.59210645199045e-05 2 FALSE 0.0002665722392 FALSE 4.24411381951862e-09 "0,1,2,3,4,9,8,7,6,5,10,11,12,13,14,19,18,16,17,15" "15,16,17,18,19,14,13,12,11,10,5,6,7,8,4,3,2,1,0,9"
2 1 FALSE 0.000617172167622991 1 FALSE 0.000157646768308872 FALSE 9.72951977159458e-08 "0,1,2,3,4,8,7,6,5,10,11,12,13,14,19,18,17,16,15,9" "9,8,7,6,5,0,1,2,3,4,13,12,11,10,15,16,17,18,19,14"
2 1 FALSE 0.000617172167622991 2 FALSE 0.000109076793425213 FALSE 6.73191610356039e-08 "0,1,2,3,4,8,7,6,5,10,11,12,13,14,19,18,17,16,15,9" "9,8,7,6,5,0,1,2,3,4,19,18,17,16,15,10,11,12,13,14"
2 2 TRUE 0.000415287696524239 1 TRUE 0.00036757765399552 TRUE 1.52650477221583e-07 "0,1,2,3,4,9,8,7,6,5,10,11,12,13,14,19,18,17,16,15" "15,16,17,18,19,14,13,12,11,10,5,6,7,8,9,4,3,2,1,0"
2 2 TRUE 0.000415287696524239 2 FALSE 0.000259189371407097 FALSE 1.07638157015219e-07 "0,1,2,3,4,9,8,7,6,5,10,11,12,13,14,19,18,17,16,15" "15,16,17,18,19,14,13,12,11,10,5,0,1,2,3,4,8,7,6,9"
3 1 TRUE 0.000291164713349851 1 TRUE 0.000420927143459078 TRUE 1.22559131066434e-07 "0,1,2,3,4,9,8,7,6,5,10,11,12,13,14,19,18,17,16,15" "15,16,17,18,19,14,13,12,11,10,5,6,7,8,9,4,3,2,1,0"
3 1 TRUE 0.000291164713349851 2 FALSE 0.000399444418434053 FALSE 1.16304119592549e-07 "0,1,2,3,4,9,8,7,6,5,10,11,12,13,14,19,18,17,16,15" "15,16,17,18,19,14,13,12,11,10,6,7,8,9,4,3,2,1,0,5"
3 2 FALSE 0.0001194230269599 1 TRUE 0.000420927143459078 FALSE 5.02683936014671e-08 "0,1,2,3,4,9,8,7,6,5,10,11,17,18,19,14,13,12,16,15" "15,16,17,18,19,14,13,12,11,10,5,6,7,8,9,4,3,2,1,0"
3 2 FALSE 0.0001194230269599 2 FALSE 0.000399444418434053 FALSE 4.77028615516315e-08 "0,1,2,3,4,9,8,7,6,5,10,11,17,18,19,14,13,12,16,15" "15,16,17,18,19,14,13,12,11,10,6,7,8,9,4,3,2,1,0,5"
4 1 FALSE 5.93989922707093e-05 1 FALSE 0.000175179319565919 FALSE 1.04054750488841e-08 "0,1,6,5,10,11,12,13,14,9,8,7,2,3,4,18,17,16,15,19" "19,18,17,16,15,10,11,12,13,14,9,8,7,6,5,0,1,2,3,4"
4 1 FALSE 5.93989922707093e-05 2 FALSE 5.00512341616911e-05 FALSE 2.97299287110975e-09 "0,1,6,5,10,11,12,13,14,9,8,7,2,3,4,18,17,16,15,19" "19,18,17,16,15,10,11,12,13,14,9,8,7,6,5,0,1,2,4,3"
4 2 FALSE 5.21959616025231e-05 1 FALSE 9.05901754577335e-05 FALSE 4.72844131975768e-09 "0,1,6,5,10,11,12,13,14,19,18,17,16,15,9,8,7,2,3,4" "4,3,2,1,0,5,6,7,8,9,13,12,11,10,16,15,17,18,19,14"
4 2 FALSE 5.21959616025231e-05 2 FALSE 7.36105691298338e-05 FALSE 3.84217443984067e-09 "0,1,6,5,10,11,12,13,14,19,18,17,16,15,9,8,7,2,3,4" "4,3,2,1,0,5,6,7,8,9,13,14,19,18,17,16,15,11,10,12"
5 1 TRUE 0.000239369502363065 1 TRUE 0.000831747006014784 TRUE 1.99094866921728e-07 "0,1,2,3,4,9,8,7,6,5,10,11,12,13,14,19,18,17,16,15" "15,16,17,18,19,14,13,12,11,10,5,6,7,8,9,4,3,2,1,0"
5 1 TRUE 0.000239369502363065 2 FALSE 0.000357911133525737 FALSE 8.56730099222561e-08 "0,1,2,3,4,9,8,7,6,5,10,11,12,13,14,19,18,17,16,15" "15,16,17,18,19,14,13,12,11,10,5,6,7,8,9,3,2,1,0,4"
5 2 FALSE 3.19159336484087e-05 1 FALSE 0.000616211852718172 FALSE 1.96669766047162e-08 "0,1,2,3,4,9,8,7,6,5,10,11,12,13,14,19,18,17,15,16" "16,17,18,19,14,13,12,11,10,5,6,7,8,9,4,3,2,1,0,15"
5 2 FALSE 3.19159336484087e-05 2 FALSE 0.000138895251980984 FALSE 4.4329716463041e-09 "0,1,2,3,4,9,8,7,6,5,10,11,12,13,14,19,18,17,15,16" "16,17,18,19,14,13,12,11,10,5,6,7,8,9,3,2,1,0,4,15"
6 1 TRUE 0.000113720240508643 1 TRUE 0.000428451615809552 TRUE 4.87236207961791e-08 "0,1,2,3,4,9,8,7,6,5,10,11,12,13,14,19,18,17,16,15" "15,16,17,18,19,14,13,12,11,10,5,6,7,8,9,4,3,2,1,0"
6 1 TRUE 0.000113720240508643 2 FALSE 0.000217329760787112 FALSE 2.47147926663962e-08 "0,1,2,3,4,9,8,7,6,5,10,11,12,13,14,19,18,17,16,15" "15,16,17,18,19,14,13,12,11,10,5,6,7,8,9,3,2,1,0,4"
6 2 FALSE 3.54074008909695e-05 1 FALSE 0.000152035674115636 FALSE 5.38318806314111e-09 "0,1,2,3,4,9,8,7,6,5,10,11,12,13,14,18,17,16,15,19" "19,18,17,16,15,10,11,12,13,14,9,8,7,2,1,0,5,6,3,4"
6 2 FALSE 3.54074008909695e-05 2 FALSE 0.000145647620581365 FALSE 5.15700369074022e-09 "0,1,2,3,4,9,8,7,6,5,10,11,12,13,14,18,17,16,15,19" "19,18,17,16,15,10,11,12,13,14,9,8,7,6,5,0,1,2,3,4"
7 1 TRUE 0.000285234534067409 1 FALSE 8.60366177262851e-05 FALSE 2.45406145698928e-08 "0,1,2,3,4,9,8,7,6,5,10,11,12,13,14,19,18,17,16,15" "15,16,17,18,19,14,13,12,11,10,5,6,7,8,9,3,2,1,0,4"
7 1 TRUE 0.000285234534067409 2 FALSE 5.89560129609248e-05 FALSE 1.68162908873815e-08 "0,1,2,3,4,9,8,7,6,5,10,11,12,13,14,19,18,17,16,15" "15,16,17,18,19,13,14,9,8,7,6,5,10,11,12,1,0,2,3,4"
7 2 FALSE 3.80312712089879e-05 1 FALSE 0.000263945523157314 FALSE 1.0038183775594e-08 "0,1,2,3,4,9,8,7,6,5,10,11,12,13,14,19,18,17,15,16" "16,15,10,11,12,13,14,9,8,7,6,5,0,1,2,3,4,17,18,19"
7 2 FALSE 3.80312712089879e-05 2 FALSE 0.000205572955535985 FALSE 7.81820082522224e-09 "0,1,2,3,4,9,8,7,6,5,10,11,12,13,14,19,18,17,15,16" "16,15,10,11,12,13,14,9,8,7,6,5,0,1,2,3,4,18,19,17"
8 1 TRUE 0.000759850311858159 1 TRUE 0.000236163211915594 TRUE 1.79448690223489e-07 "0,1,2,3,4,9,8,7,6,5,10,11,12,13,14,19,18,17,16,15" "15,16,17,18,19,14,13,12,11,10,5,6,7,8,9,4,3,2,1,0"
8 1 TRUE 0.000759850311858159 2 FALSE 0.000122045795017963 FALSE 9.27365354053759e-08 "0,1,2,3,4,9,8,7,6,5,10,11,12,13,14,19,18,17,16,15" "15,16,17,18,19,13,14,9,8,7,6,5,10,11,12,0,1,2,3,4"
8 2 FALSE 0.000278631130398714 1 TRUE 0.000236163211915594 FALSE 6.5802422694633e-08 "0,1,2,3,4,9,8,7,6,5,10,11,12,13,14,18,19,17,16,15" "15,16,17,18,19,14,13,12,11,10,5,6,7,8,9,4,3,2,1,0"
8 2 FALSE 0.000278631130398714 2 FALSE 0.000122045795017963 FALSE 3.40057578262647e-08 "0,1,2,3,4,9,8,7,6,5,10,11,12,13,14,18,19,17,16,15" "15,16,17,18,19,13,14,9,8,7,6,5,10,11,12,0,1,2,3,4"
9 1 TRUE 0.000218124374360295 1 TRUE 0.000113250722929477 TRUE 2.47027430848434e-08 "0,1,2,3,4,9,8,7,6,5,10,11,12,13,14,19,18,17,16,15" "15,16,17,18,19,14,13,12,11,10,5,6,7,8,9,4,3,2,1,0"
9 1 TRUE 0.000218124374360295 2 FALSE 7.79588674011919e-05 FALSE 1.70047291777222e-08 "0,1,2,3,4,9,8,7,6,5,10,11,12,13,14,19,18,17,16,15" "15,16,17,18,19,14,13,12,11,10,6,7,8,9,4,3,2,1,0,5"
9 2 FALSE 9.9147442891043e-05 1 FALSE 0.000170791576891856 FALSE 1.69335481161565e-08 "0,1,2,3,4,9,8,7,6,5,10,11,12,13,14,19,18,17,15,16" "16,17,18,19,14,13,12,11,10,5,6,7,8,9,4,3,2,1,0,15"
9 2 FALSE 9.9147442891043e-05 2 FALSE 7.35717561995687e-05 FALSE 7.29445149619047e-09 "0,1,2,3,4,9,8,7,6,5,10,11,12,13,14,19,18,17,15,16" "16,17,18,19,14,13,12,11,10,15,5,6,7,8,9,4,3,2,1,0"
10 1 TRUE 0.000588326432797355 1 TRUE 0.000307847849434252 TRUE 1.8111502710199e-07 "0,1,2,3,4,9,8,7,6,5,10,11,12,13,14,19,18,17,16,15" "15,16,17,18,19,14,13,12,11,10,5,6,7,8,9,4,3,2,1,0"
10 1 TRUE 0.000588326432797355 2 FALSE 9.78949362941455e-05 FALSE 5.75941786588589e-08 "0,1,2,3,4,9,8,7,6,5,10,11,12,13,14,19,18,17,16,15" "15,16,17,18,19,14,13,12,11,10,5,6,7,8,9,3,4,2,1,0"
10 2 FALSE 0.000414591281560014 1 FALSE 0.00036423917009407 FALSE 1.51010384323656e-07 "0,1,2,3,4,9,8,7,6,5,10,11,12,13,14,18,17,16,15,19" "19,18,17,16,15,10,11,12,13,14,9,8,7,6,5,0,1,2,3,4"
10 2 FALSE 0.000414591281560014 2 FALSE 0.000259538841848406 FALSE 1.07602541056533e-07 "0,1,2,3,4,9,8,7,6,5,10,11,12,13,14,18,17,16,15,19" "19,18,17,16,15,10,11,12,13,14,9,8,7,6,5,1,2,3,4,0"
11 1 TRUE 0.000681029030156031 1 TRUE 0.000955119263309189 TRUE 6.504639455748e-07 "0,1,2,3,4,9,8,7,6,5,10,11,12,13,14,19,18,17,16,15" "15,16,17,18,19,14,13,12,11,10,5,6,7,8,9,4,3,2,1,0"
11 1 TRUE 0.000681029030156031 2 FALSE 0.000341030036885045 FALSE 2.32251355273898e-07 "0,1,2,3,4,9,8,7,6,5,10,11,12,13,14,19,18,17,16,15" "15,16,17,18,19,14,13,12,11,10,5,6,7,2,3,4,9,8,1,0"
11 2 FALSE 0.000256387399588153 1 TRUE 0.000955119263309189 FALSE 2.44880544216395e-07 "0,1,2,3,4,9,8,7,6,5,10,11,12,13,14,18,19,17,16,15" "15,16,17,18,19,14,13,12,11,10,5,6,7,8,9,4,3,2,1,0"
11 2 FALSE 0.000256387399588153 2 FALSE 0.000341030036885045 FALSE 8.74358043384086e-08 "0,1,2,3,4,9,8,7,6,5,10,11,12,13,14,18,19,17,16,15" "15,16,17,18,19,14,13,12,11,10,5,6,7,2,3,4,9,8,1,0"
