"expNo" "Rank" "isCorrect" "prob" "verifyRank" "verifyIsCorrect" "verifyProb" "match" "jointProb" "computedSeq" "verifySeq"
1 1 TRUE 0.0143202173870793 1 TRUE 0.0259450643778024 TRUE 0.000371538962011897 "0,1,2,3,4,5,6,7,8,9,19,18,17,16,15,14,13,12,11,10" "10,11,12,13,14,15,16,17,18,19,9,8,7,6,5,4,3,2,1,0"
1 1 TRUE 0.0143202173870793 2 FALSE 0.010895397533408 FALSE 0.00015602446119705 "0,1,2,3,4,5,6,7,8,9,19,18,17,16,15,14,13,12,11,10" "10,11,12,13,14,15,16,17,18,19,8,7,6,5,4,3,2,1,0,9"
1 2 FALSE 0.00675095962533738 1 TRUE 0.0259450643778024 FALSE 0.000175154082091323 "0,1,2,3,4,5,6,7,8,9,18,19,17,16,15,14,13,12,11,10" "10,11,12,13,14,15,16,17,18,19,9,8,7,6,5,4,3,2,1,0"
1 2 FALSE 0.00675095962533738 2 FALSE 0.010895397533408 FALSE 7.3554388850038e-05 "0,1,2,3,4,5,6,7,8,9,18,19,17,16,15,14,13,12,11,10" "10,11,12,13,14,15,16,17,18,19,8,7,6,5,4,3,2,1,0,9"
2 1 TRUE 0.00984995116961826 1 TRUE 0.0159989706051629 TRUE 0.000157589079225012 "0,1,2,3,4,5,6,7,8,9,19,18,17,16,15,14,13,12,11,10" "10,11,12,13,14,15,16,17,18,19,9,8,7,6,5,4,3,2,1,0"
2 1 TRUE 0.00984995116961826 2 FALSE 0.0103882204971023 FALSE 0.000102323464635685 "0,1,2,3,4,5,6,7,8,9,19,18,17,16,15,14,13,12,11,10" "10,11,12,13,14,15,16,17,18,19,8,7,6,5,4,3,2,1,0,9"
2 2 FALSE 0.00402038823249725 1 FALSE 0.0245187107462759 FALSE 9.85747361603316e-05 "0,1,2,3,4,5,6,7,8,9,18,17,16,15,14,13,12,11,10,19" "19,18,17,16,15,14,13,12,11,10,0,1,2,3,4,5,6,7,8,9"
2 2 FALSE 0.00402038823249725 2 FALSE 0.00256862684008605 FALSE 1.03268771215585e-05 "0,1,2,3,4,5,6,7,8,9,18,17,16,15,14,13,12,11,10,19" "19,18,17,16,15,14,13,12,11,10,0,1,2,3,4,5,6,8,7,9"
3 1 TRUE 0.03670104170551 1 TRUE 0.00738267934473991 TRUE 0.000270952022529706 "0,1,2,3,4,5,6,7,8,9,19,18,17,16,15,14,13,12,11,10" "10,11,12,13,14,15,16,17,18,19,9,8,7,6,5,4,3,2,1,0"
3 1 TRUE 0.03670104170551 2 FALSE 0.00290941426160838 FALSE 0.000106778534153895 "0,1,2,3,4,5,6,7,8,9,19,18,17,16,15,14,13,12,11,10" "10,11,12,13,14,15,16,17,18,19,8,9,7,6,5,4,3,2,1,0"
3 2 FALSE 0.0149687859407688 1 TRUE 0.00738267934473991 FALSE 0.000110509746780747 "0,1,2,3,4,5,6,7,8,9,18,19,17,16,15,14,13,12,11,10" "10,11,12,13,14,15,16,17,18,19,9,8,7,6,5,4,3,2,1,0"
3 2 FALSE 0.0149687859407688 2 FALSE 0.00290941426160838 FALSE 4.35503992950358e-05 "0,1,2,3,4,5,6,7,8,9,18,19,17,16,15,14,13,12,11,10" "10,11,12,13,14,15,16,17,18,19,8,9,7,6,5,4,3,2,1,0"
4 1 TRUE 0.0169239831606261 1 TRUE 0.00816910912347278 TRUE 0.00013825386524297 "0,1,2,3,4,5,6,7,8,9,19,18,17,16,15,14,13,12,11,10" "10,11,12,13,14,15,16,17,18,19,9,8,7,6,5,4,3,2,1,0"
4 1 TRUE 0.0169239831606261 2 FALSE 0.00272303637449093 FALSE 4.60846217476567e-05 "0,1,2,3,4,5,6,7,8,9,19,18,17,16,15,14,13,12,11,10" "10,11,12,13,14,15,16,17,18,19,9,8,7,6,5,4,3,2,0,1"
4 2 FALSE 0.0108023429315955 1 TRUE 0.00816910912347278 FALSE 8.82455181973783e-05 "0,1,2,3,4,5,6,7,8,9,18,19,17,16,15,14,13,12,11,10" "10,11,12,13,14,15,16,17,18,19,9,8,7,6,5,4,3,2,1,0"
4 2 FALSE 0.0108023429315955 2 FALSE 0.00272303637449093 FALSE 2.94151727324594e-05 "0,1,2,3,4,5,6,7,8,9,18,19,17,16,15,14,13,12,11,10" "10,11,12,13,14,15,16,17,18,19,9,8,7,6,5,4,3,2,0,1"
5 1 TRUE 0.0237788581284611 1 TRUE 0.0194382043195181 TRUE 0.00046221830278586 "0,1,2,3,4,5,6,7,8,9,19,18,17,16,15,14,13,12,11,10" "10,11,12,13,14,15,16,17,18,19,9,8,7,6,5,4,3,2,1,0"
5 1 TRUE 0.0237788581284611 2 FALSE 0.00999507666552998 FALSE 0.000237671510012729 "0,1,2,3,4,5,6,7,8,9,19,18,17,16,15,14,13,12,11,10" "10,11,12,13,14,15,16,17,18,19,8,7,6,5,4,3,2,1,0,9"
5 2 FALSE 0.0033969797326373 1 FALSE 0.012464748519891 FALSE 4.23424980944904e-05 "0,1,2,3,4,5,6,7,8,9,19,18,17,16,15,14,13,12,10,11" "11,12,13,14,15,16,17,18,19,9,8,7,6,5,4,3,2,1,0,10"
5 2 FALSE 0.0033969797326373 2 FALSE 0.00603232274049045 FALSE 2.04916780901731e-05 "0,1,2,3,4,5,6,7,8,9,19,18,17,16,15,14,13,12,10,11" "11,12,13,14,15,16,17,18,19,8,7,6,5,4,3,2,1,0,10,9"
6 1 TRUE 0.00594800871838145 1 TRUE 0.0287802806470793 TRUE 0.000171185360206292 "0,1,2,3,4,5,6,7,8,9,19,18,17,16,15,14,13,12,11,10" "10,11,12,13,14,15,16,17,18,19,9,8,7,6,5,4,3,2,1,0"
6 1 TRUE 0.00594800871838145 2 FALSE 0.00464354107919262 FALSE 2.76198228232001e-05 "0,1,2,3,4,5,6,7,8,9,19,18,17,16,15,14,13,12,11,10" "10,11,12,13,14,15,16,17,18,19,9,8,7,6,5,3,2,1,0,4"
6 2 FALSE 0.00355558078842837 1 TRUE 0.0287802806470793 FALSE 0.000102330612954332 "0,1,2,3,4,5,6,7,8,9,18,19,17,16,15,14,13,12,11,10" "10,11,12,13,14,15,16,17,18,19,9,8,7,6,5,4,3,2,1,0"
6 2 FALSE 0.00355558078842837 2 FALSE 0.00464354107919262 FALSE 1.65104854514552e-05 "0,1,2,3,4,5,6,7,8,9,18,19,17,16,15,14,13,12,11,10" "10,11,12,13,14,15,16,17,18,19,9,8,7,6,5,3,2,1,0,4"
7 1 TRUE 0.0098052022509076 1 FALSE 0.00569037412900888 FALSE 5.57952692182642e-05 "0,1,2,3,4,5,6,7,8,9,19,18,17,16,15,14,13,12,11,10" "10,11,12,13,14,15,16,17,18,19,8,7,6,5,4,3,2,1,0,9"
7 1 TRUE 0.0098052022509076 2 TRUE 0.00521784013700931 TRUE 5.11619778562797e-05 "0,1,2,3,4,5,6,7,8,9,19,18,17,16,15,14,13,12,11,10" "10,11,12,13,14,15,16,17,18,19,9,8,7,6,5,4,3,2,1,0"
7 2 FALSE 0.00316805511323184 1 FALSE 0.00569037412900888 FALSE 1.80274188556088e-05 "0,1,2,3,4,5,6,7,8,9,18,19,17,16,15,14,13,12,11,10" "10,11,12,13,14,15,16,17,18,19,8,7,6,5,4,3,2,1,0,9"
7 2 FALSE 0.00316805511323184 2 TRUE 0.00521784013700931 FALSE 1.65304051260787e-05 "0,1,2,3,4,5,6,7,8,9,18,19,17,16,15,14,13,12,11,10" "10,11,12,13,14,15,16,17,18,19,9,8,7,6,5,4,3,2,1,0"
8 1 TRUE 0.0449261721947586 1 TRUE 0.00947138821148529 TRUE 0.000425513217712595 "0,1,2,3,4,5,6,7,8,9,19,18,17,16,15,14,13,12,11,10" "10,11,12,13,14,15,16,17,18,19,9,8,7,6,5,4,3,2,1,0"
8 1 TRUE 0.0449261721947586 2 FALSE 0.00602623998485146 FALSE 0.000270735895246376 "0,1,2,3,4,5,6,7,8,9,19,18,17,16,15,14,13,12,11,10" "10,11,12,13,14,15,16,17,18,19,8,9,7,6,5,4,3,2,1,0"
8 2 FALSE 0.0152999348031686 1 TRUE 0.00947138821148529 FALSE 0.000144911622131224 "0,1,2,3,4,5,6,7,8,9,17,18,19,16,15,14,13,12,11,10" "10,11,12,13,14,15,16,17,18,19,9,8,7,6,5,4,3,2,1,0"
8 2 FALSE 0.0152999348031686 2 FALSE 0.00602623998485146 FALSE 9.22010788764748e-05 "0,1,2,3,4,5,6,7,8,9,17,18,19,16,15,14,13,12,11,10" "10,11,12,13,14,15,16,17,18,19,8,9,7,6,5,4,3,2,1,0"
9 1 TRUE 0.00616191398834007 1 TRUE 0.0184777178951272 TRUE 0.000113858108370586 "0,1,2,3,4,5,6,7,8,9,19,18,17,16,15,14,13,12,11,10" "10,11,12,13,14,15,16,17,18,19,9,8,7,6,5,4,3,2,1,0"
9 1 TRUE 0.00616191398834007 2 FALSE 0.00923885894756362 FALSE 5.6929054185293e-05 "0,1,2,3,4,5,6,7,8,9,19,18,17,16,15,14,13,12,11,10" "10,11,12,13,14,15,16,17,18,19,8,7,6,5,4,3,2,1,0,9"
9 2 FALSE 0.0014219801511554 1 FALSE 0.0110866307370763 FALSE 1.57649688513119e-05 "0,1,2,3,4,5,6,7,8,9,19,18,17,16,15,14,13,12,10,11" "11,12,13,14,15,16,17,18,19,9,8,7,6,5,4,3,2,1,0,10"
9 2 FALSE 0.0014219801511554 2 FALSE 0.00552166179287982 FALSE 7.85169347086824e-06 "0,1,2,3,4,5,6,7,8,9,19,18,17,16,15,14,13,12,10,11" "11,12,13,14,15,16,17,18,19,8,7,6,5,4,3,2,1,0,10,9"
10 1 TRUE 0.00392750980802052 1 TRUE 0.0152548754679814 TRUE 5.99136730206286e-05 "0,1,2,3,4,5,6,7,8,9,19,18,17,16,15,14,13,12,11,10" "10,11,12,13,14,15,16,17,18,19,9,8,7,6,5,4,3,2,1,0"
10 1 TRUE 0.00392750980802052 2 FALSE 0.0102097990060216 FALSE 4.00990857340678e-05 "0,1,2,3,4,5,6,7,8,9,19,18,17,16,15,14,13,12,11,10" "10,11,12,13,14,15,16,17,18,19,8,7,6,5,4,3,2,1,0,9"
10 2 FALSE 0.00268676850743748 1 TRUE 0.0152548754679814 FALSE 4.0986318992253e-05 "0,1,2,3,4,5,6,7,8,9,18,19,17,16,15,14,13,12,11,10" "10,11,12,13,14,15,16,17,18,19,9,8,7,6,5,4,3,2,1,0"
10 2 FALSE 0.00268676850743748 2 FALSE 0.0102097990060216 FALSE 2.74313664366452e-05 "0,1,2,3,4,5,6,7,8,9,18,19,17,16,15,14,13,12,11,10" "10,11,12,13,14,15,16,17,18,19,8,7,6,5,4,3,2,1,0,9"
11 1 TRUE 0.00517198210192496 1 FALSE 0.01630055089039 FALSE 8.43061574566141e-05 "0,1,2,3,4,5,6,7,8,9,19,18,17,16,15,14,13,12,11,10" "10,11,12,13,14,15,16,17,18,19,8,7,6,5,4,3,2,1,0,9"
11 1 TRUE 0.00517198210192496 2 TRUE 0.0104961184624637 TRUE 5.42857368275463e-05 "0,1,2,3,4,5,6,7,8,9,19,18,17,16,15,14,13,12,11,10" "10,11,12,13,14,15,16,17,18,19,9,8,7,6,5,4,3,2,1,0"
11 2 FALSE 0.00238608713748347 1 FALSE 0.01630055089039 FALSE 3.88945348134544e-05 "0,1,2,3,4,5,6,7,8,9,18,19,17,16,15,14,13,12,11,10" "10,11,12,13,14,15,16,17,18,19,8,7,6,5,4,3,2,1,0,9"
11 2 FALSE 0.00238608713748347 2 TRUE 0.0104961184624637 FALSE 2.50446532567874e-05 "0,1,2,3,4,5,6,7,8,9,18,19,17,16,15,14,13,12,11,10" "10,11,12,13,14,15,16,17,18,19,9,8,7,6,5,4,3,2,1,0"
12 1 TRUE 0.0347371550697098 1 TRUE 0.0278517637662346 TRUE 0.000967491036912615 "0,1,2,3,4,5,6,7,8,9,19,18,17,16,15,14,13,12,11,10" "10,11,12,13,14,15,16,17,18,19,9,8,7,6,5,4,3,2,1,0"
12 1 TRUE 0.0347371550697098 2 FALSE 0.0252138332459303 FALSE 0.000875856835365684 "0,1,2,3,4,5,6,7,8,9,19,18,17,16,15,14,13,12,11,10" "10,11,12,13,14,15,16,17,18,19,8,9,7,6,5,4,3,2,1,0"
12 2 FALSE 0.00496245072424426 1 FALSE 0.0109601848154164 FALSE 5.43893770751139e-05 "0,1,2,3,4,5,6,7,8,9,19,18,17,16,15,14,13,12,10,11" "11,12,13,14,15,16,17,18,19,9,8,7,6,5,4,3,2,1,0,10"
12 2 FALSE 0.00496245072424426 2 FALSE 0.00992211030511144 FALSE 4.92379834696317e-05 "0,1,2,3,4,5,6,7,8,9,19,18,17,16,15,14,13,12,10,11" "11,12,13,14,15,16,17,18,19,8,9,7,6,5,4,3,2,1,0,10"
13 1 TRUE 0.00778025758065112 1 TRUE 0.00367165047005395 TRUE 2.85663864031385e-05 "0,1,2,3,4,5,6,7,8,9,19,18,17,16,15,14,13,12,11,10" "10,11,12,13,14,15,16,17,18,19,9,8,7,6,5,4,3,2,1,0"
13 1 TRUE 0.00778025758065112 2 FALSE 0.000501573680284155 FALSE 3.90237242828588e-06 "0,1,2,3,4,5,6,7,8,9,19,18,17,16,15,14,13,12,11,10" "10,11,12,13,14,15,16,17,18,19,9,8,7,6,5,4,3,1,0,2"
13 2 FALSE 0.00660911171858629 1 TRUE 0.00367165047005395 FALSE 2.42663481481864e-05 "0,1,2,3,4,5,6,7,8,9,18,19,17,16,15,14,13,12,11,10" "10,11,12,13,14,15,16,17,18,19,9,8,7,6,5,4,3,2,1,0"
13 2 FALSE 0.00660911171858629 2 FALSE 0.000501573680284155 FALSE 3.31495648810046e-06 "0,1,2,3,4,5,6,7,8,9,18,19,17,16,15,14,13,12,11,10" "10,11,12,13,14,15,16,17,18,19,9,8,7,6,5,4,3,1,0,2"
14 1 TRUE 0.0221222129913207 1 TRUE 0.0160179102317348 TRUE 0.000354351621822291 "0,1,2,3,4,5,6,7,8,9,19,18,17,16,15,14,13,12,11,10" "10,11,12,13,14,15,16,17,18,19,9,8,7,6,5,4,3,2,1,0"
14 1 TRUE 0.0221222129913207 2 FALSE 0.00667412926322282 FALSE 0.000147646509092621 "0,1,2,3,4,5,6,7,8,9,19,18,17,16,15,14,13,12,11,10" "10,11,12,13,14,15,16,17,18,19,9,8,7,6,5,4,3,2,0,1"
14 2 FALSE 0.00657292642899384 1 TRUE 0.0160179102317348 FALSE 0.00010528454549942 "0,1,2,3,4,5,6,7,8,9,18,19,17,16,15,14,13,12,11,10" "10,11,12,13,14,15,16,17,18,19,9,8,7,6,5,4,3,2,1,0"
14 2 FALSE 0.00657292642899384 2 FALSE 0.00667412926322282 FALSE 4.38685606247585e-05 "0,1,2,3,4,5,6,7,8,9,18,19,17,16,15,14,13,12,11,10" "10,11,12,13,14,15,16,17,18,19,9,8,7,6,5,4,3,2,0,1"
