"expNo" "Rank" "isCorrect" "prob" "verifyRank" "verifyIsCorrect" "verifyProb" "match" "jointProb" "computedSeq" "verifySeq"
1 1 FALSE 2.94265225015741e-09 1 FALSE 2.94521020932902e-09 FALSE 8.66672944966861e-18 "0,5,6,7,12,11,16,17,18,13,8,9,4,3,2,1,10,15,14,19" "19,14,13,8,9,4,3,2,1,0,5,6,7,12,11,16,17,18,15,10"
1 1 FALSE 2.94265225015741e-09 2 FALSE 2.35616816746322e-09 FALSE 6.93338355973489e-18 "0,5,6,7,12,11,16,17,18,13,8,9,4,3,2,1,10,15,14,19" "19,14,13,8,9,4,3,2,1,0,5,6,7,12,11,16,17,18,10,15"
1 2 FALSE 1.16284220221556e-09 1 FALSE 5.92550369977944e-09 FALSE 6.89042577148799e-18 "0,5,6,7,12,11,16,17,18,13,8,9,4,3,2,1,15,10,19,14" "14,13,8,9,4,3,2,1,0,5,6,7,12,11,16,17,18,19,10,15"
1 2 FALSE 1.16284220221556e-09 2 FALSE 3.77077508167782e-09 FALSE 4.38481640003781e-18 "0,5,6,7,12,11,16,17,18,13,8,9,4,3,2,1,15,10,19,14" "14,13,8,9,4,3,2,1,0,5,6,7,12,11,16,17,18,19,15,10"
2 1 FALSE 2.05660240678991e-10 1 FALSE 5.58724112861966e-10 FALSE 1.14907335524347e-19 "0,5,6,7,8,9,14,19,18,17,12,13,11,10,15,16,4,3,2,1" "1,2,7,6,5,10,15,16,17,12,13,14,19,18,9,8,3,4,11,0"
2 1 FALSE 2.05660240678991e-10 2 FALSE 5.39118907082154e-10 FALSE 1.1087532418511e-19 "0,5,6,7,8,9,14,19,18,17,12,13,11,10,15,16,4,3,2,1" "1,2,7,6,5,10,15,16,17,12,13,14,19,18,3,4,9,8,11,0"
2 2 FALSE 1.41070800012233e-10 1 FALSE 2.08304890714922e-09 FALSE 2.93857375796148e-19 "0,5,6,7,8,9,14,19,18,17,12,13,11,10,15,16,2,1,4,3" "3,2,1,0,4,9,8,7,6,5,10,15,16,17,18,13,14,19,12,11"
2 2 FALSE 1.41070800012233e-10 2 FALSE 2.0415297019022e-09 FALSE 2.88000228296079e-19 "0,5,6,7,8,9,14,19,18,17,12,13,11,10,15,16,2,1,4,3" "3,2,1,0,4,9,8,7,6,5,10,15,16,17,12,13,18,14,19,11"
3 1 FALSE 8.44699601410155e-10 1 FALSE 3.4644275190158e-10 FALSE 2.92640054442702e-19 "0,1,6,11,16,17,12,7,8,9,4,3,2,13,14,19,18,10,15,5" "5,6,7,8,9,4,3,11,12,13,14,19,18,17,16,15,10,2,1,0"
3 1 FALSE 8.44699601410155e-10 2 FALSE 3.19016034042705e-10 FALSE 2.69472716799322e-19 "0,1,6,11,16,17,12,7,8,9,4,3,2,13,14,19,18,10,15,5" "5,6,7,8,9,4,3,11,12,13,14,19,18,17,16,15,10,0,1,2"
3 2 FALSE 6.0609938932352e-10 1 FALSE 3.4644275190158e-10 FALSE 2.09978740363108e-19 "0,1,6,11,16,17,12,7,8,9,4,3,2,13,14,19,18,15,10,5" "5,6,7,8,9,4,3,11,12,13,14,19,18,17,16,15,10,2,1,0"
3 2 FALSE 6.0609938932352e-10 2 FALSE 3.19016034042705e-10 FALSE 1.93355423417695e-19 "0,1,6,11,16,17,12,7,8,9,4,3,2,13,14,19,18,15,10,5" "5,6,7,8,9,4,3,11,12,13,14,19,18,17,16,15,10,0,1,2"
4 1 FALSE 1.65957133809746e-09 1 FALSE 1.64677334768775e-09 FALSE 2.73293784816539e-18 "0,1,6,7,2,3,4,9,8,14,13,12,17,18,19,15,16,11,10,5" "5,10,11,12,7,2,1,6,0,17,18,19,14,13,8,3,4,9,15,16"
4 1 FALSE 1.65957133809746e-09 2 FALSE 1.63437344431421e-09 FALSE 2.71235932393148e-18 "0,1,6,7,2,3,4,9,8,14,13,12,17,18,19,15,16,11,10,5" "5,10,11,12,7,2,1,6,0,17,18,19,9,14,13,8,3,4,16,15"
4 2 FALSE 1.53212685761831e-09 1 FALSE 1.90245633760066e-09 FALSE 2.91480445028415e-18 "0,1,6,7,2,3,4,9,13,12,17,18,19,14,15,16,11,10,5,8" "8,3,2,1,6,7,12,17,18,13,14,19,0,5,10,11,15,16,9,4"
4 2 FALSE 1.53212685761831e-09 2 FALSE 1.7995986203861e-09 FALSE 2.7572133792264e-18 "0,1,6,7,2,3,4,9,13,12,17,18,19,14,15,16,11,10,5,8" "8,3,2,1,6,7,12,17,18,13,14,19,0,5,10,11,16,15,4,9"
5 1 FALSE 1.43731313438738e-09 1 FALSE 3.87656271899207e-10 FALSE 5.57183451228378e-19 "0,1,2,3,8,7,6,11,16,15,10,5,19,18,13,12,17,14,9,4" "4,3,8,7,6,1,2,18,19,16,15,10,11,12,13,14,9,0,5,17"
5 1 FALSE 1.43731313438738e-09 2 FALSE 3.44331772585696e-10 FALSE 4.9491257932431e-19 "0,1,2,3,8,7,6,11,16,15,10,5,19,18,13,12,17,14,9,4" "4,3,8,7,6,1,2,18,19,16,15,10,11,12,13,17,14,9,5,0"
5 2 FALSE 1.04244688867656e-09 1 FALSE 1.09275233728853e-09 FALSE 1.13913627410047e-18 "0,1,2,3,8,7,6,11,16,15,10,5,19,18,13,14,9,4,17,12" "12,7,8,9,4,3,2,1,6,11,16,15,10,5,0,19,18,13,14,17"
5 2 FALSE 1.04244688867656e-09 2 FALSE 1.07862708117404e-09 FALSE 1.12441144481216e-18 "0,1,2,3,8,7,6,11,16,15,10,5,19,18,13,14,9,4,17,12" "12,7,8,9,4,3,2,1,6,11,16,15,10,5,0,14,13,18,19,17"
6 1 FALSE 1.94412342527705e-09 1 FALSE 4.02004381513805e-10 FALSE 7.81546135165001e-19 "0,5,10,11,12,13,14,9,8,7,6,1,17,16,15,2,3,4,19,18" "18,17,9,14,13,12,11,6,1,0,5,10,15,16,2,3,8,7,4,19"
6 1 FALSE 1.94412342527705e-09 2 FALSE 3.61803943362425e-10 FALSE 7.03391521648501e-19 "0,5,10,11,12,13,14,9,8,7,6,1,17,16,15,2,3,4,19,18" "18,17,9,14,13,12,11,6,1,0,5,10,15,16,2,3,4,7,8,19"
6 2 FALSE 1.74971108274935e-09 1 FALSE 1.56070212234609e-09 FALSE 2.73077780033937e-18 "0,5,10,11,12,13,14,9,8,7,6,1,17,16,15,2,3,4,18,19" "19,18,13,14,9,8,7,6,1,0,5,10,11,12,17,16,15,2,3,4"
6 2 FALSE 1.74971108274935e-09 2 FALSE 9.48742605952489e-10 FALSE 1.66002545231157e-18 "0,5,10,11,12,13,14,9,8,7,6,1,17,16,15,2,3,4,18,19" "19,18,13,14,9,8,7,6,1,0,5,10,11,12,17,16,15,4,3,2"
7 1 FALSE 6.14338688998838e-09 1 FALSE 4.26345155846138e-09 FALSE 2.61920324103521e-17 "0,5,11,16,17,18,19,14,13,8,9,4,3,2,7,6,1,15,10,12" "12,17,18,19,14,13,8,9,4,3,2,7,6,1,0,5,10,11,16,15"
7 1 FALSE 6.14338688998838e-09 2 FALSE 2.29570468532536e-09 FALSE 1.41034020671127e-17 "0,5,11,16,17,18,19,14,13,8,9,4,3,2,7,6,1,15,10,12" "12,17,18,19,14,13,8,9,4,3,2,7,6,1,0,5,10,16,15,11"
7 2 FALSE 5.02640745544504e-09 1 FALSE 4.26345155846138e-09 FALSE 2.1429844699379e-17 "0,5,11,16,17,18,19,14,13,8,9,4,3,2,7,6,1,10,15,12" "12,17,18,19,14,13,8,9,4,3,2,7,6,1,0,5,10,11,16,15"
7 2 FALSE 5.02640745544504e-09 2 FALSE 2.29570468532536e-09 FALSE 1.15391471458195e-17 "0,5,11,16,17,18,19,14,13,8,9,4,3,2,7,6,1,10,15,12" "12,17,18,19,14,13,8,9,4,3,2,7,6,1,0,5,10,16,15,11"
8 1 FALSE 6.24808055730301e-10 1 FALSE 2.03554541583917e-09 FALSE 1.2718251736212e-18 "0,5,6,11,10,3,2,7,12,13,18,19,14,9,4,8,15,16,17,1" "1,2,3,8,9,18,19,14,13,17,12,11,10,5,0,6,7,16,15,4"
8 1 FALSE 6.24808055730301e-10 2 FALSE 1.83538974415183e-09 FALSE 1.14676629755084e-18 "0,5,6,11,10,3,2,7,12,13,18,19,14,9,4,8,15,16,17,1" "1,2,3,8,9,18,19,14,13,17,12,11,10,5,0,6,7,4,16,15"
8 2 FALSE 6.09396123688954e-10 1 FALSE 1.56787641708241e-09 FALSE 9.55457810993343e-19 "0,5,6,11,10,3,2,7,12,13,18,19,14,9,8,15,16,17,1,4" "4,9,14,13,18,17,12,11,10,5,0,2,3,7,6,8,15,16,1,19"
8 2 FALSE 6.09396123688954e-10 2 FALSE 1.48394863434266e-09 FALSE 9.0431254552193e-19 "0,5,6,11,10,3,2,7,12,13,18,19,14,9,8,15,16,17,1,4" "4,9,14,13,18,17,12,11,10,5,0,2,3,7,8,15,16,6,1,19"
9 1 FALSE 5.0451095238675e-09 1 FALSE 9.24899972178015e-10 FALSE 4.66622165826009e-18 "0,5,10,11,12,7,8,13,14,9,3,4,15,16,17,18,19,1,2,6" "6,7,8,13,12,11,10,5,16,17,18,19,14,9,0,1,2,3,4,15"
9 1 FALSE 5.0451095238675e-09 2 FALSE 3.18285415526847e-10 FALSE 1.60578478118262e-18 "0,5,10,11,12,7,8,13,14,9,3,4,15,16,17,18,19,1,2,6" "6,7,8,13,12,11,10,5,16,17,18,19,14,9,0,1,2,15,3,4"
9 2 FALSE 3.77708734407193e-09 1 FALSE 9.24899972178015e-10 FALSE 3.49342797944606e-18 "0,5,10,11,12,7,8,13,14,9,3,4,15,16,17,18,19,2,1,6" "6,7,8,13,12,11,10,5,16,17,18,19,14,9,0,1,2,3,4,15"
9 2 FALSE 3.77708734407193e-09 2 FALSE 3.18285415526847e-10 FALSE 1.20219181478913e-18 "0,5,10,11,12,7,8,13,14,9,3,4,15,16,17,18,19,2,1,6" "6,7,8,13,12,11,10,5,16,17,18,19,14,9,0,1,2,15,3,4"
10 1 FALSE 2.09551911411042e-09 1 FALSE 2.17875305457941e-09 FALSE 4.56561867079763e-18 "0,1,6,5,10,11,12,13,8,9,4,3,2,19,14,18,17,16,15,7" "7,8,9,4,3,2,1,0,5,6,11,12,13,18,19,14,17,16,15,10"
10 1 FALSE 2.09551911411042e-09 2 FALSE 1.78261613556497e-09 FALSE 3.73550618519806e-18 "0,1,6,5,10,11,12,13,8,9,4,3,2,19,14,18,17,16,15,7" "7,8,9,4,3,2,1,0,5,6,11,12,13,18,19,14,15,16,17,10"
10 2 FALSE 1.43097590053251e-09 1 FALSE 1.95972975281846e-10 FALSE 2.80432604783976e-19 "0,1,6,5,10,11,12,13,8,9,4,3,2,7,15,16,17,18,19,14" "14,9,8,13,12,17,16,15,6,1,0,5,10,11,7,4,3,2,19,18"
10 2 FALSE 1.43097590053251e-09 2 FALSE 1.70313366437573e-10 FALSE 2.43714322910731e-19 "0,1,6,5,10,11,12,13,8,9,4,3,2,7,15,16,17,18,19,14" "14,9,8,13,12,17,16,15,6,1,0,5,10,11,7,2,3,4,19,18"
11 1 FALSE 3.87546576482104e-09 1 FALSE 2.08875881598995e-09 FALSE 8.09491328233717e-18 "0,5,6,7,8,13,12,17,16,11,10,15,3,2,1,4,14,19,18,9" "9,14,19,18,17,16,11,10,5,6,7,8,13,12,4,3,2,1,0,15"
11 1 FALSE 3.87546576482104e-09 2 FALSE 1.29241951739378e-09 FALSE 5.00872759344612e-18 "0,5,6,7,8,13,12,17,16,11,10,15,3,2,1,4,14,19,18,9" "9,14,19,18,17,16,11,10,5,6,7,8,13,12,4,3,2,15,1,0"
11 2 FALSE 2.19844603386212e-09 1 FALSE 2.58489976699054e-10 FALSE 5.68276264067146e-19 "0,5,6,7,8,13,12,17,16,11,10,15,3,2,1,4,14,9,19,18" "18,17,16,11,10,5,6,7,8,9,14,19,3,2,15,12,13,0,1,4"
11 2 FALSE 2.19844603386212e-09 2 FALSE 2.17853609533086e-10 FALSE 4.7893940384056e-19 "0,5,6,7,8,13,12,17,16,11,10,15,3,2,1,4,14,9,19,18" "18,17,16,11,10,5,6,7,8,9,14,19,3,2,1,0,12,13,4,15"
