"expNo" "Rank" "isCorrect" "prob" "verifyRank" "verifyIsCorrect" "verifyProb" "match" "jointProb" "computedSeq" "verifySeq"
1 1 TRUE 0.00652836104070371 1 TRUE 0.00390133181599752 TRUE 2.54693026344161e-05 "0,1,2,3,4,5,6,7,8,9,19,18,17,16,15,14,13,12,11,10" "10,11,12,13,14,15,16,17,18,19,9,8,7,6,5,4,3,2,1,0"
1 1 TRUE 0.00652836104070371 2 FALSE 0.00169057712026559 FALSE 1.1036697808247e-05 "0,1,2,3,4,5,6,7,8,9,19,18,17,16,15,14,13,12,11,10" "10,11,12,13,14,15,16,17,18,19,8,9,7,6,5,4,3,2,1,0"
1 2 FALSE 0.00264243184980864 1 FALSE 0.00352536851819688 FALSE 9.31554605479615e-06 "0,1,2,3,4,5,6,7,8,9,18,17,16,15,14,13,12,11,10,19" "19,18,17,16,15,14,13,12,11,10,0,1,2,3,4,5,6,7,8,9"
1 2 FALSE 0.00264243184980864 2 FALSE 0.00254295390436292 FALSE 6.71958238948384e-06 "0,1,2,3,4,5,6,7,8,9,18,17,16,15,14,13,12,11,10,19" "19,18,17,16,15,14,13,12,11,10,1,2,3,4,5,6,7,8,9,0"
2 1 TRUE 0.0130712872409067 1 FALSE 0.00353299347446527 FALSE 4.61807725249845e-05 "0,1,2,3,4,5,6,7,8,9,19,18,17,16,15,14,13,12,11,10" "10,0,1,2,3,4,5,6,7,8,9,19,18,17,16,15,14,13,12,11"
2 1 TRUE 0.0130712872409067 2 TRUE 0.00345147673369565 TRUE 4.51152437914422e-05 "0,1,2,3,4,5,6,7,8,9,19,18,17,16,15,14,13,12,11,10" "10,11,12,13,14,15,16,17,18,19,9,8,7,6,5,4,3,2,1,0"
2 2 FALSE 0.00522329160475791 1 FALSE 0.0106371520215593 FALSE 5.55609468527444e-05 "0,1,2,3,4,5,6,7,8,9,18,17,16,15,14,13,12,11,10,19" "19,18,17,16,15,14,13,12,11,10,0,1,2,3,4,5,6,7,8,9"
2 2 FALSE 0.00522329160475791 2 FALSE 0.00483506910070878 FALSE 2.52549758421566e-05 "0,1,2,3,4,5,6,7,8,9,18,17,16,15,14,13,12,11,10,19" "19,18,17,16,15,14,13,12,11,10,0,1,2,3,4,5,6,7,9,8"
3 1 TRUE 0.00698882525829597 1 TRUE 0.00618754286410856 TRUE 4.32436558554709e-05 "0,1,2,3,4,5,6,7,8,9,19,18,17,16,15,14,13,12,11,10" "10,11,12,13,14,15,16,17,18,19,9,8,7,6,5,4,3,2,1,0"
3 1 TRUE 0.00698882525829597 2 FALSE 0.00386405738044331 FALSE 2.70052218199471e-05 "0,1,2,3,4,5,6,7,8,9,19,18,17,16,15,14,13,12,11,10" "10,11,12,13,14,15,16,17,18,19,8,9,7,6,5,4,3,2,1,0"
3 2 FALSE 0.000998403608327996 1 FALSE 0.0039824870237141 FALSE 3.97612941459558e-06 "0,1,2,3,4,5,6,7,8,9,19,18,17,16,15,14,13,12,10,11" "11,12,13,14,15,16,17,18,19,9,8,7,6,5,4,3,2,1,0,10"
3 2 FALSE 0.000998403608327996 2 FALSE 0.00248702250868677 FALSE 2.48305224666581e-06 "0,1,2,3,4,5,6,7,8,9,19,18,17,16,15,14,13,12,10,11" "11,12,13,14,15,16,17,18,19,8,9,7,6,5,4,3,2,1,0,10"
4 1 TRUE 0.0068454174966384 1 TRUE 0.0140174705108173 TRUE 9.59554378933617e-05 "0,1,2,3,4,5,6,7,8,9,19,18,17,16,15,14,13,12,11,10" "10,11,12,13,14,15,16,17,18,19,9,8,7,6,5,4,3,2,1,0"
4 1 TRUE 0.0068454174966384 2 FALSE 0.00242833053726882 FALSE 1.66229363474413e-05 "0,1,2,3,4,5,6,7,8,9,19,18,17,16,15,14,13,12,11,10" "10,11,12,13,14,15,16,17,18,19,9,8,7,6,5,4,2,3,1,0"
4 2 FALSE 0.00380300972035467 1 FALSE 0.0108791763147013 FALSE 4.13736132742615e-05 "0,1,2,3,4,5,6,7,8,9,18,17,16,15,14,13,12,11,10,19" "19,18,17,16,15,14,13,12,11,10,0,1,2,3,4,5,6,7,8,9"
4 2 FALSE 0.00380300972035467 2 FALSE 0.00957367515693718 FALSE 3.64087796813501e-05 "0,1,2,3,4,5,6,7,8,9,18,17,16,15,14,13,12,11,10,19" "19,18,17,16,15,14,13,12,11,10,1,2,3,4,5,6,7,8,9,0"
5 1 TRUE 0.00693600610828677 1 TRUE 0.010790010503695 TRUE 7.48395787621068e-05 "0,1,2,3,4,5,6,7,8,9,19,18,17,16,15,14,13,12,11,10" "10,11,12,13,14,15,16,17,18,19,9,8,7,6,5,4,3,2,1,0"
5 1 TRUE 0.00693600610828677 2 FALSE 0.00359667016789833 FALSE 2.49465262540356e-05 "0,1,2,3,4,5,6,7,8,9,19,18,17,16,15,14,13,12,11,10" "10,11,12,13,14,15,16,17,18,19,9,8,7,6,5,4,3,2,0,1"
5 2 FALSE 0.00528203542092608 1 TRUE 0.010790010503695 FALSE 5.69932176726814e-05 "0,1,2,3,4,5,6,7,8,9,18,19,17,16,15,14,13,12,11,10" "10,11,12,13,14,15,16,17,18,19,9,8,7,6,5,4,3,2,1,0"
5 2 FALSE 0.00528203542092608 2 FALSE 0.00359667016789833 FALSE 1.89977392242271e-05 "0,1,2,3,4,5,6,7,8,9,18,19,17,16,15,14,13,12,11,10" "10,11,12,13,14,15,16,17,18,19,9,8,7,6,5,4,3,2,0,1"
6 1 TRUE 0.0094583776261011 1 TRUE 0.0057350272769478 TRUE 5.42440536813626e-05 "0,1,2,3,4,5,6,7,8,9,19,18,17,16,15,14,13,12,11,10" "10,11,12,13,14,15,16,17,18,19,9,8,7,6,5,4,3,2,1,0"
6 1 TRUE 0.0094583776261011 2 FALSE 0.00243378099123432 FALSE 2.30196196743209e-05 "0,1,2,3,4,5,6,7,8,9,19,18,17,16,15,14,13,12,11,10" "10,11,12,13,14,15,16,17,18,19,8,9,7,6,5,4,3,2,1,0"
6 2 FALSE 0.00496564825370307 1 TRUE 0.0057350272769478 FALSE 2.84781281827154e-05 "0,1,2,3,4,5,6,7,8,18,19,9,17,16,15,14,13,12,11,10" "10,11,12,13,14,15,16,17,18,19,9,8,7,6,5,4,3,2,1,0"
6 2 FALSE 0.00496564825370307 2 FALSE 0.00243378099123432 FALSE 1.20853003290184e-05 "0,1,2,3,4,5,6,7,8,18,19,9,17,16,15,14,13,12,11,10" "10,11,12,13,14,15,16,17,18,19,8,9,7,6,5,4,3,2,1,0"
7 1 TRUE 0.0159544983383498 1 TRUE 0.00917131421178638 TRUE 0.00014632371735243 "0,1,2,3,4,5,6,7,8,9,19,18,17,16,15,14,13,12,11,10" "10,11,12,13,14,15,16,17,18,19,9,8,7,6,5,4,3,2,1,0"
7 1 TRUE 0.0159544983383498 2 FALSE 0.00288554444407684 FALSE 4.60374140382584e-05 "0,1,2,3,4,5,6,7,8,9,19,18,17,16,15,14,13,12,11,10" "10,11,12,2,3,4,5,6,7,8,9,19,18,17,16,15,14,13,1,0"
7 2 FALSE 0.00665957854748082 1 TRUE 0.00917131421178638 FALSE 6.10770873770186e-05 "0,1,2,3,4,5,6,7,8,9,18,19,17,16,15,14,13,12,11,10" "10,11,12,13,14,15,16,17,18,19,9,8,7,6,5,4,3,2,1,0"
7 2 FALSE 0.00665957854748082 2 FALSE 0.00288554444407684 FALSE 1.92165098775766e-05 "0,1,2,3,4,5,6,7,8,9,18,19,17,16,15,14,13,12,11,10" "10,11,12,2,3,4,5,6,7,8,9,19,18,17,16,15,14,13,1,0"
8 1 TRUE 0.00735582018810109 1 TRUE 0.0116106154046598 TRUE 8.54055991898742e-05 "0,1,2,3,4,5,6,7,8,9,19,18,17,16,15,14,13,12,11,10" "10,11,12,13,14,15,16,17,18,19,9,8,7,6,5,4,3,2,1,0"
8 1 TRUE 0.00735582018810109 2 FALSE 0.00630440655456642 FALSE 4.63740810080765e-05 "0,1,2,3,4,5,6,7,8,9,19,18,17,16,15,14,13,12,11,10" "10,11,12,13,14,15,16,17,18,19,8,9,7,6,5,4,3,2,1,0"
8 2 FALSE 0.00282065285408388 1 TRUE 0.0116106154046598 FALSE 3.27495154788239e-05 "0,1,2,3,4,5,6,7,8,9,18,19,17,16,15,14,13,12,11,10" "10,11,12,13,14,15,16,17,18,19,9,8,7,6,5,4,3,2,1,0"
8 2 FALSE 0.00282065285408388 2 FALSE 0.00630440655456642 FALSE 1.77825423414429e-05 "0,1,2,3,4,5,6,7,8,9,18,19,17,16,15,14,13,12,11,10" "10,11,12,13,14,15,16,17,18,19,8,9,7,6,5,4,3,2,1,0"
9 1 TRUE 0.00586505163015093 1 TRUE 0.00156427436496183 TRUE 9.17454991422271e-06 "0,1,2,3,4,5,6,7,8,9,19,18,17,16,15,14,13,12,11,10" "10,11,12,13,14,15,16,17,18,19,9,8,7,6,5,4,3,2,1,0"
9 1 TRUE 0.00586505163015093 2 FALSE 0.000920958067683158 FALSE 5.40146661616575e-06 "0,1,2,3,4,5,6,7,8,9,19,18,17,16,15,14,13,12,11,10" "10,11,12,13,14,15,16,17,18,19,8,7,6,5,4,3,2,1,0,9"
9 2 FALSE 0.00214641857837894 1 FALSE 0.00212037778766362 FALSE 4.55121827662322e-06 "0,1,2,3,4,5,6,7,8,18,19,17,16,15,14,13,12,11,10,9" "9,8,7,6,5,4,3,2,1,0,10,11,12,13,14,15,16,17,18,19"
9 2 FALSE 0.00214641857837894 2 FALSE 0.00130225309378288 FALSE 2.79518023424701e-06 "0,1,2,3,4,5,6,7,8,18,19,17,16,15,14,13,12,11,10,9" "9,19,18,17,16,15,14,13,12,11,10,1,2,3,4,5,6,7,8,0"
10 1 TRUE 0.0122289678489555 1 TRUE 0.00552602932225817 TRUE 6.75776349142807e-05 "0,1,2,3,4,5,6,7,8,9,19,18,17,16,15,14,13,12,11,10" "10,11,12,13,14,15,16,17,18,19,9,8,7,6,5,4,3,2,1,0"
10 1 TRUE 0.0122289678489555 2 FALSE 0.00222850199230967 FALSE 2.72522792152883e-05 "0,1,2,3,4,5,6,7,8,9,19,18,17,16,15,14,13,12,11,10" "10,11,12,13,3,4,5,6,7,8,9,19,18,17,16,15,14,2,1,0"
10 2 FALSE 0.00326105809305481 1 FALSE 0.00480821619738421 FALSE 1.5679872343637e-05 "0,1,2,3,4,5,6,7,8,9,19,18,17,16,15,14,13,12,10,11" "11,10,0,1,2,3,4,5,6,7,8,9,19,18,17,16,15,14,13,12"
10 2 FALSE 0.00326105809305481 2 FALSE 0.00461514536803979 FALSE 1.50502571530706e-05 "0,1,2,3,4,5,6,7,8,9,19,18,17,16,15,14,13,12,10,11" "11,12,13,14,15,16,17,18,19,9,8,7,6,5,4,3,2,1,0,10"
11 1 TRUE 0.00282045697541345 1 TRUE 0.00425451700926944 TRUE 1.19996821758092e-05 "0,1,2,3,4,5,6,7,8,9,19,18,17,16,15,14,13,12,11,10" "10,11,12,13,14,15,16,17,18,19,9,8,7,6,5,4,3,2,1,0"
11 1 TRUE 0.00282045697541345 2 FALSE 0.00177271542052893 FALSE 4.99986757325382e-06 "0,1,2,3,4,5,6,7,8,9,19,18,17,16,15,14,13,12,11,10" "10,11,12,13,14,15,16,17,18,19,9,8,7,6,5,4,3,2,0,1"
11 2 FALSE 0.000824159505802633 1 FALSE 0.00133033643470989 FALSE 1.09640941858174e-06 "0,1,2,3,4,5,6,7,8,9,19,18,17,16,15,14,13,11,10,12" "12,11,10,0,1,2,3,4,5,6,7,8,9,19,18,17,16,15,14,13"
11 2 FALSE 0.000824159505802633 2 FALSE 0.000628227765134894 FALSE 5.17759884445066e-07 "0,1,2,3,4,5,6,7,8,9,19,18,17,16,15,14,13,11,10,12" "12,11,10,0,1,2,3,4,5,15,16,17,18,19,9,8,7,6,14,13"
12 1 TRUE 0.00668664487932245 1 TRUE 0.00427762809409763 TRUE 2.86029799910437e-05 "0,1,2,3,4,5,6,7,8,9,19,18,17,16,15,14,13,12,11,10" "10,11,12,13,14,15,16,17,18,19,9,8,7,6,5,4,3,2,1,0"
12 1 TRUE 0.00668664487932245 2 FALSE 0.00148718980514596 FALSE 9.94431009515978e-06 "0,1,2,3,4,5,6,7,8,9,19,18,17,16,15,14,13,12,11,10" "10,11,12,13,14,15,5,6,7,8,9,19,18,17,16,4,3,2,1,0"
12 2 FALSE 0.00394034430388644 1 FALSE 0.00497470289900567 FALSE 1.96020422316244e-05 "0,1,2,3,4,5,6,7,8,9,18,17,16,15,14,13,12,11,10,19" "19,18,17,16,15,14,13,12,11,10,0,1,2,3,4,5,6,7,8,9"
12 2 FALSE 0.00394034430388644 2 FALSE 0.000703903539451143 FALSE 2.77362230216182e-06 "0,1,2,3,4,5,6,7,8,9,18,17,16,15,14,13,12,11,10,19" "19,18,17,16,15,14,13,12,11,10,0,1,2,3,4,5,6,8,9,7"
13 1 TRUE 0.00234208535115215 1 TRUE 0.00895169980329637 TRUE 2.0965644977212e-05 "0,1,2,3,4,5,6,7,8,9,19,18,17,16,15,14,13,12,11,10" "10,11,12,13,14,15,16,17,18,19,9,8,7,6,5,4,3,2,1,0"
13 1 TRUE 0.00234208535115215 2 FALSE 0.00447584990164818 FALSE 1.0482822488606e-05 "0,1,2,3,4,5,6,7,8,9,19,18,17,16,15,14,13,12,11,10" "10,11,12,13,14,15,16,17,18,19,9,8,7,6,5,4,3,2,0,1"
13 2 FALSE 0.00153917106358651 1 TRUE 0.00895169980329637 FALSE 1.37781973071468e-05 "0,1,2,3,13,14,15,16,17,18,19,9,8,7,6,5,4,12,11,10" "10,11,12,13,14,15,16,17,18,19,9,8,7,6,5,4,3,2,1,0"
13 2 FALSE 0.00153917106358651 2 FALSE 0.00447584990164818 FALSE 6.88909865357341e-06 "0,1,2,3,13,14,15,16,17,18,19,9,8,7,6,5,4,12,11,10" "10,11,12,13,14,15,16,17,18,19,9,8,7,6,5,4,3,2,0,1"
14 1 TRUE 0.0117592043306088 1 TRUE 0.00276935128682397 TRUE 3.25653676449976e-05 "0,1,2,3,4,5,6,7,8,9,19,18,17,16,15,14,13,12,11,10" "10,11,12,13,14,15,16,17,18,19,9,8,7,6,5,4,3,2,1,0"
14 1 TRUE 0.0117592043306088 2 FALSE 0.00126104388953592 FALSE 1.48288727669185e-05 "0,1,2,3,4,5,6,7,8,9,19,18,17,16,15,14,13,12,11,10" "10,11,12,13,14,15,16,17,18,19,8,9,7,6,5,4,3,2,1,0"
14 2 FALSE 0.00310132861466606 1 FALSE 0.00625113542240382 FALSE 1.93868251596536e-05 "0,1,2,3,4,5,6,7,8,9,19,18,17,16,15,14,12,11,10,13" "13,12,11,10,0,1,2,3,4,5,6,7,8,9,19,18,17,16,15,14"
14 2 FALSE 0.00310132861466606 2 FALSE 0.00423416750876884 FALSE 1.31315448542341e-05 "0,1,2,3,4,5,6,7,8,9,19,18,17,16,15,14,12,11,10,13" "13,12,11,10,1,2,3,4,5,6,7,8,9,19,18,17,16,15,14,0"
15 1 TRUE 0.00413904868704459 1 TRUE 0.00409251156078932 TRUE 1.69391046023998e-05 "0,1,2,3,4,5,6,7,8,9,19,18,17,16,15,14,13,12,11,10" "10,11,12,13,14,15,16,17,18,19,9,8,7,6,5,4,3,2,1,0"
15 1 TRUE 0.00413904868704459 2 FALSE 0.00232474029488624 FALSE 9.62221326526855e-06 "0,1,2,3,4,5,6,7,8,9,19,18,17,16,15,14,13,12,11,10" "10,11,12,13,14,15,16,17,18,9,8,7,6,5,4,3,2,1,0,19"
15 2 FALSE 0.000862301809800956 1 TRUE 0.00409251156078932 FALSE 3.52898012549997e-06 "0,1,2,3,4,5,6,7,8,9,19,18,17,16,15,14,13,11,12,10" "10,11,12,13,14,15,16,17,18,19,9,8,7,6,5,4,3,2,1,0"
15 2 FALSE 0.000862301809800956 2 FALSE 0.00232474029488624 FALSE 2.00462776359762e-06 "0,1,2,3,4,5,6,7,8,9,19,18,17,16,15,14,13,11,12,10" "10,11,12,13,14,15,16,17,18,9,8,7,6,5,4,3,2,1,0,19"
