"expNo" "Rank" "isCorrect" "prob" "verifyRank" "verifyIsCorrect" "verifyProb" "match" "jointProb" "computedSeq" "verifySeq"
1 1 FALSE 1.18320654003758e-09 1 FALSE 2.18200008012222e-09 FALSE 2.58175676516314e-18 "0,1,2,13,12,11,10,6,5,4,3,16,17,18,19,9,8,7,14,15" "15,14,13,9,8,7,6,0,1,2,16,17,18,19,5,4,3,11,12,10"
1 1 FALSE 1.18320654003758e-09 2 FALSE 2.01531951844622e-09 FALSE 2.38453923449095e-18 "0,1,2,13,12,11,10,6,5,4,3,16,17,18,19,9,8,7,14,15" "15,14,13,9,8,7,6,0,1,2,16,17,18,19,5,4,3,12,11,10"
1 2 FALSE 1.17272624695318e-09 1 FALSE 3.54439536025214e-10 FALSE 4.15660546854675e-19 "0,1,2,13,12,11,10,6,5,4,3,14,15,16,17,18,19,9,8,7" "7,6,0,1,2,13,12,11,10,18,17,16,15,14,19,8,9,4,3,5"
1 2 FALSE 1.17272624695318e-09 2 FALSE 3.49541112079299e-10 FALSE 4.09916036524597e-19 "0,1,2,13,12,11,10,6,5,4,3,14,15,16,17,18,19,9,8,7" "7,6,0,1,2,3,13,12,11,10,18,17,16,15,14,19,9,8,4,5"
2 1 TRUE 2.55871104735589e-08 1 FALSE 1.02258338506496e-08 FALSE 2.61649540420831e-16 "0,1,2,3,4,5,6,7,8,9,19,18,17,16,15,14,13,12,11,10" "10,11,12,13,14,15,16,17,18,1,2,3,4,5,6,7,8,9,19,0"
2 1 TRUE 2.55871104735589e-08 2 FALSE 7.43697007319974e-09 FALSE 1.90290574851513e-16 "0,1,2,3,4,5,6,7,8,9,19,18,17,16,15,14,13,12,11,10" "10,11,12,13,14,15,16,17,18,1,2,3,4,5,6,7,8,9,0,19"
2 2 FALSE 1.61360573680962e-08 1 FALSE 2.72903845136476e-09 FALSE 4.40359210109621e-17 "0,1,2,3,4,5,6,7,8,19,18,17,16,15,14,13,12,11,10,9" "9,8,7,19,18,17,16,15,14,13,12,11,10,3,4,5,6,2,1,0"
2 2 FALSE 1.61360573680962e-08 2 FALSE 1.38271281535814e-09 FALSE 2.23115333122208e-17 "0,1,2,3,4,5,6,7,8,19,18,17,16,15,14,13,12,11,10,9" "9,8,7,19,18,17,16,15,14,13,12,11,10,3,4,5,6,1,2,0"
3 1 FALSE 8.46259639060035e-10 1 FALSE 1.10681127936475e-09 FALSE 9.36649713782793e-19 "0,1,8,7,6,5,4,3,2,18,17,16,15,14,13,12,11,10,9,19" "19,18,17,16,9,8,7,6,5,4,3,2,1,10,11,12,13,14,15,0"
3 1 FALSE 8.46259639060035e-10 2 FALSE 8.24914553078258e-10 FALSE 6.98091891943377e-19 "0,1,8,7,6,5,4,3,2,18,17,16,15,14,13,12,11,10,9,19" "19,18,17,16,9,8,7,6,5,4,3,2,1,15,14,13,12,11,10,0"
3 2 FALSE 7.61633675154031e-10 1 FALSE 3.1481606311053e-09 FALSE 2.39774515144397e-18 "0,1,8,7,6,5,4,3,2,18,17,16,15,14,13,12,11,10,19,9" "9,8,7,6,5,4,3,2,11,10,15,16,17,18,19,14,13,12,1,0"
3 2 FALSE 7.61633675154031e-10 2 FALSE 2.20371244177371e-09 FALSE 1.67842160601078e-18 "0,1,8,7,6,5,4,3,2,18,17,16,15,14,13,12,11,10,19,9" "9,8,7,6,5,4,3,2,11,10,15,16,17,18,19,14,13,12,0,1"
4 1 FALSE 2.16264981904211e-09 1 FALSE 4.95668526584214e-09 FALSE 1.07195744932222e-17 "0,1,2,3,4,5,6,14,15,16,17,18,19,9,8,7,10,11,12,13" "13,14,15,16,17,18,19,4,5,3,2,1,0,10,11,12,9,8,7,6"
4 1 FALSE 2.16264981904211e-09 2 FALSE 3.74786100202962e-09 FALSE 8.10531091783432e-18 "0,1,2,3,4,5,6,14,15,16,17,18,19,9,8,7,10,11,12,13" "13,14,15,16,17,18,19,4,5,3,2,1,0,10,11,12,6,7,8,9"
4 2 FALSE 1.45893043348079e-09 1 FALSE 4.40092481623731e-09 FALSE 6.42064314986945e-18 "0,1,2,3,4,5,6,14,15,16,17,18,19,9,8,7,11,12,13,10" "10,11,12,13,14,15,16,17,18,19,4,5,6,7,8,9,2,3,1,0"
4 2 FALSE 1.45893043348079e-09 2 FALSE 3.51446402437489e-09 FALSE 5.12735852253389e-18 "0,1,2,3,4,5,6,14,15,16,17,18,19,9,8,7,11,12,13,10" "10,11,12,13,14,15,16,17,18,19,4,5,6,7,8,9,0,1,2,3"
5 1 FALSE 7.10080239140921e-09 1 FALSE 1.2488121653521e-09 FALSE 8.86756841015309e-18 "0,1,2,12,13,14,15,16,4,5,6,7,8,9,18,19,17,11,10,3" "3,4,5,6,7,8,9,18,19,0,1,2,12,13,14,15,16,17,11,10"
5 1 FALSE 7.10080239140921e-09 2 FALSE 1.02377164180745e-09 FALSE 7.2696001224033e-18 "0,1,2,12,13,14,15,16,4,5,6,7,8,9,18,19,17,11,10,3" "3,4,5,6,7,8,9,18,19,0,1,2,12,11,13,14,15,16,17,10"
5 2 FALSE 6.83008430023674e-09 1 FALSE 1.2488121653521e-09 FALSE 8.529492364516e-18 "0,1,2,12,13,14,15,16,4,5,6,7,8,9,19,18,17,11,10,3" "3,4,5,6,7,8,9,18,19,0,1,2,12,13,14,15,16,17,11,10"
5 2 FALSE 6.83008430023674e-09 2 FALSE 1.02377164180745e-09 FALSE 6.99244661773667e-18 "0,1,2,12,13,14,15,16,4,5,6,7,8,9,19,18,17,11,10,3" "3,4,5,6,7,8,9,18,19,0,1,2,12,11,13,14,15,16,17,10"
6 1 TRUE 2.33629459921746e-09 1 FALSE 3.95009292010541e-09 FALSE 9.22858075564941e-18 "0,1,2,3,4,5,6,7,8,9,19,18,17,16,15,14,13,12,11,10" "10,11,12,13,14,15,16,17,18,19,6,5,4,3,2,1,0,7,8,9"
6 1 TRUE 2.33629459921746e-09 2 FALSE 2.46852183644848e-09 FALSE 5.76719423454496e-18 "0,1,2,3,4,5,6,7,8,9,19,18,17,16,15,14,13,12,11,10" "10,11,12,13,14,15,16,17,18,19,6,5,3,2,1,0,7,8,9,4"
6 2 FALSE 1.31790977391754e-09 1 FALSE 1.73307022661032e-09 FALSE 2.28403019053522e-18 "0,1,2,3,4,5,6,7,8,9,19,18,17,16,15,14,10,11,12,13" "13,14,15,16,17,18,19,6,7,8,4,3,2,1,0,10,11,12,9,5"
6 2 FALSE 1.31790977391754e-09 2 FALSE 1.51588780351322e-09 FALSE 1.99780335241247e-18 "0,1,2,3,4,5,6,7,8,9,19,18,17,16,15,14,10,11,12,13" "13,14,15,16,17,18,19,6,5,4,3,2,1,0,10,11,12,9,8,7"
7 1 FALSE 7.70304432465012e-09 1 FALSE 6.44403323105662e-09 FALSE 4.96386736083474e-17 "0,1,2,3,4,5,6,7,8,9,12,11,10,14,15,16,17,18,19,13" "13,12,11,10,1,2,3,4,5,6,7,8,9,19,18,17,15,16,14,0"
7 1 FALSE 7.70304432465012e-09 2 FALSE 5.93312522552527e-09 FALSE 4.57031265959209e-17 "0,1,2,3,4,5,6,7,8,9,12,11,10,14,15,16,17,18,19,13" "13,12,11,10,1,2,3,4,5,6,7,8,9,19,18,17,16,15,14,0"
7 2 FALSE 2.00948982382177e-09 1 FALSE 9.49308523995592e-10 FALSE 1.90762581863641e-18 "0,1,2,3,4,5,6,7,8,9,12,11,10,14,15,16,13,19,18,17" "17,18,5,6,7,8,9,12,11,10,1,2,3,4,15,16,14,13,0,19"
7 2 FALSE 2.00948982382177e-09 2 FALSE 7.76706974178212e-10 FALSE 1.56078476070251e-18 "0,1,2,3,4,5,6,7,8,9,12,11,10,14,15,16,13,19,18,17" "17,18,5,6,7,8,9,12,11,10,1,2,3,4,15,16,14,13,19,0"
8 1 FALSE 3.37328596276046e-09 1 FALSE 1.40416945292612e-09 FALSE 4.73666510489273e-18 "0,1,2,3,4,5,6,7,12,13,14,15,16,17,18,19,8,9,10,11" "11,10,1,2,3,4,5,6,7,12,13,14,15,16,17,18,19,8,9,0"
8 1 FALSE 3.37328596276046e-09 2 FALSE 8.5253145356229e-10 FALSE 2.87583238511344e-18 "0,1,2,3,4,5,6,7,12,13,14,15,16,17,18,19,8,9,10,11" "11,10,1,2,3,4,5,6,7,12,13,14,15,16,17,18,19,9,8,0"
8 2 FALSE 2.87617013666944e-09 1 FALSE 1.97272045564154e-09 FALSE 5.67387966251313e-18 "0,1,2,3,4,5,6,7,12,13,14,15,16,17,18,19,11,10,9,8" "8,9,2,3,4,5,6,7,15,16,17,18,19,14,13,12,11,10,1,0"
8 2 FALSE 2.87617013666944e-09 2 FALSE 1.97272045564154e-09 FALSE 5.67387966251313e-18 "0,1,2,3,4,5,6,7,12,13,14,15,16,17,18,19,11,10,9,8" "8,9,2,3,4,5,6,7,15,16,17,18,19,14,13,12,11,10,0,1"
9 1 FALSE 3.37529695380414e-09 1 FALSE 5.55967722392826e-10 FALSE 1.87655615980593e-18 "0,1,2,3,4,5,6,7,8,14,15,16,17,18,19,10,11,12,13,9" "9,8,7,6,4,5,0,1,2,3,11,12,13,14,15,16,17,18,19,10"
9 1 FALSE 3.37529695380414e-09 2 FALSE 3.24314504729148e-10 FALSE 1.09465775988679e-18 "0,1,2,3,4,5,6,7,8,14,15,16,17,18,19,10,11,12,13,9" "9,8,7,6,4,5,0,1,2,3,11,12,13,14,15,16,17,18,10,19"
9 2 FALSE 2.89665292871963e-09 1 FALSE 5.55967722392826e-10 FALSE 1.61044553134276e-18 "0,1,2,3,4,5,6,7,8,11,12,13,14,15,16,17,18,19,10,9" "9,8,7,6,4,5,0,1,2,3,11,12,13,14,15,16,17,18,19,10"
9 2 FALSE 2.89665292871963e-09 2 FALSE 3.24314504729148e-10 FALSE 9.39426559949943e-19 "0,1,2,3,4,5,6,7,8,11,12,13,14,15,16,17,18,19,10,9" "9,8,7,6,4,5,0,1,2,3,11,12,13,14,15,16,17,18,10,19"
10 1 FALSE 1.62235423849503e-09 1 FALSE 2.61932953945272e-09 FALSE 4.24948038034635e-18 "0,11,12,13,18,19,5,6,7,8,9,4,3,2,1,16,15,14,10,17" "17,16,15,14,13,12,11,18,19,5,6,7,8,9,4,3,2,1,0,10"
10 1 FALSE 1.62235423849503e-09 2 FALSE 2.17826475130108e-09 FALSE 3.53391705183761e-18 "0,11,12,13,18,19,5,6,7,8,9,4,3,2,1,16,15,14,10,17" "17,16,15,14,13,12,11,18,19,5,6,7,8,9,3,2,1,0,10,4"
10 2 FALSE 1.48991715780155e-09 1 FALSE 2.61932953945272e-09 FALSE 3.90258402276705e-18 "0,11,12,13,18,19,5,6,7,8,9,4,3,2,1,10,14,15,16,17" "17,16,15,14,13,12,11,18,19,5,6,7,8,9,4,3,2,1,0,10"
10 2 FALSE 1.48991715780155e-09 2 FALSE 2.17826475130108e-09 FALSE 3.24543402719781e-18 "0,11,12,13,18,19,5,6,7,8,9,4,3,2,1,10,14,15,16,17" "17,16,15,14,13,12,11,18,19,5,6,7,8,9,3,2,1,0,10,4"
11 1 FALSE 9.22787692003051e-10 1 FALSE 2.36173968761255e-09 FALSE 2.17938431544399e-18 "0,14,13,12,11,10,16,15,19,18,17,8,7,6,5,4,3,2,1,9" "9,8,7,6,5,4,3,2,1,0,14,13,12,11,10,16,17,18,19,15"
11 1 FALSE 9.22787692003051e-10 2 FALSE 2.23457474333712e-09 FALSE 2.06203807001237e-18 "0,14,13,12,11,10,16,15,19,18,17,8,7,6,5,4,3,2,1,9" "9,8,7,6,5,4,3,2,1,0,14,13,12,11,10,16,15,17,18,19"
11 2 FALSE 5.88512558675415e-10 1 FALSE 2.36173968761255e-09 FALSE 1.38991346648214e-18 "0,14,13,12,11,10,16,15,19,18,17,8,7,6,5,4,1,2,3,9" "9,8,7,6,5,4,3,2,1,0,14,13,12,11,10,16,17,18,19,15"
11 2 FALSE 5.88512558675415e-10 2 FALSE 2.23457474333712e-09 FALSE 1.31507529975279e-18 "0,14,13,12,11,10,16,15,19,18,17,8,7,6,5,4,1,2,3,9" "9,8,7,6,5,4,3,2,1,0,14,13,12,11,10,16,15,17,18,19"
12 1 FALSE 1.83737908270895e-09 1 FALSE 3.41253388857435e-09 FALSE 6.27011838590193e-18 "0,1,2,19,18,17,16,15,14,13,12,11,10,5,6,7,8,9,3,4" "4,3,9,8,7,6,16,15,14,13,12,11,10,0,1,2,17,18,19,5"
12 1 FALSE 1.83737908270895e-09 2 FALSE 3.3035622181829e-09 FALSE 6.06989611811683e-18 "0,1,2,19,18,17,16,15,14,13,12,11,10,5,6,7,8,9,3,4" "4,3,9,8,7,6,16,15,14,13,12,11,10,0,1,2,19,18,17,5"
12 2 FALSE 1.63322585129684e-09 1 FALSE 8.13778439902016e-09 FALSE 1.32908398527599e-17 "0,1,2,19,18,17,16,15,14,13,12,11,10,5,6,7,8,9,4,3" "3,4,5,6,7,8,9,19,18,17,16,15,14,13,12,10,11,2,1,0"
12 2 FALSE 1.63322585129684e-09 2 FALSE 7.06630224263668e-09 FALSE 1.15408674957511e-17 "0,1,2,19,18,17,16,15,14,13,12,11,10,5,6,7,8,9,4,3" "3,4,5,6,7,8,9,19,18,17,16,15,14,13,12,11,10,1,2,0"
