359	3	11	-70	31	1427467632	0
359	3	11	-70	31	1427467632	1
359	3	11	-70	31	1427467632	2
363	3	11	-71	31	1427467632	0
363	3	11	-71	31	1427467632	1
363	3	11	-71	31	1427467632	2
2	3	11	-77	31	1427467632	0
2	3	11	-76	31	1427467632	1
2	3	11	-76	31	1427467632	2
5	3	11	-75	31	1427467632	0
5	3	11	-75	31	1427467632	1
5	3	11	-75	31	1427467632	2
4	3	11	-72	31	1427467632	0
4	3	11	-72	31	1427467632	1
4	3	11	-72	31	1427467632	2
356	3	11	-82	31	1427467632	0
356	3	11	-82	31	1427467632	1
356	3	11	-82	31	1427467632	2
334	3	11	-74	31	1427467632	0
334	3	11	-74	31	1427467632	1
334	3	11	-74	31	1427467632	2
369	3	11	-84	31	1427467632	0
369	3	11	-84	31	1427467632	1
369	3	11	-84	31	1427467632	2
365	3	11	-84	31	1427467632	0
365	3	11	-83	31	1427467632	1
365	3	11	-84	31	1427467632	2
333	3	11	-87	31	1427467632	0
333	3	11	-87	31	1427467632	1
333	3	11	-87	31	1427467632	2
3	359	11	-66	31	1427467633	0
3	359	11	-66	31	1427467633	1
3	359	11	-66	31	1427467633	2
363	359	11	-54	31	1427467633	0
363	359	11	-54	31	1427467633	1
363	359	11	-54	31	1427467633	2
2	359	11	-74	31	1427467633	0
2	359	11	-74	31	1427467633	1
2	359	11	-74	31	1427467633	2
5	359	11	-60	31	1427467633	0
5	359	11	-60	31	1427467633	1
5	359	11	-60	31	1427467633	2
4	359	11	-76	31	1427467633	0
4	359	11	-76	31	1427467633	1
4	359	11	-76	31	1427467633	2
356	359	11	-54	31	1427467633	0
356	359	11	-54	31	1427467633	1
356	359	11	-54	31	1427467633	2
334	359	11	-68	31	1427467633	0
334	359	11	-68	31	1427467633	1
334	359	11	-66	31	1427467633	2
369	359	11	-78	31	1427467633	0
369	359	11	-78	31	1427467633	1
369	359	11	-78	31	1427467633	2
365	359	11	-70	31	1427467633	0
365	359	11	-70	31	1427467633	1
365	359	11	-70	31	1427467633	2
333	359	11	-80	31	1427467633	0
333	359	11	-80	31	1427467633	1
333	359	11	-80	31	1427467633	2
368	359	11	-78	31	1427467633	0
368	359	11	-78	31	1427467633	1
368	359	11	-78	31	1427467633	2
3	363	11	-70	31	1427467635	0
3	363	11	-70	31	1427467635	1
3	363	11	-71	31	1427467635	2
359	363	11	-58	31	1427467635	0
359	363	11	-58	31	1427467635	1
359	363	11	-58	31	1427467635	2
2	363	11	-76	31	1427467635	0
2	363	11	-75	31	1427467635	1
2	363	11	-75	31	1427467635	2
5	363	11	-62	31	1427467635	0
5	363	11	-62	31	1427467635	1
5	363	11	-62	31	1427467635	2
4	363	11	-78	31	1427467635	0
4	363	11	-78	31	1427467635	1
4	363	11	-78	31	1427467635	2
356	363	11	-78	31	1427467635	0
356	363	11	-79	31	1427467635	1
356	363	11	-78	31	1427467635	2
334	363	11	-75	31	1427467635	0
334	363	11	-75	31	1427467635	1
334	363	11	-76	31	1427467635	2
369	363	11	-73	31	1427467635	0
369	363	11	-73	31	1427467635	1
369	363	11	-73	31	1427467636	2
365	363	11	-76	31	1427467636	0
365	363	11	-76	31	1427467636	1
365	363	11	-76	31	1427467636	2
333	363	11	-59	31	1427467636	0
333	363	11	-59	31	1427467636	1
333	363	11	-59	31	1427467636	2
368	363	11	-80	31	1427467636	0
368	363	11	-80	31	1427467636	1
3	2	11	-78	31	1427467636	0
3	2	11	-78	31	1427467636	1
3	2	11	-78	31	1427467636	2
359	2	11	-76	31	1427467636	0
359	2	11	-76	31	1427467636	1
359	2	11	-76	31	1427467636	2
363	2	11	-76	31	1427467636	0
363	2	11	-76	31	1427467636	1
363	2	11	-76	31	1427467636	2
5	2	11	-72	31	1427467636	0
5	2	11	-72	31	1427467636	1
5	2	11	-73	31	1427467636	2
4	2	11	-72	31	1427467636	0
4	2	11	-74	31	1427467636	1
4	2	11	-72	31	1427467636	2
356	2	11	-78	31	1427467636	0
356	2	11	-78	31	1427467636	1
356	2	11	-78	31	1427467636	2
334	2	11	-68	31	1427467636	0
334	2	11	-68	31	1427467636	1
334	2	11	-68	31	1427467636	2
369	2	11	-64	31	1427467636	0
369	2	11	-64	31	1427467636	1
369	2	11	-64	31	1427467636	2
365	2	11	-68	31	1427467636	0
365	2	11	-68	31	1427467636	1
365	2	11	-68	31	1427467636	2
333	2	11	-69	31	1427467636	0
333	2	11	-69	31	1427467636	1
333	2	11	-69	31	1427467636	2
368	2	11	-73	31	1427467636	0
368	2	11	-72	31	1427467636	1
368	2	11	-72	31	1427467636	2
3	5	11	-78	31	1427467637	0
3	5	11	-78	31	1427467637	1
3	5	11	-78	31	1427467637	2
359	5	11	-64	31	1427467637	0
359	5	11	-63	31	1427467637	1
359	5	11	-63	31	1427467637	2
363	5	11	-62	31	1427467637	0
363	5	11	-63	31	1427467637	1
363	5	11	-63	31	1427467637	2
2	5	11	-73	31	1427467637	0
2	5	11	-73	31	1427467637	1
2	5	11	-72	31	1427467637	2
4	5	11	-66	31	1427467637	0
4	5	11	-66	31	1427467637	1
4	5	11	-66	31	1427467637	2
356	5	11	-62	31	1427467637	0
356	5	11	-62	31	1427467637	1
356	5	11	-62	31	1427467637	2
334	5	11	-74	31	1427467637	0
334	5	11	-74	31	1427467637	1
334	5	11	-74	31	1427467637	2
369	5	11	-76	31	1427467637	0
369	5	11	-76	31	1427467637	1
369	5	11	-76	31	1427467637	2
365	5	11	-78	31	1427467637	0
365	5	11	-78	31	1427467637	1
365	5	11	-78	31	1427467637	2
333	5	11	-69	31	1427467637	0
333	5	11	-68	31	1427467637	1
333	5	11	-68	31	1427467637	2
368	5	11	-61	31	1427467637	0
368	5	11	-61	31	1427467637	1
368	5	11	-61	31	1427467637	2
3	4	11	-72	31	1427467638	0
3	4	11	-72	31	1427467638	1
3	4	11	-72	31	1427467638	2
359	4	11	-77	31	1427467638	0
359	4	11	-76	31	1427467638	1
359	4	11	-76	31	1427467638	2
363	4	11	-77	31	1427467638	0
363	4	11	-77	31	1427467638	1
363	4	11	-77	31	1427467638	2
2	4	11	-71	31	1427467638	0
2	4	11	-71	31	1427467638	1
2	4	11	-70	31	1427467638	2
5	4	11	-64	31	1427467638	0
5	4	11	-64	31	1427467638	1
5	4	11	-64	31	1427467638	2
356	4	11	-69	31	1427467638	0
356	4	11	-69	31	1427467638	1
356	4	11	-68	31	1427467638	2
334	4	11	-76	31	1427467638	0
334	4	11	-77	31	1427467638	1
334	4	11	-75	31	1427467638	2
369	4	11	-57	31	1427467638	0
369	4	11	-56	31	1427467638	1
369	4	11	-55	31	1427467638	2
365	4	11	-74	31	1427467638	0
365	4	11	-74	31	1427467638	1
365	4	11	-74	31	1427467638	2
333	4	11	-70	31	1427467638	0
333	4	11	-70	31	1427467638	1
333	4	11	-70	31	1427467638	2
368	4	11	-74	31	1427467638	0
368	4	11	-74	31	1427467638	1
368	4	11	-73	31	1427467638	2
3	356	11	-90	31	1427467640	1
359	356	11	-58	31	1427467640	0
359	356	11	-58	31	1427467640	1
359	356	11	-58	31	1427467640	2
363	356	11	-78	31	1427467640	0
363	356	11	-78	31	1427467640	1
363	356	11	-78	31	1427467640	2
2	356	11	-78	31	1427467640	0
2	356	11	-78	31	1427467640	2
5	356	11	-61	31	1427467640	0
5	356	11	-61	31	1427467640	1
5	356	11	-62	31	1427467640	2
4	356	11	-71	31	1427467640	0
4	356	11	-71	31	1427467640	1
4	356	11	-71	31	1427467640	2
334	356	11	-67	31	1427467640	0
334	356	11	-67	31	1427467640	1
334	356	11	-67	31	1427467640	2
369	356	11	-74	31	1427467640	0
369	356	11	-75	31	1427467640	1
369	356	11	-75	31	1427467640	2
365	356	11	-64	31	1427467640	0
365	356	11	-64	31	1427467640	1
333	356	11	-74	31	1427467640	0
333	356	11	-74	31	1427467640	2
368	356	11	-68	31	1427467640	0
368	356	11	-68	31	1427467640	2
3	334	11	-74	31	1427467643	0
3	334	11	-74	31	1427467643	1
3	334	11	-74	31	1427467643	2
359	334	11	-68	31	1427467643	0
359	334	11	-68	31	1427467643	1
359	334	11	-68	31	1427467643	2
363	334	11	-74	31	1427467643	0
363	334	11	-74	31	1427467643	1
363	334	11	-74	31	1427467643	2
2	334	11	-66	31	1427467643	0
2	334	11	-66	31	1427467643	1
2	334	11	-66	31	1427467643	2
5	334	11	-70	31	1427467643	0
5	334	11	-70	31	1427467643	1
5	334	11	-70	31	1427467643	2
4	334	11	-76	31	1427467643	0
4	334	11	-76	31	1427467643	1
4	334	11	-76	31	1427467643	2
356	334	11	-64	31	1427467643	0
356	334	11	-64	31	1427467643	1
356	334	11	-64	31	1427467643	2
369	334	11	-64	31	1427467643	0
369	334	11	-64	31	1427467643	1
369	334	11	-64	31	1427467643	2
368	334	11	-68	31	1427467643	0
368	334	11	-68	31	1427467643	1
3	369	11	-80	31	1427467644	0
3	369	11	-80	31	1427467644	1
3	369	11	-80	31	1427467644	2
359	369	11	-77	31	1427467644	0
359	369	11	-76	31	1427467644	1
359	369	11	-77	31	1427467644	2
363	369	11	-69	31	1427467644	0
363	369	11	-71	31	1427467644	1
363	369	11	-69	31	1427467644	2
2	369	11	-61	31	1427467644	0
2	369	11	-61	31	1427467644	1
2	369	11	-61	31	1427467644	2
5	369	11	-71	31	1427467644	0
5	369	11	-71	31	1427467644	1
5	369	11	-71	31	1427467644	2
4	369	11	-54	31	1427467644	0
4	369	11	-53	31	1427467644	1
4	369	11	-53	31	1427467644	2
356	369	11	-71	31	1427467644	0
356	369	11	-71	31	1427467644	1
356	369	11	-72	31	1427467644	2
334	369	11	-63	31	1427467644	0
334	369	11	-63	31	1427467644	1
334	369	11	-63	31	1427467644	2
365	369	11	-56	31	1427467644	0
365	369	11	-57	31	1427467644	1
365	369	11	-58	31	1427467644	2
333	369	11	-64	31	1427467644	0
333	369	11	-66	31	1427467644	1
333	369	11	-65	31	1427467644	2
368	369	11	-63	31	1427467644	0
368	369	11	-62	31	1427467644	1
368	369	11	-62	31	1427467644	2
3	365	11	-80	31	1427467645	0
3	365	11	-80	31	1427467645	1
3	365	11	-80	31	1427467645	2
359	365	11	-70	31	1427467645	0
359	365	11	-70	31	1427467645	1
359	365	11	-70	31	1427467645	2
363	365	11	-74	31	1427467645	0
363	365	11	-74	31	1427467645	1
363	365	11	-74	31	1427467645	2
2	365	11	-66	31	1427467645	0
2	365	11	-66	31	1427467645	1
2	365	11	-66	31	1427467645	2
5	365	11	-75	31	1427467645	0
5	365	11	-75	31	1427467645	1
5	365	11	-75	31	1427467645	2
4	365	11	-74	31	1427467645	0
4	365	11	-74	31	1427467645	1
4	365	11	-73	31	1427467645	2
356	365	11	-61	31	1427467645	0
356	365	11	-61	31	1427467645	1
356	365	11	-61	31	1427467645	2
334	365	11	-64	31	1427467645	0
334	365	11	-64	31	1427467645	1
334	365	11	-64	31	1427467645	2
369	365	11	-60	31	1427467645	0
369	365	11	-60	31	1427467645	1
369	365	11	-60	31	1427467645	2
333	365	11	-60	31	1427467645	0
333	365	11	-60	31	1427467645	1
333	365	11	-60	31	1427467645	2
368	365	11	-74	31	1427467645	0
368	365	11	-73	31	1427467645	1
368	365	11	-73	31	1427467645	2
3	333	11	-85	31	1427467645	0
3	333	11	-85	31	1427467645	1
3	333	11	-85	31	1427467645	2
359	333	11	-81	31	1427467645	0
359	333	11	-81	31	1427467645	1
359	333	11	-81	31	1427467645	2
363	333	11	-56	31	1427467645	0
363	333	11	-56	31	1427467645	1
363	333	11	-56	31	1427467645	2
2	333	11	-68	31	1427467645	0
2	333	11	-68	31	1427467645	1
2	333	11	-68	31	1427467645	2
5	333	11	-66	31	1427467645	0
5	333	11	-66	31	1427467645	1
5	333	11	-66	31	1427467646	2
4	333	11	-72	31	1427467646	0
4	333	11	-72	31	1427467646	1
4	333	11	-72	31	1427467646	2
356	333	11	-71	31	1427467646	0
356	333	11	-71	31	1427467646	1
356	333	11	-71	31	1427467646	2
334	333	11	-66	31	1427467646	0
334	333	11	-66	31	1427467646	1
334	333	11	-66	31	1427467646	2
369	333	11	-68	31	1427467646	0
369	333	11	-67	31	1427467646	1
369	333	11	-66	31	1427467646	2
365	333	11	-62	31	1427467646	0
365	333	11	-62	31	1427467646	1
365	333	11	-62	31	1427467646	2
368	333	11	-55	31	1427467646	0
368	333	11	-55	31	1427467646	1
368	333	11	-55	31	1427467646	2
359	368	11	-83	31	1427467648	0
359	368	11	-83	31	1427467648	1
359	368	11	-84	31	1427467648	2
363	368	11	-79	31	1427467648	0
363	368	11	-79	31	1427467648	1
363	368	11	-80	31	1427467648	2
2	368	11	-71	31	1427467648	0
2	368	11	-72	31	1427467648	1
2	368	11	-71	31	1427467648	2
5	368	11	-60	31	1427467648	0
5	368	11	-60	31	1427467648	1
5	368	11	-60	31	1427467648	2
4	368	11	-77	31	1427467648	0
4	368	11	-76	31	1427467648	1
4	368	11	-76	31	1427467648	2
356	368	11	-68	31	1427467648	0
356	368	11	-68	31	1427467648	1
356	368	11	-68	31	1427467648	2
334	368	11	-70	31	1427467648	0
334	368	11	-70	31	1427467648	1
334	368	11	-70	31	1427467648	2
369	368	11	-66	31	1427467648	0
369	368	11	-65	31	1427467648	1
369	368	11	-64	31	1427467648	2
365	368	11	-76	31	1427467648	0
365	368	11	-76	31	1427467648	1
365	368	11	-76	31	1427467648	2
333	368	11	-59	31	1427467648	0
333	368	11	-59	31	1427467648	1
333	368	11	-59	31	1427467648	2
359	3	12	-66	31	1427467652	0
359	3	12	-66	31	1427467652	1
359	3	12	-66	31	1427467652	2
363	3	12	-71	31	1427467652	0
363	3	12	-72	31	1427467652	1
363	3	12	-72	31	1427467652	2
2	3	12	-76	31	1427467652	0
2	3	12	-76	31	1427467652	1
2	3	12	-77	31	1427467652	2
5	3	12	-76	31	1427467652	0
5	3	12	-75	31	1427467652	1
5	3	12	-76	31	1427467652	2
4	3	12	-76	31	1427467652	0
4	3	12	-76	31	1427467652	1
4	3	12	-76	31	1427467652	2
356	3	12	-75	31	1427467652	0
356	3	12	-75	31	1427467652	1
356	3	12	-75	31	1427467652	2
334	3	12	-76	31	1427467652	0
334	3	12	-76	31	1427467652	1
369	3	12	-86	31	1427467652	0
369	3	12	-86	31	1427467652	1
369	3	12	-86	31	1427467652	2
365	3	12	-81	31	1427467652	0
365	3	12	-81	31	1427467652	1
365	3	12	-80	31	1427467652	2
333	3	12	-83	31	1427467652	0
333	3	12	-83	31	1427467652	1
333	3	12	-82	31	1427467652	2
368	3	12	-82	31	1427467652	0
368	3	12	-83	31	1427467652	1
368	3	12	-83	31	1427467652	2
3	359	12	-66	31	1427467652	0
3	359	12	-66	31	1427467652	1
3	359	12	-66	31	1427467652	2
363	359	12	-57	31	1427467652	0
363	359	12	-58	31	1427467652	1
363	359	12	-57	31	1427467652	2
2	359	12	-78	31	1427467652	0
2	359	12	-78	31	1427467652	1
2	359	12	-78	31	1427467652	2
5	359	12	-60	31	1427467652	0
5	359	12	-60	31	1427467652	1
5	359	12	-60	31	1427467652	2
4	359	12	-76	31	1427467652	0
4	359	12	-76	31	1427467652	1
4	359	12	-76	31	1427467652	2
356	359	12	-54	31	1427467652	0
356	359	12	-53	31	1427467652	1
356	359	12	-54	31	1427467652	2
334	359	12	-66	31	1427467652	0
334	359	12	-65	31	1427467652	1
334	359	12	-66	31	1427467652	2
369	359	12	-78	31	1427467652	0
369	359	12	-78	31	1427467652	1
369	359	12	-78	31	1427467652	2
365	359	12	-74	31	1427467652	0
365	359	12	-74	31	1427467652	1
365	359	12	-74	31	1427467652	2
333	359	12	-74	31	1427467652	0
333	359	12	-74	31	1427467652	2
368	359	12	-82	31	1427467652	0
368	359	12	-82	31	1427467652	1
368	359	12	-82	31	1427467652	2
3	363	12	-74	31	1427467655	0
3	363	12	-74	31	1427467655	1
3	363	12	-74	31	1427467655	2
359	363	12	-58	31	1427467655	0
359	363	12	-58	31	1427467655	1
359	363	12	-58	31	1427467655	2
2	363	12	-87	31	1427467655	0
2	363	12	-87	31	1427467655	1
2	363	12	-86	31	1427467655	2
5	363	12	-60	31	1427467655	0
5	363	12	-60	31	1427467655	1
5	363	12	-60	31	1427467655	2
4	363	12	-74	31	1427467655	0
4	363	12	-74	31	1427467655	1
4	363	12	-74	31	1427467655	2
356	363	12	-73	31	1427467655	0
356	363	12	-73	31	1427467655	1
356	363	12	-72	31	1427467655	2
334	363	12	-72	31	1427467655	0
334	363	12	-71	31	1427467655	1
369	363	12	-72	31	1427467655	0
369	363	12	-72	31	1427467655	1
369	363	12	-72	31	1427467655	2
365	363	12	-78	31	1427467655	1
333	363	12	-60	31	1427467655	0
333	363	12	-60	31	1427467655	1
368	363	12	-79	31	1427467655	0
368	363	12	-79	31	1427467655	2
3	2	12	-78	31	1427467658	0
3	2	12	-78	31	1427467658	1
3	2	12	-78	31	1427467658	2
359	2	12	-80	31	1427467658	0
359	2	12	-80	31	1427467658	1
359	2	12	-81	31	1427467658	2
363	2	12	-86	31	1427467658	1
363	2	12	-86	31	1427467658	2
5	2	12	-74	31	1427467658	0
5	2	12	-74	31	1427467658	1
5	2	12	-74	31	1427467658	2
4	2	12	-68	31	1427467658	0
4	2	12	-68	31	1427467658	1
4	2	12	-69	31	1427467658	2
356	2	12	-77	31	1427467658	0
356	2	12	-77	31	1427467658	1
356	2	12	-77	31	1427467658	2
334	2	12	-64	31	1427467658	0
334	2	12	-65	31	1427467658	1
334	2	12	-64	31	1427467658	2
369	2	12	-62	31	1427467658	0
369	2	12	-62	31	1427467658	1
369	2	12	-62	31	1427467658	2
365	2	12	-64	31	1427467658	0
365	2	12	-64	31	1427467658	1
365	2	12	-64	31	1427467658	2
333	2	12	-68	31	1427467658	0
333	2	12	-68	31	1427467658	1
333	2	12	-68	31	1427467658	2
368	2	12	-66	31	1427467658	0
368	2	12	-66	31	1427467658	1
368	2	12	-66	31	1427467658	2
3	5	12	-78	31	1427467660	0
3	5	12	-78	31	1427467660	1
3	5	12	-78	31	1427467660	2
359	5	12	-64	31	1427467660	0
359	5	12	-64	31	1427467660	1
359	5	12	-64	31	1427467660	2
363	5	12	-61	31	1427467660	0
363	5	12	-62	31	1427467660	1
363	5	12	-61	31	1427467660	2
2	5	12	-74	31	1427467660	0
2	5	12	-74	31	1427467660	1
2	5	12	-74	31	1427467660	2
4	5	12	-64	31	1427467660	0
4	5	12	-64	31	1427467660	1
4	5	12	-64	31	1427467660	2
356	5	12	-61	31	1427467660	0
356	5	12	-62	31	1427467660	1
356	5	12	-62	31	1427467660	2
334	5	12	-75	31	1427467660	0
334	5	12	-75	31	1427467660	1
369	5	12	-90	31	1427467660	0
369	5	12	-90	31	1427467660	1
369	5	12	-89	31	1427467660	2
365	5	12	-80	31	1427467660	0
365	5	12	-80	31	1427467660	1
365	5	12	-80	31	1427467660	2
333	5	12	-73	31	1427467660	0
333	5	12	-73	31	1427467660	1
333	5	12	-73	31	1427467660	2
368	5	12	-61	31	1427467660	0
368	5	12	-61	31	1427467660	1
368	5	12	-61	31	1427467660	2
3	4	12	-75	31	1427467663	0
3	4	12	-75	31	1427467663	1
3	4	12	-75	31	1427467663	2
359	4	12	-76	31	1427467663	0
359	4	12	-76	31	1427467663	1
359	4	12	-76	31	1427467663	2
363	4	12	-72	31	1427467663	0
363	4	12	-72	31	1427467663	1
363	4	12	-73	31	1427467663	2
2	4	12	-66	31	1427467663	0
2	4	12	-66	31	1427467663	1
2	4	12	-66	31	1427467663	2
5	4	12	-62	31	1427467663	0
5	4	12	-62	31	1427467663	1
5	4	12	-62	31	1427467663	2
356	4	12	-67	31	1427467663	0
356	4	12	-66	31	1427467663	1
356	4	12	-66	31	1427467663	2
334	4	12	-72	31	1427467663	0
334	4	12	-72	31	1427467663	1
369	4	12	-56	31	1427467663	0
369	4	12	-56	31	1427467663	1
369	4	12	-56	31	1427467663	2
365	4	12	-73	31	1427467663	0
365	4	12	-73	31	1427467663	1
365	4	12	-73	31	1427467663	2
333	4	12	-68	31	1427467663	0
333	4	12	-68	31	1427467663	1
333	4	12	-68	31	1427467663	2
368	4	12	-70	31	1427467663	0
368	4	12	-70	31	1427467663	1
368	4	12	-70	31	1427467663	2
3	356	12	-78	31	1427467665	0
3	356	12	-78	31	1427467665	1
3	356	12	-78	31	1427467666	2
359	356	12	-58	31	1427467666	0
359	356	12	-58	31	1427467666	1
359	356	12	-58	31	1427467666	2
363	356	12	-74	31	1427467666	0
363	356	12	-73	31	1427467666	1
363	356	12	-74	31	1427467666	2
2	356	12	-78	31	1427467666	0
2	356	12	-78	31	1427467666	1
2	356	12	-78	31	1427467666	2
5	356	12	-61	31	1427467666	0
5	356	12	-61	31	1427467666	1
5	356	12	-61	31	1427467666	2
4	356	12	-70	31	1427467666	0
4	356	12	-70	31	1427467666	1
4	356	12	-70	31	1427467666	2
334	356	12	-66	31	1427467666	0
334	356	12	-66	31	1427467666	1
369	356	12	-71	31	1427467666	0
369	356	12	-71	31	1427467666	1
369	356	12	-71	31	1427467666	2
365	356	12	-64	31	1427467666	0
365	356	12	-65	31	1427467666	1
365	356	12	-64	31	1427467666	2
333	356	12	-67	31	1427467666	0
333	356	12	-67	31	1427467666	1
368	356	12	-70	31	1427467666	0
368	356	12	-70	31	1427467666	1
3	334	12	-76	31	1427467666	0
3	334	12	-76	31	1427467666	1
3	334	12	-76	31	1427467666	2
359	334	12	-66	31	1427467666	0
359	334	12	-66	31	1427467666	1
359	334	12	-66	31	1427467666	2
363	334	12	-69	31	1427467666	0
363	334	12	-69	31	1427467666	1
363	334	12	-69	31	1427467666	2
2	334	12	-62	31	1427467666	0
2	334	12	-63	31	1427467666	1
2	334	12	-62	31	1427467666	2
5	334	12	-73	31	1427467666	0
5	334	12	-73	31	1427467666	1
5	334	12	-73	31	1427467666	2
4	334	12	-72	31	1427467666	0
4	334	12	-72	31	1427467666	1
4	334	12	-72	31	1427467666	2
356	334	12	-64	31	1427467666	0
356	334	12	-64	31	1427467666	1
356	334	12	-64	31	1427467666	2
369	334	12	-62	31	1427467666	0
369	334	12	-62	31	1427467666	1
369	334	12	-62	31	1427467666	2
365	334	12	-65	31	1427467666	0
365	334	12	-65	31	1427467666	1
365	334	12	-65	31	1427467666	2
333	334	12	-62	31	1427467666	0
333	334	12	-62	31	1427467666	1
333	334	12	-62	31	1427467666	2
368	334	12	-75	31	1427467666	0
368	334	12	-74	31	1427467666	1
368	334	12	-75	31	1427467666	2
3	369	12	-85	31	1427467667	0
3	369	12	-86	31	1427467667	1
3	369	12	-86	31	1427467667	2
359	369	12	-78	31	1427467667	0
359	369	12	-79	31	1427467667	1
359	369	12	-79	31	1427467667	2
363	369	12	-69	31	1427467667	0
363	369	12	-69	31	1427467667	1
363	369	12	-69	31	1427467667	2
2	369	12	-60	31	1427467667	0
2	369	12	-60	31	1427467667	1
2	369	12	-60	31	1427467667	2
5	369	12	-85	31	1427467667	0
5	369	12	-85	31	1427467667	1
5	369	12	-84	31	1427467667	2
4	369	12	-53	31	1427467667	0
4	369	12	-53	31	1427467667	1
4	369	12	-54	31	1427467667	2
356	369	12	-67	31	1427467667	0
356	369	12	-67	31	1427467667	1
356	369	12	-67	31	1427467667	2
334	369	12	-62	31	1427467667	0
334	369	12	-62	31	1427467667	1
334	369	12	-64	31	1427467667	2
365	369	12	-60	31	1427467667	0
365	369	12	-58	31	1427467667	1
365	369	12	-60	31	1427467667	2
333	369	12	-63	31	1427467667	0
333	369	12	-63	31	1427467667	1
333	369	12	-63	31	1427467667	2
368	369	12	-62	31	1427467667	0
368	369	12	-62	31	1427467667	1
368	369	12	-62	31	1427467667	2
3	365	12	-80	31	1427467670	0
3	365	12	-81	31	1427467670	1
3	365	12	-80	31	1427467670	2
359	365	12	-74	31	1427467670	0
359	365	12	-74	31	1427467670	1
359	365	12	-74	31	1427467670	2
363	365	12	-76	31	1427467670	1
363	365	12	-76	31	1427467670	2
2	365	12	-62	31	1427467670	0
2	365	12	-62	31	1427467670	1
2	365	12	-62	31	1427467670	2
5	365	12	-76	31	1427467670	0
5	365	12	-77	31	1427467670	1
5	365	12	-77	31	1427467670	2
4	365	12	-72	31	1427467670	0
4	365	12	-72	31	1427467670	1
4	365	12	-73	31	1427467670	2
356	365	12	-62	31	1427467670	0
356	365	12	-62	31	1427467670	1
356	365	12	-62	31	1427467670	2
334	365	12	-66	31	1427467670	0
334	365	12	-66	31	1427467670	1
334	365	12	-65	31	1427467670	2
369	365	12	-60	31	1427467670	0
369	365	12	-60	31	1427467670	1
369	365	12	-60	31	1427467670	2
333	365	12	-58	31	1427467670	0
333	365	12	-60	31	1427467670	1
333	365	12	-60	31	1427467670	2
368	365	12	-76	31	1427467670	0
368	365	12	-76	31	1427467670	1
368	365	12	-76	31	1427467670	2
3	333	12	-91	31	1427467671	0
3	333	12	-90	31	1427467671	1
3	333	12	-90	31	1427467671	2
359	333	12	-74	31	1427467671	0
359	333	12	-74	31	1427467671	1
359	333	12	-74	31	1427467671	2
363	333	12	-58	31	1427467671	0
363	333	12	-58	31	1427467671	1
363	333	12	-58	31	1427467671	2
2	333	12	-67	31	1427467671	0
2	333	12	-68	31	1427467671	1
2	333	12	-67	31	1427467671	2
5	333	12	-70	31	1427467671	0
5	333	12	-70	31	1427467671	1
5	333	12	-70	31	1427467671	2
4	333	12	-68	31	1427467671	0
4	333	12	-68	31	1427467671	1
4	333	12	-68	31	1427467671	2
356	333	12	-67	31	1427467671	0
356	333	12	-66	31	1427467671	1
356	333	12	-66	31	1427467671	2
334	333	12	-64	31	1427467671	0
334	333	12	-64	31	1427467671	1
334	333	12	-64	31	1427467671	2
369	333	12	-64	31	1427467671	0
369	333	12	-64	31	1427467671	1
369	333	12	-64	31	1427467671	2
365	333	12	-61	31	1427467671	0
365	333	12	-60	31	1427467671	1
365	333	12	-60	31	1427467671	2
368	333	12	-60	31	1427467671	0
368	333	12	-60	31	1427467671	1
368	333	12	-60	31	1427467671	2
359	368	12	-92	31	1427467673	0
359	368	12	-92	31	1427467673	1
359	368	12	-92	31	1427467673	2
363	368	12	-80	31	1427467673	0
363	368	12	-79	31	1427467673	1
363	368	12	-79	31	1427467673	2
2	368	12	-66	31	1427467673	0
2	368	12	-66	31	1427467673	1
2	368	12	-66	31	1427467673	2
5	368	12	-60	31	1427467673	0
5	368	12	-60	31	1427467673	1
5	368	12	-60	31	1427467673	2
4	368	12	-70	31	1427467673	0
4	368	12	-71	31	1427467673	1
356	368	12	-68	31	1427467673	0
356	368	12	-69	31	1427467673	2
333	368	12	-55	31	1427467673	0
333	368	12	-55	31	1427467673	2
359	3	18	-73	31	1427467676	0
359	3	18	-74	31	1427467676	1
359	3	18	-74	31	1427467676	2
363	3	18	-66	31	1427467676	0
363	3	18	-66	31	1427467676	1
363	3	18	-66	31	1427467676	2
2	3	18	-82	31	1427467676	0
2	3	18	-82	31	1427467676	1
2	3	18	-82	31	1427467676	2
5	3	18	-72	31	1427467676	0
5	3	18	-72	31	1427467676	1
5	3	18	-72	31	1427467676	2
4	3	18	-76	31	1427467676	0
4	3	18	-76	31	1427467676	1
4	3	18	-76	31	1427467676	2
356	3	18	-81	31	1427467676	0
356	3	18	-81	31	1427467676	1
356	3	18	-81	31	1427467676	2
334	3	18	-72	31	1427467676	0
334	3	18	-72	31	1427467676	1
334	3	18	-73	31	1427467676	2
369	3	18	-84	31	1427467676	0
369	3	18	-84	31	1427467676	2
365	3	18	-77	31	1427467676	0
365	3	18	-77	31	1427467676	1
365	3	18	-77	31	1427467676	2
333	3	18	-83	31	1427467676	0
333	3	18	-84	31	1427467676	2
368	3	18	-78	31	1427467676	0
368	3	18	-78	31	1427467676	1
368	3	18	-77	31	1427467676	2
3	359	18	-75	31	1427467678	0
3	359	18	-76	31	1427467678	1
3	359	18	-76	31	1427467678	2
363	359	18	-53	31	1427467678	0
363	359	18	-53	31	1427467678	1
363	359	18	-53	31	1427467678	2
2	359	18	-68	31	1427467678	0
2	359	18	-68	31	1427467679	1
2	359	18	-68	31	1427467679	2
5	359	18	-64	31	1427467679	0
5	359	18	-64	31	1427467679	1
5	359	18	-64	31	1427467679	2
4	359	18	-75	31	1427467679	0
4	359	18	-75	31	1427467679	1
4	359	18	-75	31	1427467679	2
356	359	18	-54	31	1427467679	0
356	359	18	-54	31	1427467679	1
356	359	18	-55	31	1427467679	2
334	359	18	-68	31	1427467679	0
334	359	18	-68	31	1427467679	1
334	359	18	-68	31	1427467679	2
369	359	18	-68	31	1427467679	0
369	359	18	-70	31	1427467679	2
365	359	18	-68	31	1427467679	0
365	359	18	-68	31	1427467679	1
365	359	18	-68	31	1427467679	2
333	359	18	-68	31	1427467679	0
333	359	18	-68	31	1427467679	1
333	359	18	-68	31	1427467679	2
368	359	18	-70	31	1427467679	0
368	359	18	-70	31	1427467679	1
368	359	18	-70	31	1427467679	2
3	363	18	-70	31	1427467682	0
3	363	18	-70	31	1427467682	1
3	363	18	-70	31	1427467682	2
359	363	18	-57	31	1427467682	0
359	363	18	-57	31	1427467682	1
359	363	18	-57	31	1427467682	2
2	363	18	-72	31	1427467682	0
2	363	18	-72	31	1427467682	1
2	363	18	-71	31	1427467682	2
5	363	18	-58	31	1427467682	0
5	363	18	-58	31	1427467682	1
5	363	18	-58	31	1427467682	2
4	363	18	-62	31	1427467682	0
4	363	18	-62	31	1427467682	1
4	363	18	-62	31	1427467682	2
356	363	18	-65	31	1427467682	0
356	363	18	-65	31	1427467682	1
356	363	18	-65	31	1427467682	2
334	363	18	-78	31	1427467682	0
334	363	18	-78	31	1427467682	1
334	363	18	-78	31	1427467682	2
369	363	18	-70	31	1427467682	0
369	363	18	-70	31	1427467682	2
365	363	18	-70	31	1427467682	0
365	363	18	-70	31	1427467682	1
365	363	18	-70	31	1427467682	2
333	363	18	-60	31	1427467682	0
333	363	18	-60	31	1427467682	1
333	363	18	-60	31	1427467682	2
368	363	18	-61	31	1427467682	1
368	363	18	-60	31	1427467682	2
3	2	18	-84	31	1427467685	0
3	2	18	-84	31	1427467685	1
3	2	18	-84	31	1427467685	2
359	2	18	-71	31	1427467685	0
359	2	18	-71	31	1427467685	1
359	2	18	-71	31	1427467685	2
363	2	18	-72	31	1427467685	0
363	2	18	-70	31	1427467685	1
363	2	18	-70	31	1427467685	2
5	2	18	-66	31	1427467685	0
5	2	18	-66	31	1427467685	1
5	2	18	-66	31	1427467685	2
4	2	18	-74	31	1427467685	0
4	2	18	-72	31	1427467685	1
4	2	18	-74	31	1427467685	2
356	2	18	-70	31	1427467685	0
356	2	18	-70	31	1427467685	1
356	2	18	-70	31	1427467685	2
334	2	18	-60	31	1427467685	0
334	2	18	-60	31	1427467685	1
334	2	18	-60	31	1427467685	2
369	2	18	-62	31	1427467685	0
369	2	18	-62	31	1427467685	2
365	2	18	-58	31	1427467685	0
365	2	18	-56	31	1427467685	1
365	2	18	-56	31	1427467685	2
333	2	18	-75	31	1427467685	0
333	2	18	-75	31	1427467685	1
333	2	18	-75	31	1427467685	2
368	2	18	-64	31	1427467685	0
368	2	18	-64	31	1427467685	1
368	2	18	-64	31	1427467685	2
3	5	18	-74	31	1427467687	0
3	5	18	-74	31	1427467687	1
3	5	18	-74	31	1427467687	2
359	5	18	-67	31	1427467687	0
359	5	18	-68	31	1427467687	1
359	5	18	-68	31	1427467687	2
363	5	18	-59	31	1427467687	0
363	5	18	-56	31	1427467687	1
363	5	18	-58	31	1427467687	2
2	5	18	-66	31	1427467687	0
2	5	18	-66	31	1427467687	1
2	5	18	-66	31	1427467687	2
4	5	18	-70	31	1427467687	0
4	5	18	-70	31	1427467687	1
4	5	18	-70	31	1427467687	2
356	5	18	-68	31	1427467687	0
356	5	18	-68	31	1427467687	1
356	5	18	-69	31	1427467687	2
334	5	18	-80	31	1427467687	0
334	5	18	-80	31	1427467687	1
334	5	18	-80	31	1427467687	2
369	5	18	-73	31	1427467687	0
369	5	18	-72	31	1427467687	2
365	5	18	-68	31	1427467687	0
365	5	18	-68	31	1427467687	1
365	5	18	-68	31	1427467687	2
333	5	18	-60	31	1427467687	0
333	5	18	-60	31	1427467687	1
333	5	18	-60	31	1427467687	2
368	5	18	-56	31	1427467687	0
368	5	18	-58	31	1427467687	1
368	5	18	-58	31	1427467687	2
3	4	18	-77	31	1427467691	0
3	4	18	-77	31	1427467691	1
3	4	18	-77	31	1427467691	2
359	4	18	-74	31	1427467691	0
359	4	18	-75	31	1427467691	1
359	4	18	-74	31	1427467691	2
363	4	18	-60	31	1427467691	0
363	4	18	-57	31	1427467691	1
363	4	18	-60	31	1427467691	2
2	4	18	-71	31	1427467691	0
2	4	18	-71	31	1427467691	1
2	4	18	-71	31	1427467691	2
5	4	18	-68	31	1427467691	0
5	4	18	-68	31	1427467691	1
5	4	18	-68	31	1427467691	2
356	4	18	-68	31	1427467691	0
356	4	18	-68	31	1427467691	1
356	4	18	-68	31	1427467691	2
334	4	18	-65	31	1427467691	0
334	4	18	-64	31	1427467691	1
334	4	18	-65	31	1427467691	2
369	4	18	-57	31	1427467691	0
369	4	18	-57	31	1427467691	2
365	4	18	-59	31	1427467691	0
365	4	18	-59	31	1427467691	1
365	4	18	-59	31	1427467691	2
333	4	18	-59	31	1427467691	0
333	4	18	-59	31	1427467691	1
333	4	18	-59	31	1427467691	2
368	4	18	-75	31	1427467691	0
368	4	18	-75	31	1427467691	1
368	4	18	-76	31	1427467691	2
3	356	18	-85	31	1427467694	0
3	356	18	-85	31	1427467694	1
3	356	18	-85	31	1427467694	2
359	356	18	-59	31	1427467694	0
359	356	18	-59	31	1427467694	1
359	356	18	-59	31	1427467694	2
363	356	18	-65	31	1427467694	0
363	356	18	-65	31	1427467694	1
363	356	18	-66	31	1427467694	2
2	356	18	-72	31	1427467694	0
2	356	18	-73	31	1427467694	1
2	356	18	-72	31	1427467694	2
5	356	18	-70	31	1427467694	0
5	356	18	-70	31	1427467694	1
5	356	18	-69	31	1427467694	2
4	356	18	-71	31	1427467694	0
4	356	18	-71	31	1427467694	1
4	356	18	-70	31	1427467694	2
334	356	18	-64	31	1427467694	0
334	356	18	-64	31	1427467694	1
334	356	18	-64	31	1427467694	2
369	356	18	-70	31	1427467694	0
369	356	18	-70	31	1427467694	2
365	356	18	-66	31	1427467694	0
365	356	18	-66	31	1427467694	1
365	356	18	-66	31	1427467694	2
333	356	18	-72	31	1427467694	0
333	356	18	-73	31	1427467694	1
333	356	18	-72	31	1427467694	2
368	356	18	-73	31	1427467694	0
368	356	18	-73	31	1427467694	1
368	356	18	-74	31	1427467694	2
3	334	18	-75	31	1427467697	0
3	334	18	-75	31	1427467697	1
3	334	18	-75	31	1427467697	2
359	334	18	-69	31	1427467697	0
359	334	18	-70	31	1427467697	1
359	334	18	-69	31	1427467697	2
363	334	18	-77	31	1427467697	0
363	334	18	-77	31	1427467697	1
363	334	18	-77	31	1427467697	2
2	334	18	-60	31	1427467697	0
2	334	18	-60	31	1427467697	1
2	334	18	-60	31	1427467697	2
5	334	18	-78	31	1427467697	0
5	334	18	-78	31	1427467697	1
5	334	18	-78	31	1427467697	2
4	334	18	-65	31	1427467697	0
4	334	18	-64	31	1427467697	1
4	334	18	-65	31	1427467697	2
356	334	18	-62	31	1427467697	0
356	334	18	-62	31	1427467697	1
356	334	18	-62	31	1427467697	2
369	334	18	-64	31	1427467697	0
369	334	18	-64	31	1427467697	2
365	334	18	-60	31	1427467697	0
365	334	18	-60	31	1427467697	1
365	334	18	-60	31	1427467697	2
333	334	18	-76	31	1427467697	0
333	334	18	-76	31	1427467697	1
333	334	18	-76	31	1427467697	2
368	334	18	-68	31	1427467697	0
368	334	18	-68	31	1427467697	1
3	369	18	-83	31	1427467698	0
3	369	18	-83	31	1427467698	1
3	369	18	-83	31	1427467698	2
359	369	18	-69	31	1427467698	0
359	369	18	-69	31	1427467698	1
359	369	18	-69	31	1427467698	2
363	369	18	-65	31	1427467698	0
363	369	18	-65	31	1427467698	1
363	369	18	-65	31	1427467698	2
2	369	18	-60	31	1427467698	0
2	369	18	-56	31	1427467698	1
2	369	18	-60	31	1427467698	2
5	369	18	-68	31	1427467698	0
5	369	18	-68	31	1427467698	1
5	369	18	-68	31	1427467698	2
4	369	18	-55	31	1427467698	0
4	369	18	-55	31	1427467698	1
4	369	18	-55	31	1427467698	2
356	369	18	-66	31	1427467698	0
356	369	18	-65	31	1427467698	1
356	369	18	-66	31	1427467698	2
334	369	18	-64	31	1427467698	0
334	369	18	-62	31	1427467698	1
334	369	18	-64	31	1427467698	2
365	369	18	-57	31	1427467698	0
365	369	18	-59	31	1427467698	1
365	369	18	-58	31	1427467698	2
333	369	18	-62	31	1427467698	0
333	369	18	-62	31	1427467698	1
333	369	18	-61	31	1427467698	2
368	369	18	-69	31	1427467698	0
368	369	18	-70	31	1427467698	1
368	369	18	-69	31	1427467698	2
3	365	18	-78	31	1427467701	0
3	365	18	-78	31	1427467701	1
3	365	18	-78	31	1427467701	2
359	365	18	-69	31	1427467701	0
359	365	18	-70	31	1427467701	1
359	365	18	-70	31	1427467701	2
363	365	18	-68	31	1427467701	0
363	365	18	-68	31	1427467701	1
363	365	18	-68	31	1427467701	2
2	365	18	-58	31	1427467701	0
2	365	18	-57	31	1427467701	1
2	365	18	-58	31	1427467701	2
5	365	18	-66	31	1427467701	0
5	365	18	-66	31	1427467701	1
5	365	18	-66	31	1427467701	2
4	365	18	-59	31	1427467701	0
4	365	18	-59	31	1427467701	1
4	365	18	-59	31	1427467701	2
356	365	18	-63	31	1427467701	0
356	365	18	-63	31	1427467701	1
356	365	18	-63	31	1427467701	2
334	365	18	-60	31	1427467701	0
334	365	18	-60	31	1427467701	2
369	365	18	-60	31	1427467701	2
333	365	18	-68	31	1427467701	1
368	365	18	-69	31	1427467701	0
368	365	18	-69	31	1427467701	1
368	365	18	-69	31	1427467701	2
359	333	18	-70	31	1427467703	0
359	333	18	-70	31	1427467703	1
359	333	18	-70	31	1427467703	2
363	333	18	-58	31	1427467703	0
363	333	18	-56	31	1427467703	1
363	333	18	-58	31	1427467703	2
2	333	18	-75	31	1427467703	0
2	333	18	-75	31	1427467703	1
2	333	18	-75	31	1427467703	2
5	333	18	-59	31	1427467703	0
5	333	18	-59	31	1427467703	1
5	333	18	-59	31	1427467703	2
4	333	18	-61	31	1427467703	0
4	333	18	-54	31	1427467703	1
4	333	18	-54	31	1427467703	2
356	333	18	-70	31	1427467703	0
356	333	18	-70	31	1427467703	1
356	333	18	-70	31	1427467703	2
334	333	18	-77	31	1427467703	0
334	333	18	-77	31	1427467703	1
334	333	18	-77	31	1427467703	2
369	333	18	-64	31	1427467703	0
369	333	18	-64	31	1427467703	2
365	333	18	-69	31	1427467703	0
365	333	18	-69	31	1427467703	1
365	333	18	-70	31	1427467703	2
368	333	18	-57	31	1427467703	0
368	333	18	-56	31	1427467703	1
368	333	18	-55	31	1427467703	2
3	368	18	-76	31	1427467706	0
3	368	18	-77	31	1427467706	1
3	368	18	-76	31	1427467706	2
359	368	18	-73	31	1427467706	0
359	368	18	-73	31	1427467706	1
359	368	18	-74	31	1427467706	2
363	368	18	-61	31	1427467706	0
363	368	18	-62	31	1427467706	1
363	368	18	-61	31	1427467706	2
2	368	18	-65	31	1427467706	0
2	368	18	-65	31	1427467706	1
2	368	18	-65	31	1427467706	2
5	368	18	-54	31	1427467706	0
5	368	18	-54	31	1427467706	1
5	368	18	-54	31	1427467706	2
4	368	18	-78	31	1427467706	1
4	368	18	-78	31	1427467706	2
356	368	18	-72	31	1427467706	0
356	368	18	-72	31	1427467706	1
356	368	18	-72	31	1427467706	2
334	368	18	-72	31	1427467706	0
334	368	18	-72	31	1427467706	1
334	368	18	-73	31	1427467706	2
369	368	18	-74	31	1427467706	2
365	368	18	-71	31	1427467706	0
365	368	18	-71	31	1427467706	1
365	368	18	-71	31	1427467706	2
333	368	18	-57	31	1427467706	0
333	368	18	-58	31	1427467706	1
333	368	18	-57	31	1427467706	2
359	3	19	-70	31	1427467710	0
359	3	19	-71	31	1427467710	1
359	3	19	-71	31	1427467710	2
363	3	19	-81	31	1427467710	0
363	3	19	-80	31	1427467710	1
363	3	19	-81	31	1427467710	2
2	3	19	-80	31	1427467710	0
2	3	19	-80	31	1427467710	1
2	3	19	-80	31	1427467710	2
5	3	19	-71	31	1427467710	0
5	3	19	-71	31	1427467710	1
5	3	19	-71	31	1427467710	2
4	3	19	-77	31	1427467710	0
4	3	19	-77	31	1427467710	1
4	3	19	-77	31	1427467710	2
356	3	19	-68	31	1427467710	0
356	3	19	-68	31	1427467710	1
356	3	19	-68	31	1427467710	2
334	3	19	-78	31	1427467710	0
334	3	19	-78	31	1427467710	1
334	3	19	-78	31	1427467710	2
369	3	19	-84	31	1427467710	0
369	3	19	-85	31	1427467710	1
369	3	19	-84	31	1427467710	2
365	3	19	-89	31	1427467710	1
365	3	19	-89	31	1427467710	2
333	3	19	-80	31	1427467710	0
333	3	19	-80	31	1427467710	1
333	3	19	-80	31	1427467710	2
368	3	19	-71	31	1427467710	0
368	3	19	-72	31	1427467710	1
368	3	19	-71	31	1427467710	2
3	359	19	-78	31	1427467711	0
3	359	19	-77	31	1427467711	1
3	359	19	-76	31	1427467711	2
363	359	19	-55	31	1427467711	0
363	359	19	-55	31	1427467711	1
363	359	19	-55	31	1427467711	2
2	359	19	-72	31	1427467711	0
2	359	19	-72	31	1427467711	1
2	359	19	-72	31	1427467711	2
5	359	19	-66	31	1427467711	0
5	359	19	-66	31	1427467711	1
5	359	19	-66	31	1427467711	2
4	359	19	-70	31	1427467711	0
4	359	19	-70	31	1427467711	1
4	359	19	-70	31	1427467711	2
356	359	19	-54	31	1427467711	0
356	359	19	-54	31	1427467711	1
356	359	19	-54	31	1427467711	2
334	359	19	-66	31	1427467711	0
334	359	19	-66	31	1427467711	1
334	359	19	-66	31	1427467711	2
369	359	19	-78	31	1427467711	0
369	359	19	-78	31	1427467711	1
369	359	19	-79	31	1427467711	2
365	359	19	-70	31	1427467711	0
365	359	19	-70	31	1427467711	1
365	359	19	-70	31	1427467711	2
333	359	19	-73	31	1427467711	0
333	359	19	-72	31	1427467711	1
333	359	19	-73	31	1427467711	2
368	359	19	-70	31	1427467711	0
368	359	19	-70	31	1427467711	1
368	359	19	-70	31	1427467711	2
3	363	19	-83	31	1427467714	0
3	363	19	-83	31	1427467714	1
3	363	19	-82	31	1427467714	2
359	363	19	-59	31	1427467714	0
359	363	19	-59	31	1427467714	1
359	363	19	-58	31	1427467714	2
2	363	19	-68	31	1427467714	0
2	363	19	-68	31	1427467714	1
2	363	19	-68	31	1427467715	2
5	363	19	-58	31	1427467715	0
5	363	19	-58	31	1427467715	1
5	363	19	-58	31	1427467715	2
4	363	19	-61	31	1427467715	0
4	363	19	-61	31	1427467715	1
4	363	19	-61	31	1427467715	2
356	363	19	-67	31	1427467715	0
356	363	19	-67	31	1427467715	1
356	363	19	-67	31	1427467715	2
334	363	19	-78	31	1427467715	0
334	363	19	-79	31	1427467715	1
334	363	19	-79	31	1427467715	2
369	363	19	-66	31	1427467715	0
369	363	19	-66	31	1427467715	1
369	363	19	-66	31	1427467715	2
365	363	19	-68	31	1427467715	0
365	363	19	-68	31	1427467715	1
365	363	19	-68	31	1427467715	2
333	363	19	-61	31	1427467715	0
333	363	19	-61	31	1427467715	1
368	363	19	-58	31	1427467715	0
368	363	19	-58	31	1427467715	2
3	2	19	-82	31	1427467715	0
3	2	19	-82	31	1427467715	1
3	2	19	-82	31	1427467715	2
359	2	19	-75	31	1427467715	0
359	2	19	-75	31	1427467715	1
359	2	19	-75	31	1427467715	2
363	2	19	-68	31	1427467715	0
363	2	19	-68	31	1427467715	1
363	2	19	-68	31	1427467715	2
5	2	19	-68	31	1427467715	0
5	2	19	-68	31	1427467715	1
5	2	19	-68	31	1427467715	2
4	2	19	-77	31	1427467715	0
4	2	19	-77	31	1427467715	1
4	2	19	-77	31	1427467715	2
356	2	19	-83	31	1427467715	0
356	2	19	-83	31	1427467715	1
356	2	19	-83	31	1427467715	2
334	2	19	-62	31	1427467715	0
334	2	19	-62	31	1427467715	1
334	2	19	-62	31	1427467715	2
369	2	19	-66	31	1427467715	0
369	2	19	-66	31	1427467715	1
369	2	19	-66	31	1427467715	2
365	2	19	-55	31	1427467715	0
365	2	19	-54	31	1427467715	1
365	2	19	-54	31	1427467715	2
333	2	19	-78	31	1427467715	0
333	2	19	-78	31	1427467715	1
333	2	19	-78	31	1427467715	2
368	2	19	-64	31	1427467715	0
368	2	19	-64	31	1427467715	1
368	2	19	-64	31	1427467715	2
3	5	19	-74	31	1427467716	0
3	5	19	-74	31	1427467716	1
3	5	19	-74	31	1427467716	2
359	5	19	-68	31	1427467716	0
359	5	19	-68	31	1427467716	1
359	5	19	-68	31	1427467716	2
363	5	19	-56	31	1427467716	0
363	5	19	-59	31	1427467716	1
363	5	19	-56	31	1427467716	2
2	5	19	-68	31	1427467716	0
2	5	19	-68	31	1427467716	1
2	5	19	-68	31	1427467716	2
4	5	19	-74	31	1427467716	0
4	5	19	-74	31	1427467716	1
4	5	19	-74	31	1427467716	2
356	5	19	-62	31	1427467716	0
356	5	19	-62	31	1427467716	1
356	5	19	-62	31	1427467716	2
334	5	19	-85	31	1427467716	0
334	5	19	-85	31	1427467716	1
334	5	19	-86	31	1427467716	2
369	5	19	-73	31	1427467716	0
369	5	19	-73	31	1427467716	1
369	5	19	-72	31	1427467716	2
365	5	19	-70	31	1427467716	0
365	5	19	-71	31	1427467716	1
365	5	19	-70	31	1427467716	2
333	5	19	-61	31	1427467716	0
333	5	19	-61	31	1427467716	1
333	5	19	-61	31	1427467716	2
368	5	19	-56	31	1427467716	0
368	5	19	-56	31	1427467716	1
368	5	19	-58	31	1427467716	2
3	4	19	-75	31	1427467718	0
3	4	19	-75	31	1427467718	1
3	4	19	-75	31	1427467718	2
359	4	19	-72	31	1427467718	0
359	4	19	-72	31	1427467718	1
359	4	19	-72	31	1427467718	2
363	4	19	-59	31	1427467718	0
363	4	19	-57	31	1427467718	1
363	4	19	-59	31	1427467718	2
2	4	19	-76	31	1427467718	0
2	4	19	-76	31	1427467718	1
2	4	19	-76	31	1427467718	2
5	4	19	-71	31	1427467718	0
5	4	19	-71	31	1427467718	1
5	4	19	-71	31	1427467718	2
356	4	19	-70	31	1427467718	0
356	4	19	-70	31	1427467718	1
356	4	19	-70	31	1427467718	2
334	4	19	-68	31	1427467718	0
334	4	19	-67	31	1427467718	1
334	4	19	-67	31	1427467718	2
369	4	19	-54	31	1427467718	0
369	4	19	-54	31	1427467718	1
369	4	19	-54	31	1427467718	2
365	4	19	-57	31	1427467718	0
365	4	19	-58	31	1427467718	1
365	4	19	-58	31	1427467718	2
333	4	19	-55	31	1427467718	0
333	4	19	-55	31	1427467718	2
368	4	19	-65	31	1427467718	0
368	4	19	-64	31	1427467718	1
368	4	19	-65	31	1427467718	2
3	356	19	-75	31	1427467719	0
3	356	19	-75	31	1427467719	1
3	356	19	-76	31	1427467719	2
359	356	19	-58	31	1427467719	0
359	356	19	-58	31	1427467719	1
359	356	19	-58	31	1427467719	2
363	356	19	-68	31	1427467719	0
363	356	19	-68	31	1427467719	1
363	356	19	-68	31	1427467719	2
2	356	19	-84	31	1427467719	0
2	356	19	-84	31	1427467719	1
2	356	19	-84	31	1427467719	2
5	356	19	-63	31	1427467719	0
5	356	19	-63	31	1427467719	1
5	356	19	-63	31	1427467719	2
4	356	19	-74	31	1427467719	0
4	356	19	-73	31	1427467719	1
4	356	19	-73	31	1427467719	2
334	356	19	-66	31	1427467719	0
334	356	19	-65	31	1427467719	1
334	356	19	-66	31	1427467719	2
369	356	19	-70	31	1427467719	0
369	356	19	-70	31	1427467719	1
369	356	19	-70	31	1427467719	2
365	356	19	-66	31	1427467719	0
365	356	19	-66	31	1427467719	1
365	356	19	-66	31	1427467719	2
333	356	19	-70	31	1427467719	0
333	356	19	-70	31	1427467719	1
333	356	19	-70	31	1427467719	2
368	356	19	-68	31	1427467719	0
368	356	19	-68	31	1427467719	1
368	356	19	-68	31	1427467719	2
3	334	19	-79	31	1427467720	0
3	334	19	-79	31	1427467720	1
3	334	19	-79	31	1427467720	2
359	334	19	-66	31	1427467720	0
359	334	19	-66	31	1427467720	1
359	334	19	-66	31	1427467720	2
363	334	19	-78	31	1427467720	0
363	334	19	-78	31	1427467720	1
363	334	19	-78	31	1427467720	2
2	334	19	-60	31	1427467720	0
2	334	19	-60	31	1427467720	1
2	334	19	-60	31	1427467720	2
5	334	19	-82	31	1427467720	0
5	334	19	-82	31	1427467720	1
5	334	19	-82	31	1427467720	2
4	334	19	-68	31	1427467720	0
4	334	19	-68	31	1427467720	1
4	334	19	-68	31	1427467720	2
356	334	19	-62	31	1427467720	0
356	334	19	-62	31	1427467720	1
356	334	19	-62	31	1427467720	2
369	334	19	-64	31	1427467720	0
369	334	19	-64	31	1427467720	1
369	334	19	-64	31	1427467720	2
365	334	19	-62	31	1427467720	0
365	334	19	-62	31	1427467720	1
365	334	19	-62	31	1427467720	2
333	334	19	-85	31	1427467720	0
333	334	19	-85	31	1427467720	1
333	334	19	-85	31	1427467720	2
368	334	19	-69	31	1427467720	0
368	334	19	-69	31	1427467720	1
368	334	19	-69	31	1427467720	2
3	369	19	-83	31	1427467723	0
3	369	19	-82	31	1427467723	1
3	369	19	-82	31	1427467723	2
359	369	19	-77	31	1427467723	0
359	369	19	-77	31	1427467723	1
359	369	19	-77	31	1427467723	2
363	369	19	-65	31	1427467723	0
363	369	19	-63	31	1427467723	1
363	369	19	-63	31	1427467723	2
2	369	19	-62	31	1427467723	0
2	369	19	-62	31	1427467723	1
2	369	19	-62	31	1427467723	2
5	369	19	-69	31	1427467723	0
5	369	19	-70	31	1427467723	1
5	369	19	-69	31	1427467723	2
4	369	19	-58	31	1427467723	0
4	369	19	-58	31	1427467723	1
4	369	19	-58	31	1427467723	2
356	369	19	-66	31	1427467723	0
356	369	19	-66	31	1427467723	1
356	369	19	-66	31	1427467723	2
334	369	19	-64	31	1427467723	0
334	369	19	-63	31	1427467723	1
334	369	19	-63	31	1427467723	2
365	369	19	-60	31	1427467723	0
365	369	19	-59	31	1427467723	1
365	369	19	-60	31	1427467723	2
333	369	19	-65	31	1427467723	0
333	369	19	-65	31	1427467723	1
368	369	19	-81	31	1427467723	0
368	369	19	-81	31	1427467723	1
368	369	19	-81	31	1427467723	2
3	365	19	-89	31	1427467726	1
3	365	19	-89	31	1427467726	2
359	365	19	-72	31	1427467726	0
359	365	19	-72	31	1427467726	1
359	365	19	-72	31	1427467726	2
363	365	19	-67	31	1427467726	0
363	365	19	-66	31	1427467726	1
363	365	19	-66	31	1427467726	2
2	365	19	-58	31	1427467726	0
2	365	19	-58	31	1427467726	1
2	365	19	-58	31	1427467726	2
5	365	19	-68	31	1427467726	0
5	365	19	-68	31	1427467726	1
5	365	19	-68	31	1427467726	2
4	365	19	-56	31	1427467726	0
4	365	19	-59	31	1427467726	1
4	365	19	-58	31	1427467726	2
356	365	19	-62	31	1427467726	0
356	365	19	-62	31	1427467726	1
356	365	19	-62	31	1427467726	2
334	365	19	-62	31	1427467726	0
334	365	19	-62	31	1427467726	1
334	365	19	-62	31	1427467726	2
369	365	19	-56	31	1427467726	0
369	365	19	-58	31	1427467726	1
369	365	19	-58	31	1427467726	2
333	365	19	-73	31	1427467726	0
333	365	19	-72	31	1427467726	1
333	365	19	-73	31	1427467726	2
368	365	19	-64	31	1427467726	0
368	365	19	-64	31	1427467726	1
368	365	19	-64	31	1427467726	2
3	333	19	-87	31	1427467727	0
3	333	19	-85	31	1427467727	1
3	333	19	-85	31	1427467727	2
359	333	19	-72	31	1427467727	0
359	333	19	-73	31	1427467727	1
359	333	19	-72	31	1427467727	2
363	333	19	-60	31	1427467727	0
363	333	19	-62	31	1427467727	1
363	333	19	-62	31	1427467727	2
2	333	19	-78	31	1427467727	0
2	333	19	-78	31	1427467727	1
2	333	19	-78	31	1427467727	2
5	333	19	-60	31	1427467727	0
5	333	19	-60	31	1427467727	1
5	333	19	-60	31	1427467727	2
4	333	19	-57	31	1427467727	0
4	333	19	-57	31	1427467727	1
4	333	19	-57	31	1427467727	2
356	333	19	-67	31	1427467727	0
356	333	19	-66	31	1427467727	1
356	333	19	-66	31	1427467727	2
334	333	19	-85	31	1427467727	0
334	333	19	-85	31	1427467727	1
334	333	19	-85	31	1427467727	2
369	333	19	-68	31	1427467727	0
369	333	19	-68	31	1427467727	1
369	333	19	-68	31	1427467727	2
365	333	19	-75	31	1427467727	0
365	333	19	-75	31	1427467727	1
365	333	19	-75	31	1427467727	2
368	333	19	-55	31	1427467727	0
368	333	19	-53	31	1427467727	1
368	333	19	-53	31	1427467727	2
3	368	19	-75	31	1427467729	0
3	368	19	-76	31	1427467729	1
3	368	19	-75	31	1427467729	2
359	368	19	-74	31	1427467729	0
359	368	19	-73	31	1427467729	1
359	368	19	-74	31	1427467729	2
363	368	19	-58	31	1427467729	0
363	368	19	-59	31	1427467729	1
363	368	19	-58	31	1427467729	2
2	368	19	-64	31	1427467729	0
2	368	19	-64	31	1427467729	1
2	368	19	-64	31	1427467729	2
5	368	19	-58	31	1427467729	0
5	368	19	-58	31	1427467729	1
5	368	19	-58	31	1427467729	2
4	368	19	-66	31	1427467729	0
4	368	19	-67	31	1427467729	1
4	368	19	-66	31	1427467729	2
356	368	19	-68	31	1427467729	0
356	368	19	-68	31	1427467729	1
334	368	19	-72	31	1427467729	0
334	368	19	-71	31	1427467729	2
369	368	19	-86	31	1427467729	1
369	368	19	-86	31	1427467729	2
365	368	19	-66	31	1427467729	1
365	368	19	-66	31	1427467729	2
333	368	19	-55	31	1427467729	2
359	3	26	-60	31	1427467732	0
359	3	26	-61	31	1427467732	1
359	3	26	-60	31	1427467732	2
363	3	26	-66	31	1427467732	0
363	3	26	-66	31	1427467732	1
363	3	26	-66	31	1427467732	2
2	3	26	-78	31	1427467732	0
2	3	26	-78	31	1427467732	1
2	3	26	-78	31	1427467732	2
5	3	26	-68	31	1427467732	0
5	3	26	-68	31	1427467732	1
5	3	26	-68	31	1427467732	2
4	3	26	-75	31	1427467732	0
4	3	26	-74	31	1427467732	1
4	3	26	-74	31	1427467732	2
356	3	26	-69	31	1427467732	0
356	3	26	-69	31	1427467732	1
356	3	26	-69	31	1427467732	2
334	3	26	-81	31	1427467732	0
334	3	26	-81	31	1427467732	1
334	3	26	-81	31	1427467732	2
369	3	26	-76	31	1427467732	0
369	3	26	-76	31	1427467732	1
369	3	26	-76	31	1427467732	2
365	3	26	-79	31	1427467732	0
365	3	26	-80	31	1427467732	1
365	3	26	-80	31	1427467732	2
333	3	26	-70	31	1427467732	0
333	3	26	-69	31	1427467732	1
333	3	26	-68	31	1427467732	2
368	3	26	-79	31	1427467732	0
368	3	26	-78	31	1427467732	1
368	3	26	-78	31	1427467732	2
3	359	26	-60	31	1427467732	0
3	359	26	-60	31	1427467732	1
3	359	26	-60	31	1427467732	2
363	359	26	-58	31	1427467732	0
363	359	26	-58	31	1427467732	1
363	359	26	-58	31	1427467732	2
2	359	26	-80	31	1427467733	0
2	359	26	-80	31	1427467733	1
2	359	26	-80	31	1427467733	2
5	359	26	-72	31	1427467733	0
5	359	26	-70	31	1427467733	1
5	359	26	-72	31	1427467733	2
4	359	26	-82	31	1427467733	0
4	359	26	-81	31	1427467733	1
4	359	26	-80	31	1427467733	2
356	359	26	-51	31	1427467733	0
356	359	26	-51	31	1427467733	1
356	359	26	-51	31	1427467733	2
334	359	26	-66	31	1427467733	0
334	359	26	-66	31	1427467733	1
334	359	26	-66	31	1427467733	2
369	359	26	-75	31	1427467733	0
369	359	26	-74	31	1427467733	1
369	359	26	-75	31	1427467733	2
365	359	26	-70	31	1427467733	0
365	359	26	-70	31	1427467733	1
365	359	26	-70	31	1427467733	2
333	359	26	-70	31	1427467733	0
333	359	26	-70	31	1427467733	1
333	359	26	-70	31	1427467733	2
368	359	26	-74	31	1427467733	0
368	359	26	-74	31	1427467733	1
368	359	26	-74	31	1427467733	2
3	363	26	-68	31	1427467735	0
3	363	26	-68	31	1427467735	1
3	363	26	-68	31	1427467735	2
359	363	26	-62	31	1427467735	0
359	363	26	-62	31	1427467735	1
359	363	26	-62	31	1427467735	2
2	363	26	-70	31	1427467735	0
2	363	26	-71	31	1427467735	1
2	363	26	-72	31	1427467735	2
5	363	26	-60	31	1427467735	0
5	363	26	-60	31	1427467735	1
5	363	26	-60	31	1427467735	2
4	363	26	-62	31	1427467735	0
4	363	26	-62	31	1427467735	1
4	363	26	-62	31	1427467735	2
356	363	26	-57	31	1427467735	0
356	363	26	-58	31	1427467735	1
356	363	26	-58	31	1427467735	2
334	363	26	-64	31	1427467735	0
334	363	26	-64	31	1427467735	1
334	363	26	-63	31	1427467735	2
369	363	26	-73	31	1427467735	0
369	363	26	-73	31	1427467735	1
369	363	26	-73	31	1427467735	2
365	363	26	-80	31	1427467735	0
333	363	26	-66	31	1427467735	0
333	363	26	-66	31	1427467735	2
368	363	26	-62	31	1427467735	1
3	2	26	-79	31	1427467736	0
3	2	26	-79	31	1427467736	1
3	2	26	-79	31	1427467736	2
359	2	26	-80	31	1427467736	0
359	2	26	-80	31	1427467736	1
359	2	26	-80	31	1427467736	2
363	2	26	-69	31	1427467736	0
363	2	26	-69	31	1427467736	1
363	2	26	-70	31	1427467736	2
5	2	26	-72	31	1427467736	0
5	2	26	-71	31	1427467736	1
5	2	26	-72	31	1427467736	2
4	2	26	-68	31	1427467736	0
4	2	26	-68	31	1427467736	1
4	2	26	-68	31	1427467736	2
356	2	26	-68	31	1427467736	0
356	2	26	-68	31	1427467736	1
356	2	26	-68	31	1427467736	2
334	2	26	-62	31	1427467736	0
334	2	26	-62	31	1427467736	1
334	2	26	-62	31	1427467736	2
369	2	26	-80	31	1427467736	0
369	2	26	-81	31	1427467736	1
369	2	26	-82	31	1427467736	2
365	2	26	-59	31	1427467736	0
365	2	26	-59	31	1427467736	1
365	2	26	-59	31	1427467736	2
333	2	26	-62	31	1427467736	0
333	2	26	-62	31	1427467736	1
333	2	26	-62	31	1427467736	2
368	2	26	-64	31	1427467736	0
368	2	26	-64	31	1427467736	1
368	2	26	-64	31	1427467736	2
3	5	26	-68	31	1427467736	0
3	5	26	-68	31	1427467736	1
3	5	26	-68	31	1427467736	2
359	5	26	-72	31	1427467736	0
359	5	26	-72	31	1427467736	1
359	5	26	-72	31	1427467736	2
363	5	26	-59	31	1427467736	0
363	5	26	-58	31	1427467736	1
363	5	26	-59	31	1427467736	2
2	5	26	-73	31	1427467736	0
2	5	26	-72	31	1427467736	1
2	5	26	-71	31	1427467736	2
4	5	26	-66	31	1427467736	0
4	5	26	-66	31	1427467736	1
4	5	26	-66	31	1427467736	2
356	5	26	-68	31	1427467736	0
356	5	26	-68	31	1427467736	1
356	5	26	-69	31	1427467736	2
334	5	26	-68	31	1427467736	0
334	5	26	-68	31	1427467736	1
334	5	26	-68	31	1427467736	2
369	5	26	-68	31	1427467736	0
369	5	26	-69	31	1427467736	1
369	5	26	-69	31	1427467736	2
365	5	26	-73	31	1427467736	0
365	5	26	-74	31	1427467736	1
365	5	26	-73	31	1427467736	2
333	5	26	-56	31	1427467736	0
333	5	26	-56	31	1427467736	1
333	5	26	-56	31	1427467736	2
368	5	26	-62	31	1427467736	0
368	5	26	-62	31	1427467736	1
368	5	26	-61	31	1427467736	2
3	4	26	-78	31	1427467737	0
3	4	26	-78	31	1427467737	1
3	4	26	-78	31	1427467737	2
359	4	26	-79	31	1427467737	0
359	4	26	-79	31	1427467737	1
359	4	26	-79	31	1427467737	2
363	4	26	-62	31	1427467737	0
363	4	26	-60	31	1427467737	1
363	4	26	-60	31	1427467737	2
2	4	26	-67	31	1427467737	0
2	4	26	-66	31	1427467737	1
2	4	26	-66	31	1427467737	2
5	4	26	-66	31	1427467737	0
5	4	26	-66	31	1427467737	1
5	4	26	-65	31	1427467737	2
356	4	26	-79	31	1427467737	0
356	4	26	-79	31	1427467737	1
356	4	26	-82	31	1427467737	2
334	4	26	-61	31	1427467737	0
334	4	26	-61	31	1427467737	1
334	4	26	-61	31	1427467737	2
369	4	26	-56	31	1427467737	0
369	4	26	-57	31	1427467737	1
369	4	26	-57	31	1427467737	2
365	4	26	-55	31	1427467737	0
365	4	26	-55	31	1427467737	1
365	4	26	-55	31	1427467737	2
333	4	26	-59	31	1427467737	0
333	4	26	-59	31	1427467737	1
333	4	26	-59	31	1427467737	2
368	4	26	-61	31	1427467737	0
368	4	26	-60	31	1427467737	1
368	4	26	-60	31	1427467737	2
3	356	26	-72	31	1427467738	0
3	356	26	-72	31	1427467738	1
3	356	26	-71	31	1427467738	2
359	356	26	-53	31	1427467738	0
359	356	26	-53	31	1427467738	1
359	356	26	-54	31	1427467738	2
363	356	26	-57	31	1427467738	0
363	356	26	-57	31	1427467738	1
363	356	26	-58	31	1427467738	2
2	356	26	-71	31	1427467738	0
2	356	26	-70	31	1427467738	1
2	356	26	-71	31	1427467738	2
5	356	26	-73	31	1427467738	0
5	356	26	-72	31	1427467738	1
5	356	26	-72	31	1427467738	2
4	356	26	-81	31	1427467738	0
4	356	26	-80	31	1427467738	1
4	356	26	-80	31	1427467738	2
334	356	26	-80	31	1427467738	0
334	356	26	-80	31	1427467738	1
334	356	26	-80	31	1427467738	2
369	356	26	-74	31	1427467738	0
369	356	26	-73	31	1427467738	1
369	356	26	-73	31	1427467738	2
365	356	26	-74	31	1427467738	0
365	356	26	-73	31	1427467738	1
365	356	26	-73	31	1427467738	2
333	356	26	-70	31	1427467738	0
333	356	26	-70	31	1427467738	1
333	356	26	-70	31	1427467738	2
368	356	26	-72	31	1427467738	0
368	356	26	-72	31	1427467738	1
368	356	26	-72	31	1427467738	2
3	334	26	-81	31	1427467738	0
3	334	26	-81	31	1427467738	1
3	334	26	-80	31	1427467738	2
359	334	26	-66	31	1427467738	0
359	334	26	-66	31	1427467738	1
359	334	26	-66	31	1427467738	2
363	334	26	-62	31	1427467738	0
363	334	26	-62	31	1427467738	1
363	334	26	-62	31	1427467738	2
2	334	26	-64	31	1427467738	0
2	334	26	-64	31	1427467738	1
2	334	26	-63	31	1427467738	2
5	334	26	-66	31	1427467738	0
5	334	26	-66	31	1427467738	1
5	334	26	-66	31	1427467738	2
4	334	26	-62	31	1427467738	0
4	334	26	-62	31	1427467738	1
4	334	26	-62	31	1427467738	2
356	334	26	-76	31	1427467738	0
356	334	26	-76	31	1427467738	1
356	334	26	-76	31	1427467738	2
369	334	26	-64	31	1427467738	0
369	334	26	-64	31	1427467738	1
369	334	26	-64	31	1427467738	2
365	334	26	-64	31	1427467738	0
365	334	26	-64	31	1427467738	1
365	334	26	-64	31	1427467738	2
333	334	26	-76	31	1427467738	0
333	334	26	-76	31	1427467738	1
333	334	26	-76	31	1427467738	2
368	334	26	-60	31	1427467738	0
368	334	26	-60	31	1427467738	1
368	334	26	-60	31	1427467738	2
3	369	26	-73	31	1427467739	0
3	369	26	-73	31	1427467739	1
3	369	26	-73	31	1427467739	2
359	369	26	-75	31	1427467739	0
359	369	26	-74	31	1427467739	1
359	369	26	-74	31	1427467739	2
363	369	26	-67	31	1427467739	0
363	369	26	-68	31	1427467739	1
363	369	26	-68	31	1427467739	2
2	369	26	-78	31	1427467739	0
2	369	26	-78	31	1427467739	1
2	369	26	-78	31	1427467739	2
5	369	26	-66	31	1427467739	0
5	369	26	-66	31	1427467739	1
5	369	26	-67	31	1427467739	2
4	369	26	-54	31	1427467739	0
4	369	26	-54	31	1427467739	1
4	369	26	-54	31	1427467739	2
356	369	26	-67	31	1427467739	0
356	369	26	-67	31	1427467739	1
356	369	26	-68	31	1427467739	2
334	369	26	-64	31	1427467739	0
334	369	26	-63	31	1427467739	1
334	369	26	-62	31	1427467739	2
365	369	26	-62	31	1427467739	0
365	369	26	-62	31	1427467739	1
365	369	26	-62	31	1427467739	2
333	369	26	-54	31	1427467739	0
333	369	26	-54	31	1427467739	1
333	369	26	-60	31	1427467739	2
368	369	26	-65	31	1427467739	0
368	369	26	-66	31	1427467739	1
368	369	26	-64	31	1427467739	2
3	365	26	-78	31	1427467740	0
3	365	26	-78	31	1427467740	1
3	365	26	-77	31	1427467740	2
359	365	26	-69	31	1427467740	0
359	365	26	-68	31	1427467740	1
359	365	26	-68	31	1427467740	2
363	365	26	-79	31	1427467740	0
363	365	26	-78	31	1427467740	1
363	365	26	-77	31	1427467740	2
2	365	26	-58	31	1427467740	0
2	365	26	-57	31	1427467740	1
2	365	26	-60	31	1427467740	2
5	365	26	-69	31	1427467740	0
5	365	26	-69	31	1427467740	1
5	365	26	-70	31	1427467740	2
4	365	26	-59	31	1427467740	0
4	365	26	-58	31	1427467740	1
4	365	26	-58	31	1427467740	2
356	365	26	-71	31	1427467740	0
356	365	26	-72	31	1427467740	1
356	365	26	-72	31	1427467740	2
334	365	26	-66	31	1427467740	0
334	365	26	-66	31	1427467740	1
334	365	26	-66	31	1427467740	2
369	365	26	-64	31	1427467740	0
369	365	26	-64	31	1427467740	1
369	365	26	-64	31	1427467740	2
333	365	26	-59	31	1427467740	0
333	365	26	-59	31	1427467740	1
333	365	26	-59	31	1427467740	2
368	365	26	-56	31	1427467740	0
368	365	26	-56	31	1427467740	1
368	365	26	-56	31	1427467740	2
3	333	26	-72	31	1427467740	0
3	333	26	-72	31	1427467740	1
3	333	26	-72	31	1427467740	2
359	333	26	-73	31	1427467740	0
359	333	26	-72	31	1427467740	1
359	333	26	-73	31	1427467740	2
363	333	26	-66	31	1427467740	0
363	333	26	-66	31	1427467740	1
363	333	26	-66	31	1427467740	2
2	333	26	-63	31	1427467740	0
2	333	26	-63	31	1427467740	1
2	333	26	-63	31	1427467740	2
5	333	26	-59	31	1427467740	0
5	333	26	-59	31	1427467740	1
5	333	26	-59	31	1427467740	2
4	333	26	-54	31	1427467740	0
4	333	26	-54	31	1427467740	1
4	333	26	-54	31	1427467740	2
356	333	26	-68	31	1427467740	0
356	333	26	-68	31	1427467740	1
356	333	26	-70	31	1427467740	2
334	333	26	-80	31	1427467740	0
334	333	26	-80	31	1427467740	1
334	333	26	-80	31	1427467740	2
369	333	26	-61	31	1427467740	0
369	333	26	-60	31	1427467740	1
369	333	26	-61	31	1427467740	2
365	333	26	-60	31	1427467740	0
365	333	26	-60	31	1427467740	1
365	333	26	-60	31	1427467740	2
368	333	26	-51	31	1427467740	0
368	333	26	-52	31	1427467740	1
368	333	26	-51	31	1427467740	2
3	368	26	-86	31	1427467743	0
3	368	26	-86	31	1427467743	1
3	368	26	-86	31	1427467743	2
359	368	26	-75	31	1427467743	0
359	368	26	-74	31	1427467743	1
359	368	26	-75	31	1427467743	2
363	368	26	-63	31	1427467743	0
363	368	26	-63	31	1427467743	1
363	368	26	-62	31	1427467743	2
2	368	26	-65	31	1427467743	0
2	368	26	-64	31	1427467743	1
2	368	26	-65	31	1427467743	2
5	368	26	-63	31	1427467743	0
5	368	26	-63	31	1427467743	1
5	368	26	-63	31	1427467743	2
4	368	26	-63	31	1427467743	0
4	368	26	-62	31	1427467743	1
4	368	26	-63	31	1427467743	2
356	368	26	-71	31	1427467743	0
356	368	26	-71	31	1427467743	1
356	368	26	-71	31	1427467743	2
334	368	26	-62	31	1427467743	0
334	368	26	-63	31	1427467743	1
334	368	26	-64	31	1427467743	2
369	368	26	-70	31	1427467743	0
369	368	26	-70	31	1427467743	1
369	368	26	-70	31	1427467743	2
365	368	26	-60	31	1427467743	0
365	368	26	-60	31	1427467743	1
365	368	26	-60	31	1427467743	2
333	368	26	-53	31	1427467743	0
333	368	26	-52	31	1427467743	1
