5	3	11	-82	31	1427468833	0
363	3	11	-74	31	1427468833	0
356	3	11	-71	31	1427468833	0
369	3	11	-84	31	1427468833	0
2	3	11	-74	31	1427468833	0
334	3	11	-72	31	1427468833	0
4	3	11	-74	31	1427468833	0
368	3	11	-78	31	1427468833	0
365	3	11	-87	31	1427468833	0
333	3	11	-86	31	1427468833	0
359	3	11	-64	31	1427468833	0
3	5	11	-78	31	1427468833	0
363	5	11	-66	31	1427468833	0
356	5	11	-62	31	1427468833	0
369	5	11	-74	31	1427468833	0
2	5	11	-70	31	1427468833	0
334	5	11	-68	31	1427468833	0
4	5	11	-66	31	1427468833	0
368	5	11	-62	31	1427468833	0
365	5	11	-76	31	1427468833	0
333	5	11	-74	31	1427468833	0
359	5	11	-60	31	1427468833	0
3	363	11	-76	31	1427468834	0
5	363	11	-64	31	1427468834	0
356	363	11	-77	31	1427468834	0
369	363	11	-74	31	1427468834	0
2	363	11	-82	31	1427468834	0
334	363	11	-71	31	1427468834	0
4	363	11	-78	31	1427468834	0
368	363	11	-80	31	1427468834	0
365	363	11	-78	31	1427468834	0
333	363	11	-59	31	1427468834	0
359	363	11	-64	31	1427468834	0
3	356	11	-75	31	1427468834	0
5	356	11	-63	31	1427468834	0
363	356	11	-80	31	1427468834	0
369	356	11	-76	31	1427468834	0
2	356	11	-77	31	1427468834	0
334	356	11	-65	31	1427468834	0
4	356	11	-70	31	1427468834	0
368	356	11	-72	31	1427468834	0
365	356	11	-62	31	1427468834	0
333	356	11	-73	31	1427468834	0
359	356	11	-60	31	1427468834	0
3	369	11	-80	31	1427468834	0
5	369	11	-70	31	1427468834	0
363	369	11	-68	31	1427468834	0
356	369	11	-72	31	1427468834	0
2	369	11	-64	31	1427468834	0
334	369	11	-66	31	1427468834	0
4	369	11	-54	31	1427468834	0
368	369	11	-60	31	1427468834	0
365	369	11	-60	31	1427468834	0
333	369	11	-67	31	1427468834	0
359	369	11	-76	31	1427468834	0
3	2	11	-76	31	1427468834	0
5	2	11	-70	31	1427468834	0
363	2	11	-84	31	1427468834	0
356	2	11	-74	31	1427468834	0
369	2	11	-66	31	1427468834	0
334	2	11	-82	31	1427468834	0
4	2	11	-78	31	1427468834	0
368	2	11	-69	31	1427468834	0
365	2	11	-83	31	1427468834	0
333	2	11	-74	31	1427468834	0
359	2	11	-65	31	1427468834	0
3	334	11	-72	31	1427468835	0
5	334	11	-68	31	1427468835	0
363	334	11	-68	31	1427468835	0
356	334	11	-63	31	1427468835	0
369	334	11	-66	31	1427468835	0
2	334	11	-83	31	1427468835	0
4	334	11	-73	31	1427468835	0
368	334	11	-67	31	1427468835	0
365	334	11	-66	31	1427468835	0
333	334	11	-66	31	1427468835	0
359	334	11	-62	31	1427468835	0
3	4	11	-71	31	1427468835	0
5	4	11	-62	31	1427468835	0
363	4	11	-79	31	1427468835	0
356	4	11	-66	31	1427468835	0
369	4	11	-55	31	1427468835	0
2	4	11	-80	31	1427468835	0
334	4	11	-74	31	1427468835	0
368	4	11	-72	31	1427468835	0
365	4	11	-74	31	1427468835	0
333	4	11	-70	31	1427468835	0
359	4	11	-80	31	1427468835	0
3	368	11	-88	31	1427468835	0
5	368	11	-62	31	1427468835	0
363	368	11	-80	31	1427468835	0
356	368	11	-69	31	1427468835	0
369	368	11	-65	31	1427468835	0
2	368	11	-66	31	1427468835	0
334	368	11	-68	31	1427468835	0
4	368	11	-72	31	1427468835	0
365	368	11	-70	31	1427468835	0
333	368	11	-63	31	1427468835	0
359	368	11	-70	31	1427468835	0
3	365	11	-85	31	1427468836	0
5	365	11	-79	31	1427468836	0
363	365	11	-81	31	1427468836	0
356	365	11	-60	31	1427468836	0
369	365	11	-60	31	1427468836	0
2	365	11	-81	31	1427468836	0
334	365	11	-64	31	1427468836	0
4	365	11	-76	31	1427468836	0
368	365	11	-67	31	1427468836	0
333	365	11	-60	31	1427468836	0
359	365	11	-63	31	1427468836	0
5	333	11	-72	31	1427468838	0
363	333	11	-55	31	1427468838	0
356	333	11	-74	31	1427468838	0
369	333	11	-67	31	1427468838	0
2	333	11	-79	31	1427468838	0
334	333	11	-65	31	1427468838	0
4	333	11	-71	31	1427468838	0
368	333	11	-60	31	1427468838	0
365	333	11	-60	31	1427468838	0
359	333	11	-78	31	1427468838	0
3	359	11	-64	31	1427468838	0
5	359	11	-57	31	1427468838	0
363	359	11	-62	31	1427468838	0
356	359	11	-54	31	1427468838	0
369	359	11	-77	31	1427468838	0
2	359	11	-62	31	1427468838	0
334	359	11	-61	31	1427468838	0
4	359	11	-76	31	1427468838	0
368	359	11	-66	31	1427468838	0
365	359	11	-63	31	1427468838	0
333	359	11	-78	31	1427468838	0
5	3	12	-82	31	1427468841	0
363	3	12	-68	31	1427468841	0
356	3	12	-78	31	1427468841	0
2	3	12	-71	31	1427468841	0
334	3	12	-72	31	1427468841	0
4	3	12	-72	31	1427468841	0
368	3	12	-84	31	1427468841	0
365	3	12	-88	31	1427468841	0
333	3	12	-83	31	1427468841	0
359	3	12	-64	31	1427468841	0
3	5	12	-89	31	1427468843	0
363	5	12	-61	31	1427468843	0
356	5	12	-62	31	1427468843	0
2	5	12	-70	31	1427468843	0
334	5	12	-72	31	1427468843	0
4	5	12	-64	31	1427468843	0
368	5	12	-63	31	1427468843	0
365	5	12	-76	31	1427468843	0
333	5	12	-78	31	1427468843	0
359	5	12	-61	31	1427468843	0
3	363	12	-72	31	1427468843	0
5	363	12	-60	31	1427468843	0
356	363	12	-68	31	1427468843	0
369	363	12	-74	31	1427468843	0
2	363	12	-76	31	1427468843	0
334	363	12	-70	31	1427468843	0
4	363	12	-74	31	1427468843	0
368	363	12	-81	31	1427468843	0
365	363	12	-83	31	1427468843	0
333	363	12	-60	31	1427468843	0
359	363	12	-66	31	1427468843	0
3	356	12	-75	31	1427468844	0
5	356	12	-61	31	1427468844	0
363	356	12	-68	31	1427468844	0
369	356	12	-73	31	1427468844	0
2	356	12	-74	31	1427468844	0
334	356	12	-66	31	1427468844	0
4	356	12	-71	31	1427468844	0
368	356	12	-68	31	1427468844	0
365	356	12	-64	31	1427468844	0
333	356	12	-71	31	1427468844	0
359	356	12	-58	31	1427468844	0
3	369	12	-82	31	1427468846	0
363	369	12	-70	31	1427468846	0
356	369	12	-69	31	1427468846	0
2	369	12	-63	31	1427468846	0
334	369	12	-63	31	1427468846	0
4	369	12	-54	31	1427468846	0
368	369	12	-62	31	1427468846	0
365	369	12	-61	31	1427468846	0
333	369	12	-63	31	1427468846	0
359	369	12	-77	31	1427468846	0
3	2	12	-74	31	1427468846	0
5	2	12	-70	31	1427468846	0
363	2	12	-77	31	1427468846	0
356	2	12	-74	31	1427468846	0
369	2	12	-64	31	1427468846	0
334	2	12	-92	31	1427468846	0
4	2	12	-70	31	1427468846	0
368	2	12	-64	31	1427468846	0
365	2	12	-74	31	1427468846	0
333	2	12	-73	31	1427468846	0
359	2	12	-64	31	1427468846	0
3	334	12	-74	31	1427468848	0
5	334	12	-72	31	1427468848	0
363	334	12	-68	31	1427468849	0
356	334	12	-64	31	1427468849	0
369	334	12	-64	31	1427468849	0
4	334	12	-75	31	1427468849	0
368	334	12	-69	31	1427468849	0
365	334	12	-64	31	1427468849	0
333	334	12	-63	31	1427468849	0
359	334	12	-62	31	1427468849	0
3	4	12	-73	31	1427468849	0
5	4	12	-62	31	1427468849	0
363	4	12	-73	31	1427468849	0
356	4	12	-68	31	1427468849	0
369	4	12	-55	31	1427468849	0
2	4	12	-68	31	1427468849	0
334	4	12	-74	31	1427468849	0
368	4	12	-66	31	1427468849	0
365	4	12	-74	31	1427468849	0
333	4	12	-68	31	1427468849	0
359	4	12	-79	31	1427468849	0
3	368	12	-83	31	1427468849	0
5	368	12	-62	31	1427468849	0
363	368	12	-86	31	1427468849	0
356	368	12	-69	31	1427468849	0
369	368	12	-65	31	1427468849	0
2	368	12	-64	31	1427468849	0
334	368	12	-71	31	1427468849	0
4	368	12	-69	31	1427468849	0
365	368	12	-76	31	1427468849	0
333	368	12	-61	31	1427468849	0
359	368	12	-70	31	1427468849	0
5	365	12	-73	31	1427468852	0
363	365	12	-78	31	1427468852	0
356	365	12	-62	31	1427468852	0
369	365	12	-62	31	1427468852	0
2	365	12	-71	31	1427468852	0
334	365	12	-64	31	1427468852	0
4	365	12	-74	31	1427468852	0
368	365	12	-72	31	1427468852	0
333	365	12	-60	31	1427468852	0
359	365	12	-62	31	1427468852	0
3	333	12	-87	31	1427468852	0
5	333	12	-88	31	1427468852	0
363	333	12	-58	31	1427468852	0
356	333	12	-68	31	1427468852	0
369	333	12	-64	31	1427468852	0
2	333	12	-71	31	1427468852	0
334	333	12	-63	31	1427468852	0
4	333	12	-68	31	1427468852	0
368	333	12	-56	31	1427468852	0
365	333	12	-61	31	1427468852	0
359	333	12	-80	31	1427468852	0
3	359	12	-64	31	1427468853	0
5	359	12	-54	31	1427468853	0
363	359	12	-62	31	1427468853	0
356	359	12	-56	31	1427468853	0
369	359	12	-75	31	1427468853	0
2	359	12	-61	31	1427468853	0
334	359	12	-61	31	1427468853	0
4	359	12	-78	31	1427468853	0
368	359	12	-66	31	1427468853	0
365	359	12	-62	31	1427468853	0
333	359	12	-79	31	1427468853	0
5	3	13	-72	31	1427468855	0
363	3	13	-70	31	1427468855	0
356	3	13	-82	31	1427468855	0
369	3	13	-78	31	1427468855	0
2	3	13	-70	31	1427468855	0
334	3	13	-76	31	1427468855	0
4	3	13	-74	31	1427468855	0
368	3	13	-74	31	1427468855	0
333	3	13	-80	31	1427468855	0
359	3	13	-62	31	1427468855	0
3	5	13	-75	31	1427468856	0
363	5	13	-64	31	1427468856	0
356	5	13	-63	31	1427468856	0
369	5	13	-76	31	1427468856	0
2	5	13	-76	31	1427468856	0
334	5	13	-74	31	1427468856	0
4	5	13	-64	31	1427468856	0
368	5	13	-63	31	1427468856	0
365	5	13	-72	31	1427468856	0
333	5	13	-78	31	1427468856	0
359	5	13	-60	31	1427468856	0
3	363	13	-74	31	1427468858	0
5	363	13	-64	31	1427468858	0
356	363	13	-75	31	1427468858	0
369	363	13	-69	31	1427468858	0
2	363	13	-81	31	1427468858	0
334	363	13	-71	31	1427468858	0
4	363	13	-71	31	1427468858	0
368	363	13	-72	31	1427468858	0
333	363	13	-59	31	1427468858	0
359	363	13	-68	31	1427468858	0
3	356	13	-79	31	1427468858	0
5	356	13	-63	31	1427468858	0
363	356	13	-76	31	1427468858	0
369	356	13	-69	31	1427468858	0
2	356	13	-74	31	1427468858	0
334	356	13	-66	31	1427468858	0
4	356	13	-70	31	1427468858	0
368	356	13	-68	31	1427468858	0
365	356	13	-65	31	1427468858	0
365	356	13	-65	31	1427468858	0
333	356	13	-68	31	1427468858	0
359	356	13	-59	31	1427468858	0
3	369	13	-78	31	1427468859	0
5	369	13	-71	31	1427468859	0
363	369	13	-66	31	1427468859	0
356	369	13	-65	31	1427468859	0
2	369	13	-62	31	1427468859	0
334	369	13	-62	31	1427468859	0
4	369	13	-57	31	1427468859	0
368	369	13	-63	31	1427468859	0
365	369	13	-62	31	1427468859	0
333	369	13	-61	31	1427468859	0
359	369	13	-80	31	1427468859	0
3	2	13	-74	31	1427468859	0
5	2	13	-75	31	1427468859	0
363	2	13	-81	31	1427468859	0
356	2	13	-74	31	1427468859	0
369	2	13	-64	31	1427468859	0
334	2	13	-78	31	1427468859	0
4	2	13	-72	31	1427468859	0
368	2	13	-62	31	1427468859	0
365	2	13	-63	31	1427468859	0
333	2	13	-74	31	1427468859	0
359	2	13	-66	31	1427468859	0
3	334	13	-76	31	1427468859	0
5	334	13	-73	31	1427468859	0
363	334	13	-69	31	1427468859	0
356	334	13	-64	31	1427468859	0
369	334	13	-64	31	1427468859	0
2	334	13	-76	31	1427468859	0
4	334	13	-73	31	1427468859	0
368	334	13	-68	31	1427468859	0
365	334	13	-62	31	1427468859	0
333	334	13	-61	31	1427468859	0
359	334	13	-62	31	1427468859	0
3	4	13	-73	31	1427468861	0
5	4	13	-62	31	1427468862	0
363	4	13	-70	31	1427468862	0
356	4	13	-67	31	1427468862	0
369	4	13	-56	31	1427468862	0
2	4	13	-68	31	1427468862	0
334	4	13	-72	31	1427468862	0
368	4	13	-68	31	1427468862	0
333	4	13	-73	31	1427468862	0
359	4	13	-78	31	1427468862	0
3	368	13	-74	31	1427468864	0
5	368	13	-62	31	1427468864	0
363	368	13	-72	31	1427468864	0
356	368	13	-67	31	1427468864	0
369	368	13	-66	31	1427468864	0
2	368	13	-62	31	1427468864	0
334	368	13	-71	31	1427468864	0
4	368	13	-70	31	1427468864	0
333	368	13	-59	31	1427468864	0
359	368	13	-78	31	1427468864	0
3	365	13	-77	31	1427468864	0
5	365	13	-68	31	1427468864	0
363	365	13	-80	31	1427468864	0
356	365	13	-62	31	1427468864	0
369	365	13	-64	31	1427468864	0
2	365	13	-62	31	1427468864	0
334	365	13	-62	31	1427468864	0
4	365	13	-68	31	1427468864	0
368	365	13	-78	31	1427468864	0
333	365	13	-61	31	1427468864	0
359	365	13	-64	31	1427468864	0
3	333	13	-81	31	1427468864	0
5	333	13	-77	31	1427468864	0
363	333	13	-55	31	1427468864	0
356	333	13	-66	31	1427468865	0
369	333	13	-63	31	1427468865	0
2	333	13	-73	31	1427468865	0
334	333	13	-62	31	1427468865	0
4	333	13	-75	31	1427468865	0
368	333	13	-58	31	1427468865	0
365	333	13	-61	31	1427468865	0
359	333	13	-79	31	1427468865	0
3	359	13	-64	31	1427468865	0
5	359	13	-54	31	1427468865	0
363	359	13	-66	31	1427468865	0
356	359	13	-54	31	1427468865	0
369	359	13	-80	31	1427468865	0
2	359	13	-62	31	1427468865	0
334	359	13	-60	31	1427468865	0
4	359	13	-76	31	1427468865	0
368	359	13	-75	31	1427468865	0
365	359	13	-63	31	1427468865	0
333	359	13	-78	31	1427468865	0
363	3	14	-66	31	1427468869	0
356	3	14	-80	31	1427468869	0
369	3	14	-75	31	1427468869	0
2	3	14	-70	31	1427468869	0
334	3	14	-72	31	1427468869	0
4	3	14	-74	31	1427468869	0
368	3	14	-69	31	1427468869	0
365	3	14	-78	31	1427468869	0
333	3	14	-76	31	1427468869	0
359	3	14	-62	31	1427468869	0
3	5	14	-71	31	1427468869	0
363	5	14	-62	31	1427468869	0
356	5	14	-62	31	1427468869	0
369	5	14	-70	31	1427468869	0
2	5	14	-76	31	1427468869	0
334	5	14	-76	31	1427468869	0
4	5	14	-67	31	1427468869	0
368	5	14	-61	31	1427468869	0
365	5	14	-70	31	1427468869	0
333	5	14	-76	31	1427468869	0
359	5	14	-61	31	1427468869	0
3	363	14	-72	31	1427468869	0
5	363	14	-62	31	1427468869	0
356	363	14	-72	31	1427468869	0
369	363	14	-67	31	1427468869	0
2	363	14	-84	31	1427468869	0
334	363	14	-70	31	1427468869	0
4	363	14	-68	31	1427468869	0
368	363	14	-73	31	1427468869	0
365	363	14	-77	31	1427468869	0
333	363	14	-58	31	1427468869	0
359	363	14	-69	31	1427468869	0
363	356	14	-72	31	1427468871	0
369	356	14	-68	31	1427468871	0
2	356	14	-76	31	1427468871	0
334	356	14	-66	31	1427468871	0
4	356	14	-70	31	1427468871	0
368	356	14	-68	31	1427468871	0
365	356	14	-67	31	1427468871	0
333	356	14	-69	31	1427468871	0
359	356	14	-60	31	1427468871	0
3	369	14	-72	31	1427468874	0
363	369	14	-64	31	1427468874	0
356	369	14	-65	31	1427468874	0
2	369	14	-63	31	1427468874	0
334	369	14	-62	31	1427468874	0
4	369	14	-54	31	1427468874	0
368	369	14	-62	31	1427468874	0
365	369	14	-63	31	1427468874	0
333	369	14	-59	31	1427468874	0
359	369	14	-74	31	1427468874	0
3	2	14	-74	31	1427468876	0
363	2	14	-85	31	1427468876	0
356	2	14	-74	31	1427468876	0
369	2	14	-66	31	1427468876	0
334	2	14	-78	31	1427468876	0
4	2	14	-73	31	1427468876	0
368	2	14	-62	31	1427468876	0
365	2	14	-61	31	1427468876	0
333	2	14	-80	31	1427468876	0
359	2	14	-66	31	1427468876	0
3	334	14	-74	31	1427468878	0
363	334	14	-68	31	1427468878	0
356	334	14	-64	31	1427468878	0
369	334	14	-63	31	1427468878	0
2	334	14	-77	31	1427468878	0
4	334	14	-72	31	1427468878	0
368	334	14	-70	31	1427468878	0
365	334	14	-62	31	1427468878	0
333	334	14	-62	31	1427468878	0
359	334	14	-63	31	1427468878	0
3	4	14	-74	31	1427468881	0
363	4	14	-66	31	1427468881	0
356	4	14	-66	31	1427468881	0
369	4	14	-55	31	1427468881	0
2	4	14	-70	31	1427468881	0
334	4	14	-72	31	1427468881	0
368	4	14	-71	31	1427468881	0
365	4	14	-74	31	1427468881	0
333	4	14	-71	31	1427468881	0
359	4	14	-74	31	1427468881	0
3	368	14	-73	31	1427468881	0
5	368	14	-60	31	1427468881	0
363	368	14	-72	31	1427468881	0
356	368	14	-68	31	1427468881	0
369	368	14	-65	31	1427468881	0
2	368	14	-62	31	1427468881	0
334	368	14	-74	31	1427468881	0
4	368	14	-74	31	1427468881	0
365	368	14	-80	31	1427468881	0
333	368	14	-58	31	1427468881	0
359	368	14	-80	31	1427468881	0
3	365	14	-79	31	1427468883	0
363	365	14	-75	31	1427468883	0
356	365	14	-64	31	1427468883	0
369	365	14	-63	31	1427468883	0
2	365	14	-60	31	1427468883	0
334	365	14	-62	31	1427468883	0
4	365	14	-74	31	1427468883	0
368	365	14	-78	31	1427468883	0
333	365	14	-62	31	1427468883	0
359	365	14	-64	31	1427468883	0
3	333	14	-79	31	1427468886	0
363	333	14	-54	31	1427468886	0
356	333	14	-67	31	1427468886	0
369	333	14	-60	31	1427468886	0
2	333	14	-78	31	1427468886	0
334	333	14	-62	31	1427468886	0
4	333	14	-70	31	1427468886	0
368	333	14	-55	31	1427468886	0
365	333	14	-64	31	1427468886	0
359	333	14	-82	31	1427468886	0
3	359	14	-64	31	1427468886	0
5	359	14	-58	31	1427468886	0
363	359	14	-68	31	1427468886	0
356	359	14	-54	31	1427468886	0
369	359	14	-73	31	1427468886	0
2	359	14	-63	31	1427468886	0
334	359	14	-61	31	1427468886	0
4	359	14	-74	31	1427468886	0
368	359	14	-76	31	1427468886	0
365	359	14	-64	31	1427468886	0
333	359	14	-80	31	1427468886	0
5	3	15	-68	31	1427468888	0
363	3	15	-70	31	1427468888	0
356	3	15	-79	31	1427468888	0
369	3	15	-73	31	1427468888	0
2	3	15	-70	31	1427468888	0
334	3	15	-70	31	1427468888	0
4	3	15	-76	31	1427468888	0
368	3	15	-69	31	1427468888	0
365	3	15	-78	31	1427468888	0
333	3	15	-75	31	1427468888	0
359	3	15	-60	31	1427468888	0
3	5	15	-70	31	1427468889	0
363	5	15	-60	31	1427468889	0
356	5	15	-62	31	1427468889	0
369	5	15	-66	31	1427468889	0
2	5	15	-72	31	1427468889	0
334	5	15	-74	31	1427468889	0
4	5	15	-66	31	1427468889	0
368	5	15	-58	31	1427468889	0
365	5	15	-67	31	1427468889	0
333	5	15	-70	31	1427468889	0
359	5	15	-63	31	1427468889	0
3	363	15	-72	31	1427468889	0
5	363	15	-58	31	1427468889	0
356	363	15	-70	31	1427468889	0
369	363	15	-67	31	1427468889	0
2	363	15	-78	31	1427468889	0
334	363	15	-67	31	1427468889	0
4	363	15	-64	31	1427468889	0
368	363	15	-73	31	1427468889	0
365	363	15	-68	31	1427468889	0
333	363	15	-59	31	1427468889	0
359	363	15	-74	31	1427468889	0
3	356	15	-77	31	1427468889	0
5	356	15	-62	31	1427468889	0
363	356	15	-70	31	1427468889	0
369	356	15	-69	31	1427468889	0
2	356	15	-70	31	1427468889	0
334	356	15	-66	31	1427468889	0
4	356	15	-67	31	1427468889	0
368	356	15	-68	31	1427468889	0
365	356	15	-69	31	1427468889	0
333	356	15	-71	31	1427468889	0
359	356	15	-55	31	1427468889	0
3	369	15	-72	31	1427468889	0
5	369	15	-63	31	1427468889	0
363	369	15	-64	31	1427468889	0
356	369	15	-66	31	1427468889	0
2	369	15	-62	31	1427468889	0
334	369	15	-61	31	1427468889	0
4	369	15	-53	31	1427468889	0
368	369	15	-62	31	1427468889	0
365	369	15	-60	31	1427468889	0
333	369	15	-55	31	1427468889	0
359	369	15	-76	31	1427468889	0
3	2	15	-74	31	1427468892	0
5	2	15	-70	31	1427468892	0
363	2	15	-78	31	1427468892	0
356	2	15	-70	31	1427468892	0
369	2	15	-65	31	1427468892	0
334	2	15	-83	31	1427468892	0
4	2	15	-76	31	1427468892	0
368	2	15	-62	31	1427468892	0
365	2	15	-60	31	1427468892	0
359	2	15	-65	31	1427468892	0
3	334	15	-71	31	1427468892	0
5	334	15	-70	31	1427468892	0
363	334	15	-66	31	1427468892	0
356	334	15	-64	31	1427468892	0
369	334	15	-62	31	1427468892	0
2	334	15	-81	31	1427468892	0
4	334	15	-70	31	1427468892	0
368	334	15	-75	31	1427468892	0
365	334	15	-62	31	1427468892	0
333	334	15	-64	31	1427468892	0
359	334	15	-60	31	1427468892	0
3	4	15	-77	31	1427468892	0
5	4	15	-64	31	1427468892	0
363	4	15	-64	31	1427468892	0
356	4	15	-64	31	1427468892	0
369	4	15	-55	31	1427468892	0
2	4	15	-73	31	1427468892	0
334	4	15	-69	31	1427468892	0
368	4	15	-71	31	1427468892	0
365	4	15	-67	31	1427468892	0
333	4	15	-67	31	1427468892	0
359	4	15	-75	31	1427468892	0
3	368	15	-70	31	1427468894	0
5	368	15	-55	31	1427468894	0
363	368	15	-72	31	1427468894	0
356	368	15	-68	31	1427468894	0
369	368	15	-66	31	1427468894	0
2	368	15	-62	31	1427468894	0
334	368	15	-75	31	1427468894	0
4	368	15	-74	31	1427468894	0
333	368	15	-62	31	1427468894	0
359	368	15	-82	31	1427468894	0
3	365	15	-79	31	1427468895	0
5	365	15	-64	31	1427468895	0
363	365	15	-67	31	1427468895	0
356	365	15	-66	31	1427468895	0
369	365	15	-60	31	1427468895	0
2	365	15	-56	31	1427468895	0
334	365	15	-62	31	1427468895	0
4	365	15	-67	31	1427468895	0
368	365	15	-79	31	1427468895	0
333	365	15	-62	31	1427468895	0
359	365	15	-62	31	1427468895	0
3	333	15	-77	31	1427468895	0
5	333	15	-70	31	1427468895	0
363	333	15	-56	31	1427468895	0
356	333	15	-68	31	1427468895	0
369	333	15	-60	31	1427468895	0
2	333	15	-81	31	1427468895	0
334	333	15	-66	31	1427468895	0
4	333	15	-68	31	1427468895	0
368	333	15	-60	31	1427468895	0
365	333	15	-64	31	1427468895	0
359	333	15	-74	31	1427468895	0
3	359	15	-61	31	1427468895	0
5	359	15	-60	31	1427468895	0
363	359	15	-70	31	1427468895	0
356	359	15	-55	31	1427468895	0
369	359	15	-76	31	1427468895	0
2	359	15	-62	31	1427468895	0
334	359	15	-59	31	1427468895	0
4	359	15	-74	31	1427468895	0
368	359	15	-76	31	1427468895	0
365	359	15	-61	31	1427468895	0
333	359	15	-72	31	1427468895	0
5	3	16	-70	31	1427468899	0
363	3	16	-72	31	1427468899	0
356	3	16	-85	31	1427468899	0
369	3	16	-77	31	1427468899	0
2	3	16	-70	31	1427468899	0
334	3	16	-68	31	1427468899	0
4	3	16	-76	31	1427468899	0
368	3	16	-67	31	1427468899	0
365	3	16	-76	31	1427468899	0
333	3	16	-81	31	1427468899	0
359	3	16	-60	31	1427468899	0
3	5	16	-74	31	1427468899	0
363	5	16	-60	31	1427468899	0
356	5	16	-62	31	1427468899	0
369	5	16	-66	31	1427468899	0
2	5	16	-67	31	1427468899	0
334	5	16	-70	31	1427468899	0
4	5	16	-66	31	1427468899	0
368	5	16	-57	31	1427468899	0
365	5	16	-68	31	1427468899	0
333	5	16	-70	31	1427468899	0
359	5	16	-65	31	1427468899	0
3	363	16	-74	31	1427468899	0
5	363	16	-60	31	1427468899	0
356	363	16	-74	31	1427468899	0
369	363	16	-70	31	1427468899	0
2	363	16	-73	31	1427468899	0
334	363	16	-68	31	1427468899	0
4	363	16	-63	31	1427468899	0
368	363	16	-68	31	1427468899	0
365	363	16	-69	31	1427468899	0
333	363	16	-58	31	1427468899	0
359	363	16	-64	31	1427468899	0
5	356	16	-63	31	1427468901	0
363	356	16	-74	31	1427468901	0
369	356	16	-68	31	1427468901	0
2	356	16	-70	31	1427468901	0
334	356	16	-64	31	1427468901	0
4	356	16	-70	31	1427468901	0
368	356	16	-66	31	1427468901	0
365	356	16	-68	31	1427468901	0
333	356	16	-81	31	1427468901	0
359	356	16	-55	31	1427468901	0
3	369	16	-75	31	1427468902	0
5	369	16	-62	31	1427468902	0
363	369	16	-67	31	1427468902	0
356	369	16	-64	31	1427468902	0
2	369	16	-60	31	1427468902	0
334	369	16	-60	31	1427468902	0
4	369	16	-53	31	1427468902	0
368	369	16	-62	31	1427468902	0
365	369	16	-55	31	1427468902	0
333	369	16	-56	31	1427468902	0
359	369	16	-76	31	1427468902	0
3	2	16	-73	31	1427468902	0
5	2	16	-66	31	1427468902	0
363	2	16	-72	31	1427468902	0
356	2	16	-69	31	1427468902	0
369	2	16	-62	31	1427468902	0
334	2	16	-82	31	1427468902	0
4	2	16	-77	31	1427468902	0
368	2	16	-62	31	1427468902	0
365	2	16	-60	31	1427468902	0
333	2	16	-76	31	1427468902	0
359	2	16	-64	31	1427468902	0
3	334	16	-70	31	1427468902	0
5	334	16	-68	31	1427468902	0
363	334	16	-66	31	1427468902	0
356	334	16	-62	31	1427468902	0
369	334	16	-62	31	1427468902	0
2	334	16	-80	31	1427468902	0
4	334	16	-66	31	1427468902	0
368	334	16	-79	31	1427468902	0
365	334	16	-62	31	1427468902	0
333	334	16	-66	31	1427468902	0
359	334	16	-60	31	1427468902	0
3	4	16	-76	31	1427468903	0
5	4	16	-64	31	1427468903	0
363	4	16	-63	31	1427468903	0
356	4	16	-67	31	1427468903	0
369	4	16	-55	31	1427468903	0
2	4	16	-75	31	1427468903	0
334	4	16	-66	31	1427468903	0
368	4	16	-66	31	1427468903	0
365	4	16	-63	31	1427468903	0
333	4	16	-67	31	1427468903	0
359	4	16	-75	31	1427468903	0
3	368	16	-70	31	1427468903	0
5	368	16	-54	31	1427468903	0
363	368	16	-69	31	1427468903	0
356	368	16	-65	31	1427468903	0
369	368	16	-64	31	1427468903	0
2	368	16	-62	31	1427468903	0
334	368	16	-81	31	1427468903	0
4	368	16	-68	31	1427468903	0
365	368	16	-76	31	1427468903	0
333	368	16	-63	31	1427468903	0
359	368	16	-76	31	1427468903	0
3	365	16	-76	31	1427468903	0
5	365	16	-65	31	1427468903	0
363	365	16	-67	31	1427468903	0
356	365	16	-64	31	1427468903	0
369	365	16	-59	31	1427468903	0
2	365	16	-58	31	1427468903	0
334	365	16	-61	31	1427468903	0
4	365	16	-63	31	1427468903	0
368	365	16	-72	31	1427468903	0
333	365	16	-62	31	1427468903	0
359	365	16	-62	31	1427468903	0
3	333	16	-85	31	1427468904	0
5	333	16	-68	31	1427468904	0
363	333	16	-54	31	1427468904	0
356	333	16	-79	31	1427468904	0
369	333	16	-61	31	1427468904	0
2	333	16	-75	31	1427468904	0
334	333	16	-68	31	1427468904	0
4	333	16	-68	31	1427468904	0
368	333	16	-62	31	1427468904	0
365	333	16	-64	31	1427468904	0
359	333	16	-75	31	1427468904	0
3	359	16	-61	31	1427468904	0
5	359	16	-62	31	1427468904	0
363	359	16	-62	31	1427468904	0
356	359	16	-55	31	1427468904	0
369	359	16	-74	31	1427468904	0
2	359	16	-61	31	1427468904	0
334	359	16	-59	31	1427468904	0
4	359	16	-72	31	1427468904	0
368	359	16	-76	31	1427468904	0
365	359	16	-60	31	1427468904	0
333	359	16	-72	31	1427468904	0
5	3	17	-68	31	1427468907	0
363	3	17	-68	31	1427468907	0
356	3	17	-76	31	1427468907	0
369	3	17	-80	31	1427468907	0
2	3	17	-70	31	1427468907	0
334	3	17	-70	31	1427468907	0
4	3	17	-73	31	1427468907	0
368	3	17	-70	31	1427468907	0
365	3	17	-76	31	1427468907	0
333	3	17	-75	31	1427468907	0
359	3	17	-62	31	1427468907	0
3	5	17	-72	31	1427468907	0
363	5	17	-60	31	1427468907	0
356	5	17	-64	31	1427468907	0
369	5	17	-66	31	1427468907	0
2	5	17	-66	31	1427468907	0
334	5	17	-72	31	1427468907	0
4	5	17	-67	31	1427468907	0
368	5	17	-54	31	1427468907	0
365	5	17	-68	31	1427468907	0
333	5	17	-66	31	1427468907	0
359	5	17	-65	31	1427468907	0
3	363	17	-72	31	1427468908	0
5	363	17	-60	31	1427468908	0
356	363	17	-73	31	1427468908	0
369	363	17	-78	31	1427468908	0
2	363	17	-70	31	1427468908	0
334	363	17	-68	31	1427468908	0
4	363	17	-62	31	1427468908	0
368	363	17	-62	31	1427468908	0
365	363	17	-68	31	1427468908	0
333	363	17	-58	31	1427468908	0
359	363	17	-66	31	1427468908	0
3	356	17	-84	31	1427468908	0
5	356	17	-63	31	1427468908	0
363	356	17	-73	31	1427468908	0
369	356	17	-68	31	1427468908	0
2	356	17	-67	31	1427468908	0
334	356	17	-64	31	1427468908	0
4	356	17	-72	31	1427468908	0
368	356	17	-69	31	1427468908	0
365	356	17	-66	31	1427468908	0
333	356	17	-72	31	1427468908	0
359	356	17	-58	31	1427468908	0
3	369	17	-76	31	1427468908	0
5	369	17	-63	31	1427468908	0
363	369	17	-80	31	1427468908	0
356	369	17	-64	31	1427468908	0
2	369	17	-56	31	1427468908	0
334	369	17	-57	31	1427468908	0
4	369	17	-53	31	1427468908	0
368	369	17	-62	31	1427468908	0
365	369	17	-56	31	1427468908	0
333	369	17	-56	31	1427468908	0
359	369	17	-80	31	1427468908	0
3	2	17	-72	31	1427468909	0
5	2	17	-67	31	1427468909	0
363	2	17	-70	31	1427468909	0
356	2	17	-66	31	1427468909	0
369	2	17	-60	31	1427468909	0
334	2	17	-74	31	1427468909	0
4	2	17	-74	31	1427468909	0
368	2	17	-62	31	1427468909	0
365	2	17	-60	31	1427468909	0
333	2	17	-72	31	1427468909	0
359	2	17	-62	31	1427468909	0
3	334	17	-72	31	1427468909	0
5	334	17	-70	31	1427468909	0
363	334	17	-67	31	1427468909	0
356	334	17	-62	31	1427468909	0
369	334	17	-60	31	1427468909	0
2	334	17	-70	31	1427468909	0
4	334	17	-65	31	1427468909	0
368	334	17	-77	31	1427468909	0
365	334	17	-62	31	1427468909	0
333	334	17	-67	31	1427468909	0
359	334	17	-60	31	1427468909	0
3	4	17	-76	31	1427468909	0
5	4	17	-65	31	1427468909	0
363	4	17	-60	31	1427468909	0
356	4	17	-68	31	1427468909	0
369	4	17	-55	31	1427468909	0
2	4	17	-74	31	1427468909	0
334	4	17	-64	31	1427468909	0
368	4	17	-66	31	1427468909	0
365	4	17	-62	31	1427468909	0
333	4	17	-62	31	1427468909	0
359	4	17	-74	31	1427468909	0
3	368	17	-74	31	1427468910	0
5	368	17	-58	31	1427468910	0
363	368	17	-63	31	1427468910	0
356	368	17	-68	31	1427468910	0
369	368	17	-65	31	1427468910	0
2	368	17	-62	31	1427468910	0
334	368	17	-80	31	1427468910	0
4	368	17	-68	31	1427468910	0
365	368	17	-71	31	1427468910	0
333	368	17	-60	31	1427468910	0
359	368	17	-77	31	1427468910	0
3	365	17	-77	31	1427468910	0
5	365	17	-66	31	1427468910	0
363	365	17	-68	31	1427468910	0
356	365	17	-64	31	1427468910	0
369	365	17	-55	31	1427468910	0
2	365	17	-59	31	1427468910	0
334	365	17	-62	31	1427468910	0
4	365	17	-60	31	1427468910	0
368	365	17	-68	31	1427468910	0
333	365	17	-66	31	1427468910	0
359	365	17	-60	31	1427468910	0
3	333	17	-78	31	1427468910	0
5	333	17	-63	31	1427468910	0
363	333	17	-56	31	1427468910	0
356	333	17	-70	31	1427468910	0
369	333	17	-62	31	1427468910	0
2	333	17	-68	31	1427468910	0
334	333	17	-70	31	1427468910	0
4	333	17	-62	31	1427468910	0
368	333	17	-58	31	1427468910	0
365	333	17	-66	31	1427468910	0
359	333	17	-85	31	1427468910	0
3	359	17	-62	31	1427468911	0
5	359	17	-60	31	1427468911	0
363	359	17	-61	31	1427468911	0
356	359	17	-56	31	1427468911	0
369	359	17	-76	31	1427468911	0
2	359	17	-60	31	1427468911	0
334	359	17	-59	31	1427468911	0
4	359	17	-70	31	1427468911	0
368	359	17	-70	31	1427468911	0
365	359	17	-60	31	1427468911	0
333	359	17	-82	31	1427468911	0
5	3	18	-71	31	1427468914	0
363	3	18	-79	31	1427468914	0
356	3	18	-78	31	1427468914	0
369	3	18	-77	31	1427468914	0
2	3	18	-75	31	1427468914	0
334	3	18	-70	31	1427468914	0
4	3	18	-74	31	1427468914	0
368	3	18	-70	31	1427468914	0
365	3	18	-76	31	1427468914	0
333	3	18	-79	31	1427468914	0
359	3	18	-62	31	1427468914	0
3	5	18	-72	31	1427468914	0
363	5	18	-59	31	1427468914	0
356	5	18	-64	31	1427468914	0
369	5	18	-72	31	1427468914	0
2	5	18	-67	31	1427468914	0
334	5	18	-79	31	1427468914	0
4	5	18	-69	31	1427468914	0
368	5	18	-54	31	1427468914	0
365	5	18	-68	31	1427468914	0
333	5	18	-66	31	1427468914	0
359	5	18	-64	31	1427468914	0
3	363	18	-74	31	1427468914	0
5	363	18	-59	31	1427468914	0
356	363	18	-68	31	1427468914	0
369	363	18	-70	31	1427468914	0
2	363	18	-68	31	1427468914	0
334	363	18	-72	31	1427468914	0
4	363	18	-62	31	1427468914	0
368	363	18	-60	31	1427468914	0
365	363	18	-70	31	1427468914	0
333	363	18	-60	31	1427468914	0
359	363	18	-66	31	1427468914	0
3	356	18	-81	31	1427468914	0
5	356	18	-65	31	1427468914	0
363	356	18	-69	31	1427468914	0
369	356	18	-68	31	1427468914	0
2	356	18	-67	31	1427468914	0
334	356	18	-66	31	1427468914	0
4	356	18	-70	31	1427468914	0
368	356	18	-72	31	1427468914	0
365	356	18	-64	31	1427468914	0
333	356	18	-70	31	1427468914	0
359	356	18	-60	31	1427468914	0
3	369	18	-81	31	1427468915	0
5	369	18	-68	31	1427468915	0
363	369	18	-67	31	1427468915	0
356	369	18	-65	31	1427468915	0
2	369	18	-55	31	1427468915	0
334	369	18	-58	31	1427468915	0
4	369	18	-55	31	1427468915	0
368	369	18	-68	31	1427468915	0
365	369	18	-58	31	1427468915	0
333	369	18	-60	31	1427468915	0
359	369	18	-76	31	1427468915	0
3	2	18	-76	31	1427468915	0
5	2	18	-67	31	1427468915	0
363	2	18	-68	31	1427468915	0
356	2	18	-66	31	1427468915	0
369	2	18	-60	31	1427468915	0
334	2	18	-72	31	1427468915	0
4	2	18	-70	31	1427468915	0
368	2	18	-62	31	1427468915	0
365	2	18	-60	31	1427468915	0
333	2	18	-72	31	1427468915	0
359	2	18	-62	31	1427468915	0
3	334	18	-72	31	1427468915	0
5	334	18	-79	31	1427468915	0
363	334	18	-70	31	1427468915	0
356	334	18	-63	31	1427468915	0
369	334	18	-60	31	1427468915	0
2	334	18	-68	31	1427468915	0
4	334	18	-64	31	1427468915	0
368	334	18	-72	31	1427468915	0
365	334	18	-62	31	1427468915	0
333	334	18	-76	31	1427468915	0
359	334	18	-60	31	1427468915	0
3	4	18	-74	31	1427468916	0
5	4	18	-66	31	1427468916	0
363	4	18	-59	31	1427468916	0
356	4	18	-66	31	1427468916	0
369	4	18	-57	31	1427468916	0
2	4	18	-71	31	1427468916	0
334	4	18	-64	31	1427468916	0
368	4	18	-74	31	1427468916	0
365	4	18	-56	31	1427468916	0
333	4	18	-60	31	1427468916	0
359	4	18	-72	31	1427468916	0
3	368	18	-74	31	1427468916	0
5	368	18	-58	31	1427468916	0
363	368	18	-61	31	1427468916	0
356	368	18	-71	31	1427468916	0
369	368	18	-73	31	1427468916	0
2	368	18	-63	31	1427468916	0
334	368	18	-73	31	1427468916	0
4	368	18	-77	31	1427468916	0
365	368	18	-68	31	1427468916	0
333	368	18	-58	31	1427468916	0
359	368	18	-69	31	1427468916	0
3	365	18	-80	31	1427468916	0
5	365	18	-66	31	1427468916	0
363	365	18	-67	31	1427468916	0
356	365	18	-61	31	1427468916	0
369	365	18	-60	31	1427468916	0
2	365	18	-58	31	1427468916	0
334	365	18	-62	31	1427468916	0
4	365	18	-56	31	1427468916	0
368	365	18	-67	31	1427468916	0
333	365	18	-66	31	1427468916	0
359	365	18	-61	31	1427468916	0
3	333	18	-79	31	1427468919	0
5	333	18	-63	31	1427468919	0
363	333	18	-58	31	1427468919	0
356	333	18	-69	31	1427468919	0
369	333	18	-62	31	1427468919	0
2	333	18	-70	31	1427468919	0
334	333	18	-75	31	1427468919	0
4	333	18	-55	31	1427468919	0
368	333	18	-58	31	1427468919	0
365	333	18	-68	31	1427468919	0
3	359	18	-64	31	1427468921	0
5	359	18	-62	31	1427468921	0
363	359	18	-62	31	1427468921	0
356	359	18	-58	31	1427468921	0
369	359	18	-74	31	1427468921	0
2	359	18	-59	31	1427468921	0
334	359	18	-58	31	1427468921	0
4	359	18	-70	31	1427468921	0
368	359	18	-66	31	1427468921	0
365	359	18	-60	31	1427468921	0
5	3	19	-67	31	1427468924	0
363	3	19	-74	31	1427468924	0
356	3	19	-76	31	1427468924	0
369	3	19	-80	31	1427468924	0
2	3	19	-72	31	1427468924	0
334	3	19	-72	31	1427468924	0
4	3	19	-74	31	1427468924	0
368	3	19	-70	31	1427468924	0
365	3	19	-75	31	1427468924	0
333	3	19	-78	31	1427468924	0
359	3	19	-61	31	1427468924	0
3	5	19	-69	31	1427468924	0
363	5	19	-55	31	1427468924	0
356	5	19	-62	31	1427468924	0
369	5	19	-70	31	1427468924	0
2	5	19	-70	31	1427468924	0
334	5	19	-82	31	1427468924	0
4	5	19	-69	31	1427468924	0
368	5	19	-54	31	1427468924	0
365	5	19	-68	31	1427468924	0
333	5	19	-64	31	1427468924	0
359	5	19	-64	31	1427468924	0
3	363	19	-74	31	1427468925	0
5	363	19	-54	31	1427468925	0
356	363	19	-70	31	1427468925	0
369	363	19	-66	31	1427468925	0
2	363	19	-65	31	1427468925	0
334	363	19	-82	31	1427468925	0
4	363	19	-62	31	1427468925	0
368	363	19	-60	31	1427468925	0
365	363	19	-71	31	1427468925	0
333	363	19	-60	31	1427468925	0
359	363	19	-62	31	1427468925	0
5	356	19	-64	31	1427468927	0
363	356	19	-72	31	1427468927	0
369	356	19	-72	31	1427468927	0
2	356	19	-74	31	1427468927	0
334	356	19	-66	31	1427468927	0
4	356	19	-68	31	1427468927	0
368	356	19	-71	31	1427468927	0
365	356	19	-62	31	1427468927	0
333	356	19	-71	31	1427468927	0
359	356	19	-61	31	1427468927	0
3	369	19	-79	31	1427468929	0
5	369	19	-68	31	1427468929	0
363	369	19	-64	31	1427468929	0
356	369	19	-68	31	1427468929	0
2	369	19	-60	31	1427468929	0
334	369	19	-58	31	1427468929	0
4	369	19	-58	31	1427468929	0
365	369	19	-54	31	1427468929	0
333	369	19	-64	31	1427468929	0
359	369	19	-70	31	1427468929	0
3	2	19	-74	31	1427468929	0
5	2	19	-69	31	1427468929	0
363	2	19	-65	31	1427468929	0
356	2	19	-74	31	1427468929	0
369	2	19	-63	31	1427468929	0
334	2	19	-70	31	1427468929	0
4	2	19	-80	31	1427468929	0
368	2	19	-60	31	1427468929	0
365	2	19	-58	31	1427468929	0
333	2	19	-70	31	1427468929	0
359	2	19	-62	31	1427468929	0
3	334	19	-74	31	1427468930	0
5	334	19	-80	31	1427468930	0
363	334	19	-79	31	1427468930	0
356	334	19	-64	31	1427468930	0
369	334	19	-62	31	1427468930	0
2	334	19	-68	31	1427468930	0
4	334	19	-63	31	1427468930	0
368	334	19	-67	31	1427468930	0
365	334	19	-63	31	1427468930	0
333	334	19	-77	31	1427468930	0
359	334	19	-61	31	1427468930	0
3	4	19	-76	31	1427468930	0
5	4	19	-67	31	1427468930	0
363	4	19	-59	31	1427468930	0
356	4	19	-65	31	1427468930	0
369	4	19	-55	31	1427468930	0
2	4	19	-71	31	1427468930	0
334	4	19	-64	31	1427468930	0
368	4	19	-66	31	1427468930	0
365	4	19	-60	31	1427468930	0
333	4	19	-57	31	1427468930	0
359	4	19	-70	31	1427468930	0
3	368	19	-74	31	1427468930	0
5	368	19	-54	31	1427468930	0
363	368	19	-61	31	1427468930	0
356	368	19	-72	31	1427468930	0
369	368	19	-83	31	1427468930	0
2	368	19	-60	31	1427468930	0
334	368	19	-70	31	1427468930	0
4	368	19	-70	31	1427468930	0
365	368	19	-65	31	1427468930	0
333	368	19	-56	31	1427468930	0
359	368	19	-68	31	1427468931	0
3	365	19	-74	31	1427468931	0
5	365	19	-66	31	1427468931	0
363	365	19	-69	31	1427468931	0
356	365	19	-60	31	1427468931	0
369	365	19	-58	31	1427468931	0
2	365	19	-58	31	1427468931	0
334	365	19	-63	31	1427468931	0
4	365	19	-56	31	1427468931	0
368	365	19	-63	31	1427468931	0
333	365	19	-71	31	1427468931	0
359	365	19	-62	31	1427468931	0
3	333	19	-82	31	1427468931	0
5	333	19	-63	31	1427468931	0
363	333	19	-60	31	1427468931	0
356	333	19	-70	31	1427468931	0
369	333	19	-70	31	1427468931	0
2	333	19	-75	31	1427468931	0
334	333	19	-71	31	1427468931	0
4	333	19	-59	31	1427468931	0
368	333	19	-55	31	1427468931	0
365	333	19	-74	31	1427468931	0
359	333	19	-78	31	1427468931	0
3	359	19	-60	31	1427468932	0
5	359	19	-62	31	1427468932	0
363	359	19	-59	31	1427468932	0
356	359	19	-56	31	1427468932	0
369	359	19	-73	31	1427468932	0
2	359	19	-59	31	1427468932	0
334	359	19	-60	31	1427468932	0
4	359	19	-72	31	1427468932	0
368	359	19	-64	31	1427468932	0
365	359	19	-62	31	1427468932	0
333	359	19	-70	31	1427468932	0
5	3	20	-64	31	1427468935	0
363	3	20	-71	31	1427468935	0
356	3	20	-74	31	1427468935	0
369	3	20	-75	31	1427468935	0
2	3	20	-69	31	1427468935	0
334	3	20	-77	31	1427468935	0
4	3	20	-74	31	1427468935	0
368	3	20	-68	31	1427468935	0
365	3	20	-76	31	1427468935	0
333	3	20	-74	31	1427468935	0
359	3	20	-62	31	1427468935	0
3	5	20	-66	31	1427468935	0
363	5	20	-54	31	1427468935	0
356	5	20	-62	31	1427468935	0
369	5	20	-68	31	1427468935	0
2	5	20	-68	31	1427468935	0
334	5	20	-72	31	1427468935	0
4	5	20	-67	31	1427468935	0
368	5	20	-58	31	1427468935	0
365	5	20	-72	31	1427468935	0
333	5	20	-63	31	1427468935	0
359	5	20	-65	31	1427468935	0
3	363	20	-69	31	1427468935	0
5	363	20	-54	31	1427468935	0
356	363	20	-69	31	1427468935	0
369	363	20	-66	31	1427468935	0
2	363	20	-64	31	1427468935	0
334	363	20	-77	31	1427468935	0
4	363	20	-62	31	1427468935	0
368	363	20	-61	31	1427468935	0
365	363	20	-70	31	1427468935	0
333	363	20	-62	31	1427468935	0
359	363	20	-62	31	1427468935	0
3	356	20	-78	31	1427468935	0
5	356	20	-63	31	1427468935	0
363	356	20	-70	31	1427468935	0
369	356	20	-75	31	1427468935	0
2	356	20	-74	31	1427468935	0
334	356	20	-69	31	1427468935	0
4	356	20	-71	31	1427468935	0
368	356	20	-74	31	1427468935	0
365	356	20	-64	31	1427468935	0
333	356	20	-68	31	1427468935	0
359	356	20	-63	31	1427468935	0
3	369	20	-77	31	1427468936	0
5	369	20	-65	31	1427468936	0
363	369	20	-64	31	1427468936	0
356	369	20	-70	31	1427468936	0
2	369	20	-62	31	1427468936	0
334	369	20	-58	31	1427468936	0
4	369	20	-59	31	1427468936	0
368	369	20	-72	31	1427468936	0
365	369	20	-60	31	1427468936	0
333	369	20	-64	31	1427468936	0
359	369	20	-79	31	1427468936	0
3	2	20	-75	31	1427468936	0
5	2	20	-68	31	1427468936	0
363	2	20	-64	31	1427468936	0
356	2	20	-73	31	1427468936	0
369	2	20	-64	31	1427468936	0
334	2	20	-70	31	1427468936	0
4	2	20	-77	31	1427468936	0
368	2	20	-59	31	1427468936	0
365	2	20	-54	31	1427468936	0
333	2	20	-68	31	1427468936	0
359	2	20	-63	31	1427468936	0
3	334	20	-79	31	1427468936	0
5	334	20	-72	31	1427468936	0
363	334	20	-76	31	1427468936	0
356	334	20	-66	31	1427468936	0
369	334	20	-60	31	1427468936	0
2	334	20	-70	31	1427468936	0
4	334	20	-65	31	1427468936	0
368	334	20	-62	31	1427468936	0
365	334	20	-62	31	1427468936	0
333	334	20	-70	31	1427468936	0
359	334	20	-62	31	1427468936	0
3	4	20	-75	31	1427468936	0
5	4	20	-66	31	1427468936	0
363	4	20	-60	31	1427468936	0
356	4	20	-68	31	1427468936	0
369	4	20	-60	31	1427468936	0
2	4	20	-76	31	1427468936	0
334	4	20	-64	31	1427468936	0
368	4	20	-64	31	1427468936	0
365	4	20	-61	31	1427468936	0
333	4	20	-56	31	1427468936	0
359	4	20	-76	31	1427468936	0
3	368	20	-70	31	1427468937	0
5	368	20	-58	31	1427468937	0
363	368	20	-61	31	1427468937	0
356	368	20	-75	31	1427468937	0
369	368	20	-76	31	1427468937	0
2	368	20	-60	31	1427468937	0
334	368	20	-65	31	1427468937	0
4	368	20	-67	31	1427468937	0
365	368	20	-62	31	1427468937	0
333	368	20	-55	31	1427468937	0
359	368	20	-69	31	1427468937	0
3	365	20	-75	31	1427468937	0
5	365	20	-70	31	1427468937	0
363	365	20	-68	31	1427468937	0
356	365	20	-61	31	1427468937	0
369	365	20	-58	31	1427468937	0
2	365	20	-58	31	1427468937	0
334	365	20	-62	31	1427468937	0
4	365	20	-60	31	1427468937	0
368	365	20	-59	31	1427468937	0
333	365	20	-66	31	1427468937	0
359	365	20	-62	31	1427468937	0
3	333	20	-81	31	1427468937	0
5	333	20	-62	31	1427468937	0
363	333	20	-60	31	1427468937	0
356	333	20	-66	31	1427468937	0
369	333	20	-68	31	1427468937	0
2	333	20	-68	31	1427468937	0
334	333	20	-72	31	1427468937	0
4	333	20	-56	31	1427468937	0
368	333	20	-55	31	1427468937	0
365	333	20	-68	31	1427468937	0
359	333	20	-75	31	1427468937	0
3	359	20	-64	31	1427468938	0
5	359	20	-62	31	1427468938	0
363	359	20	-60	31	1427468938	0
356	359	20	-60	31	1427468938	0
369	359	20	-79	31	1427468938	0
2	359	20	-61	31	1427468938	0
334	359	20	-60	31	1427468938	0
4	359	20	-75	31	1427468938	0
368	359	20	-66	31	1427468938	0
365	359	20	-62	31	1427468938	0
333	359	20	-72	31	1427468938	0
5	3	21	-66	31	1427468941	0
363	3	21	-70	31	1427468941	0
356	3	21	-71	31	1427468941	0
369	3	21	-72	31	1427468941	0
2	3	21	-75	31	1427468941	0
334	3	21	-84	31	1427468941	0
4	3	21	-77	31	1427468941	0
368	3	21	-71	31	1427468941	0
365	3	21	-76	31	1427468941	0
333	3	21	-74	31	1427468941	0
359	3	21	-64	31	1427468941	0
3	5	21	-68	31	1427468941	0
363	5	21	-58	31	1427468941	0
356	5	21	-65	31	1427468941	0
369	5	21	-64	31	1427468941	0
2	5	21	-66	31	1427468941	0
334	5	21	-68	31	1427468941	0
4	5	21	-64	31	1427468941	0
368	5	21	-61	31	1427468941	0
365	5	21	-73	31	1427468941	0
333	5	21	-63	31	1427468941	0
359	5	21	-68	31	1427468941	0
3	363	21	-74	31	1427468941	0
5	363	21	-58	31	1427468941	0
356	363	21	-67	31	1427468941	0
369	363	21	-68	31	1427468941	0
2	363	21	-64	31	1427468941	0
334	363	21	-73	31	1427468941	0
4	363	21	-62	31	1427468941	0
368	363	21	-63	31	1427468941	0
365	363	21	-82	31	1427468941	0
333	363	21	-62	31	1427468941	0
359	363	21	-63	31	1427468941	0
3	356	21	-78	31	1427468942	0
5	356	21	-66	31	1427468942	0
363	356	21	-68	31	1427468942	0
369	356	21	-70	31	1427468942	0
2	356	21	-70	31	1427468942	0
334	356	21	-74	31	1427468942	0
4	356	21	-76	31	1427468942	0
368	356	21	-76	31	1427468942	0
365	356	21	-62	31	1427468942	0
333	356	21	-68	31	1427468942	0
359	356	21	-65	31	1427468942	0
3	369	21	-72	31	1427468942	0
5	369	21	-61	31	1427468942	0
363	369	21	-64	31	1427468942	0
356	369	21	-65	31	1427468942	0
2	369	21	-63	31	1427468942	0
334	369	21	-57	31	1427468942	0
4	369	21	-57	31	1427468942	0
368	369	21	-72	31	1427468942	0
365	369	21	-60	31	1427468942	0
333	369	21	-63	31	1427468942	0
359	369	21	-81	31	1427468942	0
3	2	21	-76	31	1427468942	0
5	2	21	-66	31	1427468942	0
363	2	21	-64	31	1427468942	0
356	2	21	-68	31	1427468942	0
369	2	21	-66	31	1427468942	0
334	2	21	-69	31	1427468942	0
4	2	21	-71	31	1427468942	0
368	2	21	-60	31	1427468942	0
365	2	21	-58	31	1427468942	0
333	2	21	-68	31	1427468942	0
359	2	21	-66	31	1427468942	0
3	334	21	-86	31	1427468942	0
5	334	21	-67	31	1427468942	0
363	334	21	-70	31	1427468942	0
356	334	21	-74	31	1427468942	0
369	334	21	-61	31	1427468942	0
2	334	21	-69	31	1427468942	0
4	334	21	-64	31	1427468942	0
368	334	21	-62	31	1427468942	0
365	334	21	-62	31	1427468942	0
333	334	21	-85	31	1427468942	0
359	334	21	-61	31	1427468942	0
3	4	21	-77	31	1427468943	0
5	4	21	-62	31	1427468943	0
363	4	21	-61	31	1427468943	0
356	4	21	-70	31	1427468943	0
369	4	21	-60	31	1427468943	0
2	4	21	-69	31	1427468943	0
334	4	21	-64	31	1427468943	0
368	4	21	-64	31	1427468943	0
365	4	21	-62	31	1427468943	0
333	4	21	-55	31	1427468943	0
359	4	21	-71	31	1427468943	0
3	368	21	-72	31	1427468943	0
5	368	21	-63	31	1427468943	0
363	368	21	-63	31	1427468943	0
356	368	21	-77	31	1427468943	0
369	368	21	-76	31	1427468943	0
2	368	21	-60	31	1427468943	0
334	368	21	-65	31	1427468943	0
4	368	21	-66	31	1427468943	0
365	368	21	-61	31	1427468943	0
333	368	21	-55	31	1427468943	0
359	368	21	-68	31	1427468943	0
3	365	21	-77	31	1427468944	0
5	365	21	-70	31	1427468944	0
363	365	21	-77	31	1427468944	0
356	365	21	-57	31	1427468944	0
369	365	21	-62	31	1427468944	0
2	365	21	-56	31	1427468944	0
334	365	21	-59	31	1427468944	0
4	365	21	-62	31	1427468944	0
368	365	21	-56	31	1427468944	0
333	365	21	-63	31	1427468944	0
359	365	21	-64	31	1427468944	0
3	333	21	-77	31	1427468944	0
5	333	21	-63	31	1427468944	0
363	333	21	-63	31	1427468944	0
356	333	21	-67	31	1427468944	0
369	333	21	-64	31	1427468944	0
2	333	21	-68	31	1427468944	0
334	333	21	-83	31	1427468944	0
4	333	21	-57	31	1427468944	0
368	333	21	-56	31	1427468944	0
365	333	21	-64	31	1427468944	0
359	333	21	-79	31	1427468944	0
3	359	21	-66	31	1427468944	0
5	359	21	-64	31	1427468944	0
363	359	21	-60	31	1427468944	0
356	359	21	-62	31	1427468944	0
369	359	21	-81	31	1427468944	0
2	359	21	-62	31	1427468944	0
334	359	21	-60	31	1427468944	0
4	359	21	-70	31	1427468944	0
368	359	21	-66	31	1427468944	0
365	359	21	-62	31	1427468944	0
333	359	21	-75	31	1427468944	0
5	3	22	-72	31	1427468947	0
363	3	22	-75	31	1427468947	0
356	3	22	-70	31	1427468947	0
369	3	22	-70	31	1427468947	0
2	3	22	-73	31	1427468947	0
334	3	22	-78	31	1427468947	0
4	3	22	-80	31	1427468947	0
368	3	22	-74	31	1427468947	0
365	3	22	-73	31	1427468947	0
333	3	22	-77	31	1427468947	0
359	3	22	-62	31	1427468947	0
3	5	22	-73	31	1427468947	0
363	5	22	-58	31	1427468947	0
356	5	22	-64	31	1427468947	0
369	5	22	-62	31	1427468947	0
2	5	22	-66	31	1427468947	0
334	5	22	-66	31	1427468947	0
4	5	22	-62	31	1427468947	0
368	5	22	-66	31	1427468947	0
365	5	22	-74	31	1427468947	0
333	5	22	-64	31	1427468947	0
359	5	22	-70	31	1427468947	0
3	363	22	-80	31	1427468947	0
5	363	22	-55	31	1427468947	0
356	363	22	-66	31	1427468947	0
369	363	22	-73	31	1427468947	0
2	363	22	-66	31	1427468947	0
334	363	22	-69	31	1427468947	0
4	363	22	-63	31	1427468947	0
368	363	22	-65	31	1427468947	0
365	363	22	-83	31	1427468947	0
333	363	22	-62	31	1427468947	0
359	363	22	-64	31	1427468947	0
3	356	22	-73	31	1427468948	0
5	356	22	-65	31	1427468948	0
363	356	22	-66	31	1427468948	0
369	356	22	-67	31	1427468948	0
2	356	22	-70	31	1427468948	0
334	356	22	-84	31	1427468948	0
4	356	22	-73	31	1427468948	0
368	356	22	-76	31	1427468948	0
365	356	22	-62	31	1427468948	0
333	356	22	-68	31	1427468948	0
359	356	22	-62	31	1427468948	0
3	369	22	-68	31	1427468950	0
5	369	22	-60	31	1427468950	0
363	369	22	-69	31	1427468950	0
356	369	22	-63	31	1427468950	0
2	369	22	-67	31	1427468950	0
334	369	22	-60	31	1427468950	0
4	369	22	-58	31	1427468950	0
368	369	22	-73	31	1427468950	0
365	369	22	-65	31	1427468950	0
333	369	22	-55	31	1427468950	0
3	2	22	-81	31	1427468950	0
5	2	22	-66	31	1427468950	0
363	2	22	-66	31	1427468950	0
356	2	22	-67	31	1427468950	0
369	2	22	-69	31	1427468950	0
334	2	22	-70	31	1427468950	0
4	2	22	-68	31	1427468950	0
368	2	22	-60	31	1427468950	0
365	2	22	-57	31	1427468950	0
333	2	22	-68	31	1427468950	0
359	2	22	-66	31	1427468950	0
5	334	22	-64	31	1427468952	0
363	334	22	-68	31	1427468952	0
356	334	22	-79	31	1427468952	0
369	334	22	-62	31	1427468952	0
2	334	22	-69	31	1427468952	0
4	334	22	-62	31	1427468952	0
368	334	22	-61	31	1427468952	0
365	334	22	-65	31	1427468952	0
333	334	22	-78	31	1427468952	0
359	334	22	-62	31	1427468952	0
3	4	22	-79	31	1427468953	0
5	4	22	-60	31	1427468953	0
363	4	22	-61	31	1427468953	0
356	4	22	-70	31	1427468953	0
369	4	22	-54	31	1427468953	0
2	4	22	-66	31	1427468953	0
334	4	22	-62	31	1427468953	0
368	4	22	-66	31	1427468953	0
365	4	22	-62	31	1427468953	0
333	4	22	-55	31	1427468953	0
359	4	22	-72	31	1427468953	0
3	368	22	-75	31	1427468953	0
5	368	22	-66	31	1427468953	0
363	368	22	-65	31	1427468953	0
356	368	22	-76	31	1427468953	0
369	368	22	-79	31	1427468953	0
2	368	22	-61	31	1427468953	0
334	368	22	-63	31	1427468953	0
4	368	22	-68	31	1427468953	0
365	368	22	-61	31	1427468953	0
333	368	22	-58	31	1427468953	0
359	368	22	-71	31	1427468953	0
3	365	22	-76	31	1427468954	0
5	365	22	-70	31	1427468954	0
363	365	22	-76	31	1427468954	0
356	365	22	-60	31	1427468954	0
369	365	22	-64	31	1427468954	0
2	365	22	-55	31	1427468954	0
334	365	22	-62	31	1427468954	0
4	365	22	-60	31	1427468954	0
368	365	22	-58	31	1427468954	0
333	365	22	-60	31	1427468954	0
359	365	22	-67	31	1427468954	0
3	333	22	-74	31	1427468954	0
5	333	22	-64	31	1427468954	0
363	333	22	-62	31	1427468954	0
356	333	22	-67	31	1427468954	0
369	333	22	-60	31	1427468954	0
2	333	22	-69	31	1427468954	0
334	333	22	-74	31	1427468954	0
4	333	22	-58	31	1427468954	0
368	333	22	-56	31	1427468954	0
365	333	22	-61	31	1427468954	0
359	333	22	-72	31	1427468954	0
3	359	22	-66	31	1427468954	0
5	359	22	-68	31	1427468954	0
363	359	22	-59	31	1427468954	0
356	359	22	-59	31	1427468954	0
369	359	22	-82	31	1427468954	0
2	359	22	-64	31	1427468954	0
334	359	22	-60	31	1427468954	0
4	359	22	-72	31	1427468954	0
368	359	22	-66	31	1427468954	0
365	359	22	-66	31	1427468954	0
333	359	22	-68	31	1427468954	0
5	3	23	-73	31	1427468957	0
363	3	23	-66	31	1427468957	0
356	3	23	-70	31	1427468957	0
369	3	23	-73	31	1427468957	0
2	3	23	-78	31	1427468957	0
334	3	23	-78	31	1427468957	0
4	3	23	-72	31	1427468957	0
368	3	23	-69	31	1427468957	0
365	3	23	-75	31	1427468957	0
333	3	23	-70	31	1427468957	0
359	3	23	-66	31	1427468957	0
3	5	23	-71	31	1427468957	0
363	5	23	-55	31	1427468957	0
356	5	23	-64	31	1427468957	0
369	5	23	-64	31	1427468957	0
2	5	23	-66	31	1427468957	0
334	5	23	-66	31	1427468957	0
4	5	23	-61	31	1427468957	0
368	5	23	-63	31	1427468957	0
365	5	23	-75	31	1427468957	0
333	5	23	-65	31	1427468957	0
359	5	23	-68	31	1427468957	0
3	363	23	-70	31	1427468957	0
5	363	23	-58	31	1427468957	0
356	363	23	-62	31	1427468957	0
369	363	23	-78	31	1427468957	0
2	363	23	-68	31	1427468957	0
334	363	23	-68	31	1427468957	0
4	363	23	-62	31	1427468957	0
368	363	23	-70	31	1427468957	0
365	363	23	-75	31	1427468957	0
333	363	23	-65	31	1427468957	0
359	363	23	-62	31	1427468957	0
3	356	23	-73	31	1427468958	0
5	356	23	-65	31	1427468958	0
363	356	23	-63	31	1427468958	0
369	356	23	-68	31	1427468958	0
2	356	23	-70	31	1427468958	0
334	356	23	-79	31	1427468958	0
4	356	23	-76	31	1427468958	0
368	356	23	-74	31	1427468958	0
365	356	23	-64	31	1427468958	0
333	356	23	-70	31	1427468958	0
359	356	23	-60	31	1427468958	0
3	369	23	-72	31	1427468958	0
5	369	23	-60	31	1427468958	0
363	369	23	-74	31	1427468958	0
356	369	23	-63	31	1427468958	0
2	369	23	-67	31	1427468958	0
334	369	23	-60	31	1427468958	0
4	369	23	-57	31	1427468958	0
368	369	23	-68	31	1427468958	0
365	369	23	-70	31	1427468958	0
333	369	23	-59	31	1427468958	0
359	369	23	-79	31	1427468958	0
3	2	23	-79	31	1427468958	0
5	2	23	-66	31	1427468958	0
363	2	23	-66	31	1427468958	0
356	2	23	-68	31	1427468958	0
369	2	23	-70	31	1427468958	0
334	2	23	-68	31	1427468958	0
4	2	23	-65	31	1427468958	0
368	2	23	-61	31	1427468958	0
365	2	23	-57	31	1427468958	0
333	2	23	-68	31	1427468958	0
359	2	23	-68	31	1427468958	0
3	334	23	-78	31	1427468959	0
5	334	23	-65	31	1427468959	0
363	334	23	-67	31	1427468959	0
356	334	23	-78	31	1427468959	0
369	334	23	-62	31	1427468959	0
2	334	23	-66	31	1427468959	0
4	334	23	-64	31	1427468959	0
368	334	23	-60	31	1427468959	0
365	334	23	-69	31	1427468959	0
333	334	23	-76	31	1427468959	0
359	334	23	-62	31	1427468959	0
3	4	23	-77	31	1427468959	0
5	4	23	-60	31	1427468959	0
363	4	23	-60	31	1427468959	0
356	4	23	-72	31	1427468959	0
369	4	23	-59	31	1427468959	0
2	4	23	-64	31	1427468959	0
334	4	23	-64	31	1427468959	0
368	4	23	-71	31	1427468959	0
365	4	23	-61	31	1427468959	0
333	4	23	-57	31	1427468959	0
359	4	23	-68	31	1427468959	0
3	368	23	-74	31	1427468959	0
5	368	23	-64	31	1427468959	0
363	368	23	-70	31	1427468959	0
356	368	23	-74	31	1427468959	0
369	368	23	-74	31	1427468959	0
2	368	23	-62	31	1427468959	0
334	368	23	-62	31	1427468959	0
4	368	23	-74	31	1427468959	0
365	368	23	-61	31	1427468959	0
333	368	23	-58	31	1427468959	0
359	368	23	-64	31	1427468959	0
3	365	23	-75	31	1427468960	0
5	365	23	-75	31	1427468960	0
363	365	23	-72	31	1427468960	0
356	365	23	-61	31	1427468960	0
369	365	23	-72	31	1427468960	0
2	365	23	-55	31	1427468960	0
334	365	23	-68	31	1427468960	0
4	365	23	-60	31	1427468960	0
368	365	23	-56	31	1427468960	0
333	365	23	-56	31	1427468960	0
359	365	23	-66	31	1427468960	0
3	333	23	-72	31	1427468960	0
5	333	23	-65	31	1427468960	0
363	333	23	-64	31	1427468960	0
356	333	23	-68	31	1427468960	0
369	333	23	-60	31	1427468960	0
2	333	23	-68	31	1427468960	0
334	333	23	-78	31	1427468960	0
4	333	23	-59	31	1427468960	0
368	333	23	-57	31	1427468960	0
365	333	23	-61	31	1427468960	0
359	333	23	-73	31	1427468960	0
3	359	23	-66	31	1427468960	0
5	359	23	-66	31	1427468960	0
363	359	23	-60	31	1427468960	0
356	359	23	-56	31	1427468960	0
369	359	23	-81	31	1427468960	0
2	359	23	-66	31	1427468960	0
334	359	23	-60	31	1427468960	0
4	359	23	-68	31	1427468960	0
368	359	23	-61	31	1427468960	0
365	359	23	-66	31	1427468960	0
333	359	23	-70	31	1427468960	0
5	3	24	-74	31	1427468963	0
363	3	24	-66	31	1427468963	0
356	3	24	-66	31	1427468963	0
369	3	24	-78	31	1427468963	0
2	3	24	-80	31	1427468963	0
334	3	24	-74	31	1427468963	0
4	3	24	-73	31	1427468963	0
368	3	24	-76	31	1427468963	0
365	3	24	-74	31	1427468963	0
333	3	24	-68	31	1427468963	0
359	3	24	-67	31	1427468963	0
3	5	24	-77	31	1427468963	0
363	5	24	-56	31	1427468963	0
356	5	24	-65	31	1427468963	0
369	5	24	-66	31	1427468963	0
2	5	24	-74	31	1427468963	0
334	5	24	-70	31	1427468963	0
4	5	24	-61	31	1427468963	0
368	5	24	-64	31	1427468963	0
365	5	24	-74	31	1427468963	0
333	5	24	-60	31	1427468963	0
359	5	24	-73	31	1427468963	0
3	363	24	-70	31	1427468963	0
5	363	24	-58	31	1427468963	0
356	363	24	-60	31	1427468963	0
369	363	24	-72	31	1427468963	0
2	363	24	-70	31	1427468963	0
334	363	24	-66	31	1427468963	0
4	363	24	-62	31	1427468963	0
368	363	24	-74	31	1427468963	0
365	363	24	-74	31	1427468963	0
333	363	24	-67	31	1427468963	0
359	363	24	-60	31	1427468963	0
3	356	24	-71	31	1427468963	0
5	356	24	-66	31	1427468963	0
363	356	24	-61	31	1427468963	0
369	356	24	-68	31	1427468963	0
2	356	24	-69	31	1427468963	0
334	356	24	-86	31	1427468963	0
4	356	24	-78	31	1427468963	0
368	356	24	-76	31	1427468963	0
365	356	24	-68	31	1427468963	0
333	356	24	-71	31	1427468963	0
359	356	24	-56	31	1427468963	0
3	369	24	-75	31	1427468964	0
5	369	24	-63	31	1427468964	0
363	369	24	-69	31	1427468964	0
356	369	24	-64	31	1427468964	0
2	369	24	-68	31	1427468964	0
334	369	24	-62	31	1427468964	0
4	369	24	-56	31	1427468964	0
368	369	24	-65	31	1427468964	0
365	369	24	-74	31	1427468964	0
333	369	24	-59	31	1427468964	0
359	369	24	-81	31	1427468964	0
3	2	24	-84	31	1427468964	0
5	2	24	-74	31	1427468964	0
363	2	24	-68	31	1427468964	0
356	2	24	-66	31	1427468964	0
369	2	24	-70	31	1427468964	0
334	2	24	-73	31	1427468964	0
4	2	24	-62	31	1427468964	0
368	2	24	-61	31	1427468964	0
365	2	24	-57	31	1427468964	0
333	2	24	-66	31	1427468964	0
359	2	24	-69	31	1427468964	0
3	334	24	-78	31	1427468964	0
5	334	24	-69	31	1427468964	0
363	334	24	-64	31	1427468964	0
356	334	24	-83	31	1427468964	0
369	334	24	-64	31	1427468964	0
2	334	24	-72	31	1427468964	0
4	334	24	-63	31	1427468964	0
368	334	24	-60	31	1427468964	0
365	334	24	-78	31	1427468964	0
333	334	24	-84	31	1427468964	0
359	334	24	-63	31	1427468964	0
3	4	24	-74	31	1427468965	0
5	4	24	-60	31	1427468965	0
363	4	24	-60	31	1427468965	0
356	4	24	-76	31	1427468965	0
369	4	24	-58	31	1427468965	0
2	4	24	-62	31	1427468965	0
334	4	24	-64	31	1427468965	0
368	4	24	-77	31	1427468965	0
365	4	24	-62	31	1427468965	0
333	4	24	-58	31	1427468965	0
359	4	24	-69	31	1427468965	0
3	368	24	-78	31	1427468965	0
5	368	24	-65	31	1427468965	0
363	368	24	-72	31	1427468965	0
356	368	24	-74	31	1427468965	0
369	368	24	-68	31	1427468965	0
2	368	24	-62	31	1427468965	0
334	368	24	-61	31	1427468965	0
4	368	24	-80	31	1427468965	0
365	368	24	-61	31	1427468965	0
333	368	24	-57	31	1427468965	0
359	368	24	-64	31	1427468965	0
3	365	24	-75	31	1427468965	0
5	365	24	-72	31	1427468965	0
363	365	24	-70	31	1427468965	0
356	365	24	-64	31	1427468965	0
369	365	24	-75	31	1427468965	0
2	365	24	-55	31	1427468965	0
334	365	24	-77	31	1427468965	0
4	365	24	-61	31	1427468965	0
368	365	24	-55	31	1427468965	0
333	365	24	-60	31	1427468965	0
359	365	24	-67	31	1427468965	0
3	333	24	-72	31	1427468966	0
5	333	24	-60	31	1427468966	0
363	333	24	-68	31	1427468966	0
356	333	24	-74	31	1427468966	0
369	333	24	-60	31	1427468966	0
2	333	24	-66	31	1427468966	0
334	333	24	-87	31	1427468966	0
4	333	24	-61	31	1427468966	0
368	333	24	-55	31	1427468966	0
365	333	24	-61	31	1427468966	0
359	333	24	-72	31	1427468966	0
3	359	24	-66	31	1427468966	0
5	359	24	-72	31	1427468966	0
363	359	24	-54	31	1427468966	0
356	359	24	-58	31	1427468966	0
369	359	24	-78	31	1427468966	0
2	359	24	-70	31	1427468966	0
334	359	24	-62	31	1427468966	0
4	359	24	-70	31	1427468966	0
368	359	24	-60	31	1427468966	0
365	359	24	-68	31	1427468966	0
333	359	24	-70	31	1427468966	0
5	3	25	-76	31	1427468968	0
363	3	25	-66	31	1427468968	0
356	3	25	-66	31	1427468968	0
369	3	25	-85	31	1427468968	0
2	3	25	-87	31	1427468968	0
334	3	25	-70	31	1427468968	0
4	3	25	-69	31	1427468968	0
368	3	25	-84	31	1427468968	0
365	3	25	-76	31	1427468968	0
333	3	25	-66	31	1427468968	0
359	3	25	-68	31	1427468968	0
3	5	25	-86	31	1427468968	0
363	5	25	-60	31	1427468968	0
356	5	25	-66	31	1427468968	0
369	5	25	-71	31	1427468968	0
2	5	25	-82	31	1427468968	0
334	5	25	-70	31	1427468968	0
4	5	25	-61	31	1427468968	0
368	5	25	-62	31	1427468968	0
365	5	25	-68	31	1427468968	0
333	5	25	-57	31	1427468968	0
359	5	25	-77	31	1427468968	0
3	363	25	-70	31	1427468969	0
5	363	25	-61	31	1427468969	0
356	363	25	-54	31	1427468969	0
369	363	25	-74	31	1427468969	0
2	363	25	-67	31	1427468969	0
334	363	25	-66	31	1427468969	0
4	363	25	-62	31	1427468969	0
368	363	25	-66	31	1427468969	0
365	363	25	-74	31	1427468969	0
333	363	25	-71	31	1427468969	0
359	363	25	-60	31	1427468969	0
3	356	25	-70	31	1427468971	0
5	356	25	-70	31	1427468971	0
363	356	25	-56	31	1427468971	0
369	356	25	-70	31	1427468971	0
2	356	25	-70	31	1427468971	0
334	356	25	-85	31	1427468971	0
4	356	25	-85	31	1427468971	0
365	356	25	-71	31	1427468971	0
333	356	25	-74	31	1427468971	0
359	356	25	-55	31	1427468971	0
3	369	25	-84	31	1427468971	0
5	369	25	-68	31	1427468971	0
363	369	25	-70	31	1427468971	0
356	369	25	-66	31	1427468971	0
2	369	25	-68	31	1427468971	0
334	369	25	-61	31	1427468971	0
4	369	25	-55	31	1427468971	0
368	369	25	-63	31	1427468971	0
365	369	25	-68	31	1427468971	0
333	369	25	-59	31	1427468971	0
359	369	25	-80	31	1427468971	0
3	2	25	-91	31	1427468972	0
5	2	25	-79	31	1427468972	0
363	2	25	-66	31	1427468972	0
356	2	25	-67	31	1427468972	0
369	2	25	-72	31	1427468972	0
334	2	25	-69	31	1427468972	0
4	2	25	-62	31	1427468972	0
368	2	25	-61	31	1427468972	0
365	2	25	-57	31	1427468972	0
333	2	25	-62	31	1427468972	0
359	2	25	-70	31	1427468972	0
3	334	25	-74	31	1427468972	0
5	334	25	-67	31	1427468972	0
363	334	25	-64	31	1427468972	0
356	334	25	-82	31	1427468972	0
369	334	25	-63	31	1427468972	0
2	334	25	-69	31	1427468972	0
4	334	25	-62	31	1427468972	0
368	334	25	-60	31	1427468972	0
365	334	25	-81	31	1427468972	0
333	334	25	-77	31	1427468972	0
359	334	25	-64	31	1427468972	0
3	4	25	-70	31	1427468972	0
5	4	25	-60	31	1427468972	0
363	4	25	-60	31	1427468972	0
356	4	25	-86	31	1427468972	0
369	4	25	-58	31	1427468972	0
2	4	25	-62	31	1427468972	0
334	4	25	-62	31	1427468972	0
368	4	25	-71	31	1427468972	0
365	4	25	-55	31	1427468972	0
333	4	25	-59	31	1427468972	0
359	4	25	-71	31	1427468972	0
3	368	25	-87	31	1427468974	0
5	368	25	-64	31	1427468974	0
363	368	25	-67	31	1427468974	0
369	368	25	-67	31	1427468974	0
2	368	25	-62	31	1427468974	0
334	368	25	-62	31	1427468974	0
4	368	25	-74	31	1427468974	0
365	368	25	-61	31	1427468974	0
333	368	25	-57	31	1427468974	0
359	368	25	-62	31	1427468974	0
3	365	25	-76	31	1427468975	0
5	365	25	-67	31	1427468975	0
363	365	25	-71	31	1427468975	0
356	365	25	-68	31	1427468975	0
369	365	25	-69	31	1427468975	0
2	365	25	-56	31	1427468975	0
334	365	25	-78	31	1427468975	0
4	365	25	-54	31	1427468975	0
368	365	25	-58	31	1427468975	0
333	365	25	-56	31	1427468975	0
359	365	25	-66	31	1427468975	0
3	333	25	-69	31	1427468975	0
5	333	25	-54	31	1427468975	0
363	333	25	-73	31	1427468975	0
356	333	25	-71	31	1427468975	0
369	333	25	-60	31	1427468975	0
2	333	25	-62	31	1427468975	0
334	333	25	-79	31	1427468975	0
4	333	25	-56	31	1427468975	0
368	333	25	-55	31	1427468975	0
365	333	25	-62	31	1427468975	0
359	333	25	-73	31	1427468975	0
3	359	25	-68	31	1427468975	0
5	359	25	-78	31	1427468975	0
363	359	25	-54	31	1427468975	0
356	359	25	-55	31	1427468975	0
369	359	25	-80	31	1427468975	0
2	359	25	-68	31	1427468975	0
334	359	25	-62	31	1427468975	0
4	359	25	-70	31	1427468975	0
368	359	25	-60	31	1427468975	0
365	359	25	-66	31	1427468975	0
333	359	25	-70	31	1427468975	0
5	3	26	-77	31	1427468978	0
363	3	26	-66	31	1427468978	0
356	3	26	-66	31	1427468978	0
369	3	26	-76	31	1427468978	0
2	3	26	-82	31	1427468978	0
334	3	26	-70	31	1427468978	0
4	3	26	-69	31	1427468978	0
368	3	26	-72	31	1427468978	0
365	3	26	-81	31	1427468978	0
333	3	26	-69	31	1427468978	0
359	3	26	-68	31	1427468978	0
3	5	26	-74	31	1427468978	0
363	5	26	-62	31	1427468978	0
356	5	26	-69	31	1427468978	0
369	5	26	-69	31	1427468978	0
2	5	26	-72	31	1427468978	0
334	5	26	-69	31	1427468978	0
4	5	26	-66	31	1427468978	0
368	5	26	-61	31	1427468978	0
365	5	26	-67	31	1427468978	0
333	5	26	-54	31	1427468978	0
359	5	26	-80	31	1427468978	0
3	363	26	-67	31	1427468978	0
5	363	26	-64	31	1427468978	0
356	363	26	-60	31	1427468978	0
369	363	26	-77	31	1427468978	0
2	363	26	-67	31	1427468978	0
334	363	26	-66	31	1427468978	0
4	363	26	-63	31	1427468978	0
368	363	26	-63	31	1427468978	0
365	363	26	-83	31	1427468978	0
333	363	26	-76	31	1427468978	0
359	363	26	-60	31	1427468978	0
3	356	26	-72	31	1427468979	0
5	356	26	-71	31	1427468979	0
363	356	26	-55	31	1427468979	0
369	356	26	-74	31	1427468979	0
2	356	26	-67	31	1427468979	0
334	356	26	-80	31	1427468979	0
4	356	26	-87	31	1427468979	0
368	356	26	-76	31	1427468979	0
365	356	26	-68	31	1427468979	0
333	356	26	-74	31	1427468979	0
359	356	26	-54	31	1427468979	0
3	369	26	-76	31	1427468979	0
5	369	26	-67	31	1427468979	0
363	369	26	-73	31	1427468979	0
356	369	26	-68	31	1427468979	0
2	369	26	-67	31	1427468979	0
334	369	26	-61	31	1427468979	0
4	369	26	-55	31	1427468979	0
368	369	26	-66	31	1427468979	0
365	369	26	-65	31	1427468979	0
333	369	26	-55	31	1427468979	0
359	369	26	-79	31	1427468979	0
3	2	26	-83	31	1427468979	0
5	2	26	-72	31	1427468979	0
363	2	26	-65	31	1427468979	0
356	2	26	-65	31	1427468979	0
369	2	26	-68	31	1427468979	0
334	2	26	-67	31	1427468979	0
4	2	26	-62	31	1427468979	0
368	2	26	-62	31	1427468979	0
365	2	26	-54	31	1427468979	0
333	2	26	-61	31	1427468979	0
359	2	26	-71	31	1427468979	0
3	334	26	-70	31	1427468979	0
5	334	26	-68	31	1427468979	0
363	334	26	-64	31	1427468979	0
356	334	26	-77	31	1427468979	0
369	334	26	-62	31	1427468979	0
2	334	26	-66	31	1427468979	0
4	334	26	-62	31	1427468979	0
368	334	26	-60	31	1427468979	0
365	334	26	-80	31	1427468979	0
333	334	26	-76	31	1427468979	0
359	334	26	-66	31	1427468979	0
3	4	26	-70	31	1427468980	0
5	4	26	-64	31	1427468980	0
363	4	26	-61	31	1427468980	0
356	4	26	-85	31	1427468980	0
369	4	26	-56	31	1427468980	0
2	4	26	-62	31	1427468980	0
334	4	26	-62	31	1427468980	0
368	4	26	-65	31	1427468980	0
365	4	26	-58	31	1427468980	0
333	4	26	-58	31	1427468980	0
359	4	26	-69	31	1427468980	0
3	368	26	-81	31	1427468980	0
5	368	26	-62	31	1427468980	0
363	368	26	-64	31	1427468980	0
356	368	26	-75	31	1427468980	0
369	368	26	-70	31	1427468980	0
2	368	26	-63	31	1427468980	0
334	368	26	-62	31	1427468980	0
4	368	26	-68	31	1427468980	0
365	368	26	-61	31	1427468980	0
333	368	26	-57	31	1427468980	0
359	368	26	-64	31	1427468980	0
3	365	26	-79	31	1427468980	0
5	365	26	-66	31	1427468980	0
363	365	26	-80	31	1427468980	0
356	365	26	-66	31	1427468980	0
369	365	26	-65	31	1427468980	0
2	365	26	-58	31	1427468980	0
334	365	26	-78	31	1427468980	0
4	365	26	-58	31	1427468980	0
368	365	26	-56	31	1427468980	0
333	365	26	-60	31	1427468980	0
359	365	26	-65	31	1427468980	0
3	333	26	-69	31	1427468981	0
5	333	26	-54	31	1427468981	0
363	333	26	-74	31	1427468981	0
356	333	26	-71	31	1427468981	0
369	333	26	-61	31	1427468981	0
2	333	26	-62	31	1427468981	0
334	333	26	-74	31	1427468981	0
4	333	26	-60	31	1427468981	0
368	333	26	-55	31	1427468981	0
365	333	26	-62	31	1427468981	0
359	333	26	-70	31	1427468981	0
3	359	26	-66	31	1427468983	0
363	359	26	-54	31	1427468983	0
356	359	26	-55	31	1427468983	0
369	359	26	-77	31	1427468983	0
2	359	26	-70	31	1427468983	0
334	359	26	-64	31	1427468983	0
4	359	26	-68	31	1427468983	0
368	359	26	-61	31	1427468983	0
365	359	26	-64	31	1427468983	0
333	359	26	-68	31	1427468983	0
